LLACx	LLACy	LLACz	LLGYx	LLGYy	LLGYz	LMACx	LMACy	LMACz	LMGYx	LMGYy	LMGYz	RLACx	RLACy	RLACz	RLGYx	RLGYy	RLGYz	RMACx	RMACy	RMACz	RMGYx	RMGYy	RMGYz
-90.00	-1040.00	170.00	-6.28	-1.46	8.23	-110.00	-930.00	0.00	-6.77	5.00	1.22	-70.00	-1050.00	240.00	-18.48	-1.34	-15.24	-160.00	-990.00	270.00	4.70	7.68	-22.50
120.00	-1020.00	210.00	0.61	-0.61	1.16	80.00	-920.00	0.00	-0.06	0.18	0.49	-10.00	-1040.00	150.00	-14.70	-2.99	-9.57	-100.00	-1010.00	250.00	-1.65	-1.65	0.98
130.00	-1020.00	210.00	0.49	-0.73	1.34	80.00	-920.00	10.00	-0.24	0.18	0.43	-20.00	-1030.00	150.00	0.30	1.65	-0.12	-100.00	-1010.00	250.00	-1.52	-1.59	0.85
130.00	-1020.00	210.00	0.43	-0.73	1.22	70.00	-920.00	10.00	-0.30	0.12	0.43	-20.00	-1030.00	160.00	0.30	1.52	0.06	-110.00	-1010.00	250.00	-1.59	-1.71	0.73
120.00	-1010.00	210.00	0.49	-0.85	1.10	80.00	-920.00	10.00	-0.37	0.00	0.43	-10.00	-1030.00	160.00	0.12	1.46	0.12	-110.00	-1010.00	240.00	-1.52	-1.46	0.85
130.00	-1020.00	210.00	0.30	-0.79	0.98	80.00	-930.00	10.00	-0.61	0.00	0.43	-10.00	-1040.00	160.00	0.06	1.40	0.18	-110.00	-1000.00	250.00	-1.71	-1.46	0.91
120.00	-1020.00	210.00	0.24	-0.98	0.91	80.00	-920.00	10.00	-0.79	-0.06	0.43	-10.00	-1030.00	150.00	0.12	1.34	0.18	-110.00	-1010.00	240.00	-1.59	-1.40	0.98
130.00	-1010.00	210.00	0.18	-1.04	0.85	80.00	-920.00	10.00	-0.98	-0.12	0.37	-10.00	-1040.00	160.00	0.18	1.28	0.00	-110.00	-1010.00	240.00	-1.40	-1.22	0.79
120.00	-1010.00	210.00	0.06	-1.10	0.79	80.00	-920.00	10.00	-0.98	0.00	0.30	-10.00	-1040.00	160.00	0.06	1.22	-0.18	-100.00	-1010.00	240.00	-1.28	-1.16	0.67
120.00	-1010.00	210.00	0.12	-1.16	0.73	80.00	-920.00	0.00	-1.04	0.06	0.24	-10.00	-1030.00	160.00	0.00	1.22	-0.49	-110.00	-1010.00	240.00	-1.04	-1.04	0.49
120.00	-1020.00	210.00	0.18	-1.10	0.79	80.00	-920.00	10.00	-0.85	-0.06	0.37	-10.00	-1040.00	160.00	-0.18	1.10	-0.61	-100.00	-1010.00	250.00	-0.98	-0.67	0.30
130.00	-1020.00	210.00	0.12	-1.10	0.98	80.00	-920.00	10.00	-0.61	0.00	0.55	-20.00	-1030.00	150.00	-0.24	1.10	-0.73	-110.00	-1010.00	250.00	-0.85	-0.49	0.18
120.00	-1020.00	210.00	0.12	-0.98	1.16	80.00	-920.00	10.00	-0.43	0.06	0.61	-10.00	-1030.00	160.00	-0.24	1.16	-0.73	-110.00	-1010.00	240.00	-0.79	-0.43	0.00
120.00	-1020.00	210.00	0.30	-0.91	1.34	80.00	-920.00	10.00	-0.37	0.12	0.67	-20.00	-1040.00	150.00	-0.37	1.22	-0.61	-110.00	-1010.00	240.00	-0.67	-0.37	-0.06
120.00	-1010.00	210.00	0.24	-0.85	1.40	80.00	-920.00	10.00	-0.24	0.06	0.79	-20.00	-1040.00	160.00	-0.30	1.34	-0.43	-110.00	-1010.00	240.00	-0.73	-0.37	0.06
130.00	-1020.00	210.00	0.24	-1.04	1.28	80.00	-920.00	0.00	-0.37	0.06	0.73	-10.00	-1040.00	160.00	-0.18	1.28	-0.24	-110.00	-1010.00	240.00	-0.79	-0.43	0.30
120.00	-1020.00	210.00	0.24	-1.04	1.28	80.00	-930.00	0.00	-0.43	0.06	0.73	-20.00	-1030.00	160.00	-0.30	1.16	-0.18	-110.00	-1010.00	240.00	-0.85	-0.43	0.37
130.00	-1020.00	210.00	0.18	-1.04	1.28	80.00	-920.00	0.00	-0.37	0.12	0.79	-10.00	-1040.00	150.00	-0.43	1.04	-0.18	-110.00	-1010.00	240.00	-0.85	-0.55	0.37
130.00	-1020.00	210.00	0.24	-0.98	1.34	80.00	-920.00	0.00	-0.49	0.12	0.79	-10.00	-1040.00	150.00	-0.37	0.91	-0.18	-110.00	-1010.00	240.00	-1.10	-0.49	0.49
130.00	-1020.00	200.00	0.30	-0.98	1.52	80.00	-920.00	10.00	-0.49	0.24	0.73	-10.00	-1040.00	150.00	-0.43	0.98	-0.12	-100.00	-1010.00	240.00	-1.28	-0.49	0.73
120.00	-1020.00	210.00	0.24	-0.85	1.52	80.00	-920.00	10.00	-0.43	0.30	0.73	-20.00	-1040.00	160.00	-0.37	0.98	-0.06	-110.00	-1010.00	240.00	-1.40	-0.49	0.79
120.00	-1020.00	200.00	0.18	-0.85	1.59	80.00	-920.00	10.00	-0.49	0.30	0.73	-10.00	-1040.00	150.00	-0.37	0.91	-0.12	-110.00	-1010.00	250.00	-1.28	-0.49	0.73
120.00	-1020.00	210.00	0.18	-0.85	1.65	70.00	-920.00	10.00	-0.55	0.24	0.79	-10.00	-1040.00	160.00	-0.43	0.85	-0.18	-100.00	-1010.00	240.00	-1.28	-0.49	0.67
130.00	-1020.00	210.00	0.12	-0.91	1.46	80.00	-930.00	10.00	-0.67	0.30	0.73	-20.00	-1040.00	160.00	-0.43	0.73	-0.12	-100.00	-1010.00	240.00	-1.40	-0.55	0.85
120.00	-1020.00	210.00	0.06	-0.91	1.40	80.00	-930.00	0.00	-0.79	0.24	0.61	-10.00	-1040.00	160.00	-0.49	0.61	-0.06	-100.00	-1010.00	250.00	-1.52	-0.49	0.79
120.00	-1020.00	200.00	0.12	-0.85	1.46	70.00	-920.00	10.00	-0.73	0.24	0.67	-10.00	-1040.00	160.00	-0.43	0.67	-0.18	-110.00	-1010.00	240.00	-1.40	-0.37	0.79
130.00	-1010.00	210.00	0.00	-0.85	1.46	80.00	-920.00	10.00	-0.61	0.30	0.55	-10.00	-1040.00	160.00	-0.30	0.61	-0.30	-100.00	-1010.00	250.00	-1.34	-0.37	0.55
120.00	-1020.00	210.00	0.06	-0.85	1.40	70.00	-920.00	10.00	-0.61	0.24	0.61	-10.00	-1040.00	150.00	-0.30	0.61	-0.43	-100.00	-1010.00	250.00	-1.22	-0.12	0.43
120.00	-1020.00	210.00	0.06	-0.85	1.40	70.00	-930.00	10.00	-0.67	0.18	0.55	-10.00	-1030.00	150.00	-0.30	0.49	-0.49	-110.00	-1010.00	240.00	-1.16	0.00	0.24
120.00	-1020.00	210.00	0.00	-0.91	1.34	80.00	-930.00	0.00	-0.73	0.06	0.49	-20.00	-1040.00	150.00	-0.37	0.49	-0.67	-110.00	-1010.00	240.00	-0.98	0.24	0.00
120.00	-1010.00	200.00	0.06	-0.91	1.28	80.00	-920.00	10.00	-0.73	0.18	0.55	-10.00	-1040.00	160.00	-0.55	0.49	-0.91	-110.00	-1010.00	240.00	-0.67	0.24	-0.24
120.00	-1020.00	210.00	0.18	-0.85	1.34	80.00	-930.00	10.00	-0.55	0.18	0.61	-10.00	-1030.00	160.00	-0.49	0.43	-0.98	-110.00	-1010.00	240.00	-0.37	0.12	-0.24
130.00	-1010.00	210.00	0.18	-0.85	1.34	80.00	-920.00	10.00	-0.49	0.18	0.61	-10.00	-1030.00	160.00	-0.43	0.49	-1.10	-110.00	-1010.00	240.00	-0.55	0.12	-0.18
120.00	-1020.00	210.00	0.18	-0.73	1.46	80.00	-920.00	10.00	-0.49	0.24	0.61	-20.00	-1040.00	150.00	-0.61	0.61	-0.98	-110.00	-1010.00	240.00	-0.55	0.06	-0.24
120.00	-1020.00	210.00	0.30	-0.91	1.40	70.00	-920.00	0.00	-0.55	0.18	0.67	-10.00	-1030.00	160.00	-0.61	0.37	-0.73	-110.00	-1000.00	240.00	-0.73	-0.06	0.06
120.00	-1020.00	200.00	0.30	-0.91	1.40	80.00	-920.00	10.00	-0.55	0.18	0.61	-10.00	-1040.00	150.00	-0.73	0.55	-0.61	-110.00	-1010.00	240.00	-0.79	-0.06	0.12
120.00	-1020.00	210.00	0.18	-0.98	1.28	80.00	-920.00	10.00	-0.49	0.06	0.67	-10.00	-1040.00	150.00	-0.79	0.67	-0.61	-100.00	-1010.00	240.00	-0.73	-0.18	0.12
130.00	-1010.00	200.00	0.18	-0.98	1.28	80.00	-920.00	0.00	-0.49	-0.06	0.67	-10.00	-1040.00	160.00	-0.67	0.61	-0.67	-100.00	-1010.00	240.00	-0.67	-0.12	0.00
120.00	-1020.00	210.00	0.18	-0.98	1.28	70.00	-920.00	10.00	-0.49	0.06	0.67	-10.00	-1030.00	150.00	-0.73	0.55	-0.73	-100.00	-1010.00	250.00	-0.67	0.06	-0.06
120.00	-1020.00	210.00	0.30	-0.98	1.22	70.00	-920.00	10.00	-0.43	0.12	0.73	-10.00	-1040.00	160.00	-0.79	0.73	-0.79	-100.00	-1010.00	240.00	-0.61	0.00	-0.18
130.00	-1020.00	210.00	0.43	-0.98	1.28	80.00	-920.00	10.00	-0.30	0.18	0.73	-10.00	-1040.00	160.00	-0.73	0.79	-0.91	-100.00	-1010.00	240.00	-0.49	0.00	-0.12
120.00	-1010.00	210.00	0.24	-0.98	1.28	70.00	-920.00	0.00	-0.37	0.18	0.67	-10.00	-1040.00	160.00	-0.73	0.73	-0.79	-100.00	-1000.00	240.00	-0.55	-0.18	-0.12
120.00	-1010.00	210.00	0.49	-0.85	1.28	70.00	-920.00	0.00	-0.37	0.18	0.67	-20.00	-1040.00	160.00	-0.73	0.73	-0.49	-110.00	-1010.00	240.00	-0.67	-0.37	0.06
120.00	-1020.00	210.00	0.61	-0.85	1.16	80.00	-920.00	0.00	-0.37	0.12	0.73	-10.00	-1040.00	150.00	-0.55	0.67	-0.30	-110.00	-1010.00	240.00	-0.61	-0.37	0.06
130.00	-1010.00	200.00	0.43	-0.98	1.10	70.00	-920.00	0.00	-0.43	0.06	0.73	-10.00	-1040.00	160.00	-0.55	0.55	-0.30	-110.00	-1010.00	240.00	-0.67	-0.37	0.06
120.00	-1020.00	200.00	0.30	-0.98	1.04	70.00	-920.00	10.00	-0.37	-0.06	0.67	-10.00	-1040.00	150.00	-0.49	0.67	-0.30	-110.00	-1010.00	250.00	-0.67	-0.43	0.18
120.00	-1020.00	210.00	0.37	-0.98	1.04	70.00	-920.00	10.00	-0.37	0.00	0.61	-10.00	-1030.00	150.00	-0.43	0.67	-0.30	-100.00	-1000.00	250.00	-0.55	-0.49	0.12
130.00	-1020.00	210.00	0.43	-0.98	1.04	80.00	-920.00	0.00	-0.30	0.00	0.55	-10.00	-1040.00	160.00	-0.37	0.55	-0.24	-100.00	-1010.00	250.00	-0.61	-0.30	0.12
120.00	-1020.00	200.00	0.30	-0.98	0.98	70.00	-920.00	0.00	-0.37	0.00	0.61	-10.00	-1040.00	160.00	-0.18	0.55	-0.30	-100.00	-1010.00	240.00	-0.61	-0.30	0.12
120.00	-1020.00	200.00	0.37	-0.91	0.91	80.00	-930.00	0.00	-0.43	0.12	0.61	-10.00	-1040.00	160.00	-0.18	0.61	-0.30	-110.00	-1010.00	240.00	-0.55	-0.43	0.06
120.00	-1010.00	210.00	0.43	-1.04	0.91	70.00	-920.00	10.00	-0.37	0.12	0.49	-10.00	-1040.00	150.00	-0.30	0.67	-0.06	-100.00	-1010.00	240.00	-0.67	-0.55	0.43
120.00	-1020.00	210.00	0.30	-0.98	0.79	80.00	-920.00	10.00	-0.43	0.06	0.49	-10.00	-1040.00	160.00	-0.18	0.61	0.18	-100.00	-1010.00	240.00	-0.67	-0.55	0.43
120.00	-1020.00	210.00	0.37	-1.04	0.79	80.00	-920.00	10.00	-0.43	-0.06	0.43	-10.00	-1040.00	160.00	-0.24	0.73	0.30	-100.00	-1010.00	250.00	-0.85	-0.67	0.55
120.00	-1020.00	210.00	0.37	-1.04	0.79	70.00	-920.00	0.00	-0.43	-0.06	0.43	-10.00	-1040.00	150.00	-0.18	0.67	0.37	-100.00	-1010.00	240.00	-0.79	-0.61	0.43
120.00	-1020.00	210.00	0.37	-1.04	0.79	80.00	-920.00	10.00	-0.43	0.00	0.43	-10.00	-1040.00	160.00	-0.12	0.61	0.24	-100.00	-1010.00	240.00	-0.79	-0.61	0.43
120.00	-1020.00	210.00	0.49	-0.91	0.67	70.00	-920.00	0.00	-0.55	-0.06	0.43	-10.00	-1040.00	160.00	-0.24	0.55	0.00	-110.00	-1010.00	250.00	-0.79	-0.43	0.30
120.00	-1010.00	200.00	0.43	-0.98	0.67	70.00	-920.00	10.00	-0.49	-0.06	0.43	-10.00	-1040.00	160.00	-0.18	0.55	-0.24	-110.00	-1010.00	240.00	-0.73	-0.30	0.24
120.00	-1020.00	210.00	0.43	-0.98	0.67	70.00	-920.00	10.00	-0.30	-0.06	0.30	-0.00	-1040.00	150.00	-0.12	0.49	-0.18	-110.00	-1010.00	240.00	-0.55	-0.37	0.24
120.00	-1020.00	200.00	0.43	-0.98	0.67	80.00	-930.00	10.00	-0.30	0.00	0.30	-10.00	-1040.00	160.00	-0.24	0.49	0.00	-110.00	-1010.00	250.00	-0.61	-0.55	0.30
120.00	-1020.00	210.00	0.49	-0.91	0.85	80.00	-920.00	10.00	-0.18	0.00	0.30	-20.00	-1030.00	150.00	0.00	0.61	0.24	-110.00	-1010.00	250.00	-0.67	-0.55	0.24
120.00	-1010.00	210.00	0.49	-0.91	0.85	80.00	-920.00	0.00	-0.12	0.06	0.30	-10.00	-1040.00	150.00	0.06	0.55	0.24	-110.00	-1010.00	240.00	-0.67	-0.49	0.24
120.00	-1010.00	210.00	0.49	-0.91	0.85	70.00	-920.00	10.00	-0.06	0.06	0.30	-10.00	-1040.00	150.00	0.06	0.67	0.24	-110.00	-1000.00	240.00	-0.67	-0.55	0.18
120.00	-1010.00	210.00	0.55	-0.67	1.04	70.00	-920.00	0.00	-0.06	0.00	0.37	-10.00	-1030.00	160.00	-0.06	0.67	0.12	-110.00	-1010.00	240.00	-0.61	-0.55	0.18
120.00	-1020.00	200.00	0.37	-0.49	1.04	80.00	-920.00	10.00	-0.12	0.00	0.37	-10.00	-1030.00	160.00	-0.24	0.73	-0.06	-100.00	-1010.00	240.00	-0.55	-0.55	0.24
120.00	-1020.00	200.00	0.37	-0.49	1.04	70.00	-920.00	0.00	-0.18	0.06	0.43	-10.00	-1040.00	160.00	-0.30	0.73	0.12	-110.00	-1010.00	240.00	-0.61	-0.49	0.37
120.00	-1020.00	200.00	0.37	-0.49	1.04	80.00	-920.00	10.00	-0.06	0.24	0.37	-10.00	-1040.00	150.00	-0.24	0.91	0.24	-110.00	-1010.00	240.00	-0.79	-0.55	0.49
130.00	-1020.00	200.00	0.55	-0.73	0.91	80.00	-920.00	0.00	-0.06	0.18	0.43	-10.00	-1040.00	150.00	-0.12	0.85	0.43	-100.00	-1010.00	240.00	-0.73	-0.61	0.55
130.00	-1020.00	200.00	0.55	-0.73	0.91	80.00	-920.00	0.00	-0.12	0.30	0.43	-10.00	-1040.00	150.00	0.06	0.67	0.55	-110.00	-1010.00	250.00	-0.79	-0.55	0.55
130.00	-1020.00	200.00	0.55	-0.73	0.91	80.00	-920.00	10.00	-0.06	0.37	0.37	-10.00	-1040.00	160.00	0.24	0.43	0.61	-100.00	-1010.00	250.00	-0.85	-0.67	0.67
120.00	-1020.00	210.00	0.12	-1.16	0.43	70.00	-920.00	0.00	0.00	0.37	0.30	-10.00	-1040.00	150.00	0.24	0.55	0.67	-100.00	-1010.00	240.00	-0.85	-0.55	0.67
120.00	-1010.00	200.00	0.43	-0.91	0.37	70.00	-930.00	10.00	0.12	0.37	0.24	-10.00	-1040.00	150.00	0.00	0.79	0.49	-110.00	-1010.00	240.00	-0.73	-0.55	0.61
120.00	-1010.00	200.00	0.43	-0.91	0.37	80.00	-920.00	10.00	-0.12	0.37	0.18	-10.00	-1040.00	160.00	0.12	0.43	0.43	-110.00	-1010.00	240.00	-0.73	-0.67	0.67
120.00	-1010.00	200.00	0.43	-0.91	0.85	70.00	-920.00	10.00	-0.06	0.37	0.24	-10.00	-1040.00	160.00	0.37	0.37	0.43	-100.00	-1010.00	240.00	-0.79	-0.43	0.67
120.00	-1020.00	210.00	0.37	-0.98	0.79	80.00	-920.00	0.00	-0.24	0.24	0.30	-10.00	-1040.00	150.00	0.24	0.49	0.49	-100.00	-1010.00	240.00	-0.73	-0.43	0.43
130.00	-1020.00	210.00	0.37	-0.98	0.79	70.00	-920.00	10.00	-0.37	-0.06	0.30	-20.00	-1030.00	150.00	0.06	0.43	0.30	-100.00	-1010.00	240.00	-0.55	-0.49	0.18
130.00	-1020.00	210.00	0.43	-0.85	0.79	70.00	-920.00	10.00	-0.30	-0.12	0.12	-10.00	-1040.00	150.00	0.06	0.37	0.06	-100.00	-1010.00	240.00	-0.67	-0.49	0.24
120.00	-1010.00	210.00	0.49	-0.91	0.73	70.00	-920.00	0.00	-0.49	-0.06	0.00	-10.00	-1040.00	150.00	0.00	0.37	0.12	-110.00	-1010.00	240.00	-0.73	-0.55	0.43
120.00	-1020.00	210.00	0.49	-0.91	0.73	80.00	-920.00	10.00	-0.61	0.06	0.00	-10.00	-1040.00	150.00	-0.06	0.55	0.18	-110.00	-1000.00	240.00	-0.73	-0.55	0.43
120.00	-1010.00	210.00	0.18	-1.22	0.73	70.00	-920.00	0.00	-0.61	0.24	0.00	-10.00	-1040.00	150.00	0.12	0.49	0.30	-110.00	-1000.00	240.00	-0.79	-0.49	0.18
120.00	-1020.00	210.00	0.18	-1.22	0.73	80.00	-930.00	10.00	-0.49	0.30	-0.12	-20.00	-1040.00	160.00	0.06	0.55	0.30	-100.00	-1000.00	240.00	-0.79	-0.49	0.18
130.00	-1020.00	210.00	0.18	-1.22	0.73	80.00	-920.00	10.00	-0.49	0.24	0.06	-20.00	-1040.00	150.00	-0.12	0.67	0.24	-100.00	-1010.00	240.00	-0.73	-0.37	0.06
130.00	-1020.00	210.00	0.24	-1.22	0.73	80.00	-920.00	10.00	-0.37	0.18	0.37	-10.00	-1040.00	150.00	-0.06	0.55	0.12	-110.00	-1010.00	240.00	-0.55	-0.06	-0.12
120.00	-1020.00	200.00	0.43	-1.28	0.73	80.00	-920.00	0.00	-0.61	0.06	0.30	-10.00	-1040.00	160.00	-0.43	0.67	-0.24	-100.00	-1010.00	240.00	-0.55	-0.12	-0.24
120.00	-1020.00	210.00	0.37	-1.10	0.73	80.00	-920.00	10.00	-0.73	0.00	0.37	-10.00	-1040.00	160.00	-0.49	0.67	-0.37	-110.00	-1010.00	240.00	-0.55	-0.12	-0.24
120.00	-1020.00	210.00	0.37	-1.10	0.73	80.00	-920.00	0.00	-0.85	-0.06	0.43	-10.00	-1040.00	160.00	-0.61	0.49	-0.49	-110.00	-1010.00	240.00	-0.43	-0.12	-0.30
130.00	-1010.00	200.00	0.43	-1.10	0.85	80.00	-920.00	10.00	-0.73	0.00	0.37	-10.00	-1030.00	160.00	-0.61	0.49	-0.49	-110.00	-1010.00	240.00	-0.43	-0.12	-0.24
120.00	-1020.00	210.00	0.24	-1.04	0.79	80.00	-920.00	0.00	-0.79	-0.06	0.30	-10.00	-1040.00	150.00	-0.55	0.61	-0.43	-110.00	-1010.00	240.00	-0.43	-0.12	-0.24
120.00	-1020.00	210.00	0.30	-1.10	0.55	80.00	-930.00	10.00	-0.85	0.06	0.37	-10.00	-1040.00	160.00	-0.67	0.55	-0.30	-100.00	-1010.00	240.00	-0.37	0.06	-0.30
120.00	-1020.00	210.00	0.30	-1.10	0.55	70.00	-930.00	10.00	-0.98	0.18	0.37	-10.00	-1040.00	160.00	-0.73	0.55	-0.24	-100.00	-1010.00	240.00	-0.43	-0.12	-0.30
120.00	-1020.00	210.00	0.24	-1.10	0.49	80.00	-920.00	0.00	-0.91	0.18	0.30	-10.00	-1040.00	150.00	-0.85	0.61	-0.37	-110.00	-1010.00	250.00	-0.43	-0.12	-0.30
130.00	-1020.00	210.00	0.18	-1.16	0.61	70.00	-920.00	10.00	-0.73	0.12	0.49	-10.00	-1040.00	150.00	-0.98	0.61	-0.37	-110.00	-1010.00	240.00	-0.43	-0.24	-0.18
130.00	-1020.00	210.00	0.18	-1.16	0.61	70.00	-920.00	10.00	-0.79	0.06	0.43	-10.00	-1040.00	150.00	-0.91	0.67	-0.43	-110.00	-1010.00	240.00	-0.43	-0.24	-0.18
130.00	-1020.00	200.00	0.30	-1.22	0.55	80.00	-920.00	0.00	-0.79	0.00	0.43	-10.00	-1040.00	150.00	-0.98	0.79	-0.43	-100.00	-1010.00	240.00	-0.37	-0.18	-0.18
120.00	-1020.00	200.00	0.30	-1.22	0.55	70.00	-920.00	10.00	-0.67	-0.18	0.55	-10.00	-1030.00	150.00	-1.04	0.73	-0.37	-110.00	-1010.00	240.00	-0.30	-0.37	-0.06
130.00	-1020.00	210.00	0.30	-1.04	0.61	70.00	-920.00	10.00	-0.67	-0.12	0.55	-10.00	-1040.00	150.00	-1.10	0.73	-0.30	-110.00	-1010.00	240.00	-0.30	-0.37	-0.06
130.00	-1020.00	210.00	0.30	-1.04	0.61	80.00	-920.00	10.00	-0.61	-0.06	0.49	-20.00	-1040.00	160.00	-1.04	0.85	-0.24	-110.00	-1010.00	240.00	-0.18	-0.24	-0.24
120.00	-1020.00	200.00	0.18	-0.98	0.67	80.00	-920.00	0.00	-0.67	0.00	0.55	-10.00	-1040.00	160.00	-0.98	0.98	-0.30	-100.00	-1010.00	250.00	-0.18	-0.24	-0.24
120.00	-1020.00	210.00	0.24	-1.04	0.85	80.00	-920.00	0.00	-0.61	0.06	0.37	-10.00	-1040.00	150.00	-0.98	1.04	-0.12	-100.00	-1010.00	250.00	-0.18	-0.30	-0.18
120.00	-1020.00	210.00	0.24	-1.04	0.85	80.00	-930.00	0.00	-0.67	-0.06	0.24	-10.00	-1030.00	150.00	-0.85	0.79	0.06	-110.00	-1010.00	250.00	-0.49	-0.37	0.18
120.00	-1020.00	210.00	0.24	-0.98	0.91	80.00	-920.00	0.00	-0.73	-0.06	0.43	-10.00	-1040.00	150.00	-0.85	0.73	-0.12	-110.00	-1010.00	250.00	-0.49	-0.37	0.18
120.00	-1020.00	210.00	0.12	-1.04	0.98	80.00	-920.00	0.00	-0.73	-0.12	0.43	-10.00	-1040.00	160.00	-0.73	0.79	-0.06	-100.00	-1010.00	240.00	-0.55	-0.24	0.00
120.00	-1020.00	210.00	0.24	-1.10	0.85	80.00	-920.00	0.00	-0.61	-0.24	0.30	-10.00	-1040.00	150.00	-0.73	0.73	-0.12	-100.00	-1010.00	240.00	-0.73	-0.30	0.24
130.00	-1020.00	200.00	0.12	-1.10	0.91	80.00	-930.00	0.00	-0.85	-0.30	0.30	-10.00	-1040.00	150.00	-0.85	0.79	-0.24	-110.00	-1010.00	250.00	-0.73	-0.30	0.24
130.00	-1020.00	200.00	0.12	-1.10	0.91	70.00	-920.00	0.00	-0.85	-0.12	0.37	-10.00	-1040.00	150.00	-0.98	0.79	-0.30	-100.00	-1010.00	240.00	-1.04	-0.37	0.30
130.00	-1020.00	200.00	0.30	-1.10	0.73	80.00	-920.00	10.00	-0.91	-0.24	0.37	-20.00	-1040.00	160.00	-0.79	0.73	-0.06	-100.00	-1010.00	240.00	-0.79	-0.18	0.24
120.00	-1010.00	200.00	0.49	-0.91	0.61	80.00	-920.00	0.00	-0.79	-0.18	0.37	-10.00	-1040.00	150.00	-0.61	0.61	0.18	-100.00	-1010.00	240.00	-0.79	-0.18	0.24
120.00	-1020.00	200.00	0.49	-0.91	0.61	80.00	-920.00	-0.00	-0.73	-0.18	0.37	-10.00	-1040.00	150.00	-0.37	0.43	0.12	-110.00	-1000.00	240.00	-0.73	-0.12	0.00
120.00	-1020.00	200.00	0.37	-0.85	0.79	80.00	-920.00	10.00	-0.91	-0.12	0.37	-10.00	-1040.00	150.00	-0.37	0.43	0.12	-110.00	-1010.00	240.00	-0.67	-0.06	-0.06
130.00	-1020.00	210.00	0.30	-0.91	0.98	80.00	-920.00	0.00	-0.91	0.06	0.30	-10.00	-1030.00	150.00	-0.43	0.43	0.00	-100.00	-1010.00	240.00	-0.67	-0.06	-0.06
130.00	-1020.00	210.00	0.30	-0.91	0.98	80.00	-920.00	10.00	-0.91	0.12	0.24	-10.00	-1040.00	150.00	-0.43	0.37	-0.12	-100.00	-1010.00	240.00	-0.24	0.30	-0.37
120.00	-1020.00	210.00	0.30	-0.85	1.16	70.00	-920.00	0.00	-1.04	0.06	0.24	-10.00	-1040.00	150.00	-0.61	0.43	-0.12	-100.00	-1010.00	240.00	-0.24	0.30	-0.37
120.00	-1020.00	210.00	0.30	-0.85	1.16	70.00	-920.00	10.00	-1.04	0.06	0.30	-10.00	-1040.00	150.00	-0.49	0.49	0.06	-110.00	-1010.00	240.00	-0.30	0.24	-0.24
120.00	-1020.00	210.00	0.43	-0.91	1.22	80.00	-920.00	10.00	-0.85	0.06	0.43	-10.00	-1030.00	150.00	-0.43	0.43	0.18	-110.00	-1010.00	240.00	-0.61	0.18	-0.24
130.00	-1020.00	210.00	0.43	-0.91	1.22	80.00	-920.00	10.00	-0.91	0.00	0.49	-10.00	-1040.00	150.00	-0.49	0.49	0.24	-110.00	-1010.00	240.00	-0.61	0.18	-0.24
130.00	-1020.00	200.00	0.37	-0.91	1.34	80.00	-920.00	0.00	-1.04	0.00	0.37	-10.00	-1040.00	160.00	-0.49	0.49	0.18	-100.00	-1010.00	250.00	-0.55	0.24	-0.18
130.00	-1020.00	200.00	0.37	-0.91	1.34	80.00	-920.00	-0.00	-0.98	0.00	0.43	-20.00	-1030.00	150.00	-0.61	0.37	-0.06	-110.00	-1010.00	240.00	-0.43	0.49	-0.43
130.00	-1020.00	200.00	0.43	-0.98	1.40	80.00	-920.00	0.00	-0.85	0.00	0.55	-10.00	-1040.00	150.00	-0.67	0.49	-0.24	-110.00	-1010.00	240.00	-0.43	0.49	-0.43
130.00	-1020.00	200.00	0.37	-0.91	1.59	80.00	-920.00	0.00	-1.04	-0.18	0.49	-10.00	-1030.00	160.00	-0.67	0.30	-0.37	-110.00	-1010.00	240.00	-0.12	0.37	-0.67
130.00	-1020.00	200.00	0.37	-0.91	1.59	80.00	-920.00	-0.00	-0.79	-0.18	0.49	-20.00	-1040.00	150.00	-0.79	0.30	-0.43	-110.00	-1010.00	240.00	-0.12	0.37	-0.67
130.00	-1020.00	200.00	0.30	-0.98	1.52	80.00	-920.00	0.00	-0.79	-0.12	0.43	-20.00	-1040.00	150.00	-0.73	0.30	-0.43	-110.00	-1010.00	240.00	-0.12	0.37	-0.67
120.00	-1020.00	200.00	0.30	-0.98	1.52	80.00	-930.00	0.00	-1.10	0.00	0.43	-20.00	-1040.00	150.00	-0.67	0.24	-0.55	-110.00	-1010.00	240.00	0.00	0.37	-0.79
130.00	-1020.00	210.00	0.18	-0.98	1.40	80.00	-920.00	-0.00	-1.04	0.00	0.43	-20.00	-1040.00	150.00	-0.61	0.18	-0.49	-110.00	-1010.00	240.00	0.30	0.30	-0.85
130.00	-1020.00	210.00	0.18	-0.98	1.40	70.00	-920.00	0.00	-0.91	0.00	0.43	-20.00	-1030.00	150.00	-0.61	0.37	-0.37	-100.00	-1010.00	240.00	0.30	0.30	-0.85
120.00	-1020.00	210.00	0.18	-0.98	1.40	70.00	-920.00	10.00	-0.79	0.00	0.55	-10.00	-1040.00	150.00	-0.61	0.49	-0.24	-100.00	-1010.00	240.00	0.30	0.30	-0.85
120.00	-1020.00	210.00	0.24	-1.04	1.40	80.00	-920.00	0.00	-0.67	0.06	0.55	-10.00	-1040.00	150.00	-0.67	0.55	-0.37	-100.00	-1010.00	240.00	0.00	-0.12	-0.30
120.00	-1020.00	200.00	0.43	-0.79	1.40	80.00	-920.00	0.00	-0.61	0.12	0.61	-10.00	-1030.00	150.00	-0.73	0.49	-0.43	-110.00	-1010.00	240.00	-0.49	-0.30	-0.06
120.00	-1020.00	200.00	0.18	-0.79	1.65	80.00	-920.00	10.00	-0.61	0.12	0.67	-10.00	-1040.00	150.00	-0.73	0.61	-0.67	-100.00	-1010.00	240.00	-0.49	-0.30	-0.06
130.00	-1020.00	200.00	0.30	-0.73	1.83	80.00	-920.00	-0.00	-0.67	0.12	0.67	-10.00	-1040.00	150.00	-0.91	0.79	-0.98	-100.00	-1010.00	240.00	-0.55	-0.37	0.18
130.00	-1010.00	200.00	0.18	-0.79	1.77	80.00	-920.00	0.00	-0.61	0.06	0.67	-20.00	-1040.00	150.00	-1.10	0.85	-1.16	-100.00	-1010.00	240.00	-0.61	-0.24	0.12
130.00	-1010.00	200.00	0.18	-0.73	1.59	80.00	-930.00	10.00	-0.67	0.12	0.73	-20.00	-1040.00	150.00	-1.04	0.67	-1.04	-100.00	-1010.00	240.00	-0.61	-0.24	0.12
120.00	-1020.00	200.00	0.37	-0.73	1.40	80.00	-920.00	0.00	-0.79	0.18	0.85	-10.00	-1040.00	150.00	-0.98	0.73	-1.04	-100.00	-1010.00	240.00	-0.61	-0.24	0.12
120.00	-1020.00	200.00	0.37	-0.73	1.40	80.00	-920.00	0.00	-0.67	0.24	0.85	-10.00	-1040.00	150.00	-0.98	0.79	-1.10	-100.00	-1010.00	240.00	-0.73	-0.18	0.24
120.00	-1020.00	200.00	0.30	-0.73	1.16	80.00	-930.00	0.00	-0.73	0.24	0.85	-20.00	-1030.00	150.00	-0.98	0.98	-1.10	-100.00	-1010.00	240.00	-1.04	-0.55	0.73
120.00	-1020.00	200.00	0.30	-0.73	1.16	80.00	-920.00	0.00	-0.55	0.06	0.79	-10.00	-1040.00	150.00	-1.16	1.10	-1.16	-100.00	-1010.00	240.00	-1.04	-0.49	0.61
120.00	-1020.00	200.00	0.18	-0.73	1.04	70.00	-920.00	0.00	-0.37	0.00	0.91	-10.00	-1040.00	150.00	-1.22	1.16	-1.10	-100.00	-1010.00	240.00	-1.04	-0.49	0.61
120.00	-1010.00	210.00	0.43	-0.79	0.98	80.00	-930.00	-0.00	-0.49	-0.06	0.85	-10.00	-1030.00	150.00	-1.28	1.10	-0.85	-100.00	-1010.00	240.00	-0.85	-0.30	0.37
120.00	-1020.00	200.00	0.43	-0.79	0.98	80.00	-920.00	0.00	-0.55	-0.06	0.85	-10.00	-1040.00	150.00	-1.16	1.04	-0.37	-100.00	-1010.00	240.00	-0.79	-0.37	0.24
120.00	-1020.00	200.00	0.49	-0.73	1.10	80.00	-930.00	0.00	-0.61	-0.12	0.73	-10.00	-1040.00	150.00	-1.04	1.04	-0.12	-110.00	-1010.00	240.00	-0.79	-0.24	0.12
120.00	-1020.00	200.00	0.43	-0.67	1.04	80.00	-920.00	0.00	-0.67	-0.06	0.73	-10.00	-1040.00	150.00	-0.91	1.04	-0.12	-110.00	-1010.00	240.00	-0.79	-0.24	0.12
120.00	-1020.00	200.00	0.49	-0.67	0.91	80.00	-930.00	-0.00	-0.67	-0.06	0.79	-20.00	-1040.00	150.00	-0.98	1.04	-0.24	-110.00	-1010.00	240.00	-0.67	0.00	0.00
120.00	-1020.00	210.00	0.49	-0.67	0.91	80.00	-920.00	10.00	-0.79	0.12	0.61	-10.00	-1040.00	150.00	-0.98	1.04	-0.37	-100.00	-1010.00	240.00	-0.67	0.12	-0.06
130.00	-1020.00	210.00	0.49	-0.67	0.91	70.00	-920.00	0.00	-0.67	0.12	0.73	-10.00	-1040.00	160.00	-1.04	0.98	-0.30	-110.00	-1010.00	250.00	-0.67	0.12	-0.06
120.00	-1020.00	200.00	0.55	-0.79	0.73	70.00	-920.00	0.00	-0.67	0.12	0.73	-10.00	-1040.00	150.00	-0.91	0.91	-0.06	-110.00	-1010.00	250.00	-0.67	-0.06	-0.12
120.00	-1020.00	200.00	0.55	-0.79	0.73	80.00	-920.00	0.00	-0.61	0.18	0.79	-10.00	-1040.00	140.00	-0.73	0.61	0.24	-110.00	-1010.00	250.00	-0.18	0.12	-0.49
120.00	-1020.00	200.00	0.67	-0.73	0.61	70.00	-930.00	0.00	-0.61	0.18	0.73	-10.00	-1030.00	150.00	-0.67	0.67	0.43	-110.00	-1010.00	240.00	-0.18	0.37	-0.67
120.00	-1020.00	200.00	0.61	-0.85	0.55	80.00	-920.00	0.00	-0.61	0.12	0.73	-10.00	-1040.00	150.00	-0.79	0.67	0.24	-110.00	-1000.00	240.00	-0.18	0.37	-0.67
120.00	-1020.00	200.00	0.61	-0.85	0.49	80.00	-920.00	0.00	-0.49	0.12	0.67	-10.00	-1040.00	140.00	-0.73	0.49	0.12	-110.00	-1000.00	240.00	-0.67	-0.49	0.37
120.00	-1020.00	200.00	0.61	-0.85	0.49	80.00	-920.00	-0.00	-0.43	0.06	0.67	-0.00	-1030.00	150.00	-0.61	0.55	-0.06	-100.00	-1010.00	250.00	-0.67	-0.55	0.49
120.00	-1020.00	200.00	0.67	-0.85	0.37	80.00	-930.00	0.00	-0.43	0.06	0.55	-10.00	-1040.00	150.00	-0.61	0.61	-0.06	-100.00	-1010.00	240.00	-0.67	-0.55	0.49
130.00	-1020.00	200.00	0.79	-0.79	0.24	80.00	-920.00	-0.00	-0.61	0.06	0.43	-10.00	-1040.00	150.00	-0.49	0.61	-0.12	-100.00	-1010.00	240.00	-0.55	-0.37	0.30
130.00	-1020.00	200.00	0.73	-0.73	0.18	80.00	-920.00	-0.00	-0.55	0.06	0.43	-10.00	-1040.00	150.00	-0.49	0.55	0.00	-100.00	-1010.00	250.00	-0.61	-0.30	0.18
120.00	-1010.00	210.00	0.73	-0.73	0.18	70.00	-920.00	-0.00	-0.61	-0.06	0.43	-10.00	-1040.00	150.00	-0.49	0.49	0.00	-100.00	-1010.00	240.00	-0.49	-0.18	0.00
120.00	-1020.00	200.00	0.79	-0.79	0.18	80.00	-920.00	-0.00	-0.49	-0.06	0.37	-10.00	-1030.00	140.00	-0.49	0.49	0.00	-100.00	-1010.00	240.00	-0.49	-0.18	0.00
120.00	-1020.00	210.00	0.73	-0.85	0.24	80.00	-920.00	0.00	-0.43	0.00	0.30	-10.00	-1040.00	150.00	-0.67	0.55	-0.18	-100.00	-1010.00	240.00	-0.37	-0.18	-0.06
130.00	-1020.00	200.00	0.73	-0.85	0.24	80.00	-920.00	0.00	-0.49	0.06	0.30	-10.00	-1040.00	150.00	-0.79	0.55	-0.49	-100.00	-1010.00	250.00	-0.37	-0.18	-0.06
130.00	-1020.00	200.00	0.61	-0.79	0.30	70.00	-920.00	-0.00	-0.49	0.18	0.37	-10.00	-1030.00	150.00	-0.91	0.55	-0.55	-100.00	-1010.00	240.00	-0.49	-0.24	0.00
120.00	-1020.00	200.00	0.85	-0.61	0.30	80.00	-920.00	0.00	-0.30	0.06	0.18	-10.00	-1040.00	150.00	-0.98	0.55	-0.55	-100.00	-1010.00	240.00	-0.49	-0.24	0.00
120.00	-1020.00	200.00	0.85	-0.61	0.30	80.00	-920.00	0.00	-0.37	0.12	0.18	-10.00	-1040.00	150.00	-0.91	0.67	-0.55	-100.00	-1010.00	240.00	-0.49	-0.37	0.00
120.00	-1020.00	210.00	0.79	-0.49	0.43	70.00	-920.00	0.00	-0.30	0.24	0.12	-10.00	-1040.00	150.00	-0.91	0.73	-0.55	-110.00	-1010.00	250.00	-0.49	-0.30	-0.12
120.00	-1020.00	210.00	0.79	-0.61	0.55	80.00	-920.00	0.00	-0.37	0.00	0.06	-10.00	-1040.00	150.00	-0.91	0.67	-0.79	-110.00	-1010.00	250.00	-0.49	-0.30	-0.12
120.00	-1020.00	210.00	0.79	-0.61	0.55	80.00	-920.00	-0.00	-0.43	-0.06	0.18	-10.00	-1040.00	150.00	-0.91	0.61	-0.91	-100.00	-1010.00	250.00	-0.43	-0.37	-0.06
120.00	-1020.00	200.00	0.79	-0.73	0.43	80.00	-930.00	0.00	-0.18	-0.06	0.18	-10.00	-1030.00	140.00	-1.04	0.73	-1.04	-100.00	-1010.00	250.00	-0.43	-0.37	-0.06
130.00	-1020.00	200.00	0.73	-0.73	0.49	80.00	-920.00	-0.00	-0.18	-0.06	0.18	-10.00	-1040.00	150.00	-1.16	0.79	-1.10	-100.00	-1010.00	240.00	-0.49	-0.30	0.12
130.00	-1020.00	200.00	0.79	-0.79	0.55	70.00	-920.00	0.00	-0.06	0.00	0.18	-10.00	-1040.00	140.00	-1.16	0.73	-1.16	-100.00	-1010.00	240.00	-0.49	-0.30	0.12
130.00	-1020.00	200.00	0.79	-0.79	0.55	70.00	-920.00	0.00	0.06	0.00	0.12	-10.00	-1040.00	150.00	-0.85	0.55	-0.79	-100.00	-1010.00	240.00	-0.91	-0.49	0.67
120.00	-1020.00	200.00	0.55	-0.79	0.85	80.00	-920.00	-0.00	0.00	-0.06	0.12	-10.00	-1040.00	150.00	-0.55	0.55	-0.30	-100.00	-1010.00	250.00	-0.91	-0.49	0.67
130.00	-1020.00	200.00	0.49	-0.73	0.91	70.00	-920.00	0.00	0.00	0.00	0.12	-10.00	-1030.00	150.00	-0.24	0.55	0.06	-100.00	-1010.00	250.00	-0.85	-0.30	0.55
130.00	-1020.00	200.00	0.49	-0.73	0.91	80.00	-920.00	-0.00	-0.12	-0.06	0.12	-10.00	-1040.00	150.00	-0.06	0.30	0.06	-100.00	-1010.00	240.00	-0.73	-0.18	0.37
120.00	-1020.00	200.00	0.30	-0.85	1.16	80.00	-920.00	-0.00	-0.24	0.00	0.00	-10.00	-1040.00	140.00	0.00	0.30	-0.06	-100.00	-1010.00	240.00	-0.73	0.06	0.00
120.00	-1020.00	200.00	0.24	-0.91	1.28	80.00	-930.00	-0.00	-0.30	0.00	0.06	-10.00	-1040.00	150.00	0.00	0.30	-0.12	-100.00	-1010.00	250.00	-0.67	0.00	0.00
130.00	-1020.00	200.00	0.12	-0.91	1.52	80.00	-920.00	0.00	-0.30	0.06	0.00	-10.00	-1040.00	150.00	0.18	0.12	-0.30	-100.00	-1010.00	240.00	-0.67	0.00	0.00
130.00	-1010.00	200.00	0.12	-0.91	1.52	70.00	-920.00	0.00	-0.30	0.18	0.00	-0.00	-1040.00	140.00	0.18	0.00	-0.43	-100.00	-1010.00	240.00	-0.73	-0.24	0.30
130.00	-1010.00	200.00	0.06	-0.91	1.52	80.00	-930.00	0.00	-0.37	0.12	0.06	-10.00	-1030.00	150.00	0.12	0.06	-0.43	-100.00	-1010.00	240.00	-0.85	-0.37	0.49
130.00	-1020.00	200.00	0.12	-0.85	1.52	70.00	-920.00	10.00	-0.24	0.12	0.12	-10.00	-1040.00	140.00	0.06	0.00	-0.30	-100.00	-1010.00	240.00	-0.85	-0.37	0.49
130.00	-1020.00	210.00	0.12	-0.85	1.52	80.00	-920.00	-10.00	-0.12	0.12	0.18	-10.00	-1040.00	150.00	0.18	0.00	-0.37	-100.00	-1010.00	240.00	-0.98	-0.37	0.55
130.00	-1020.00	210.00	0.24	-0.98	1.40	80.00	-920.00	0.00	-0.24	0.12	0.18	-10.00	-1030.00	140.00	0.24	0.00	-0.30	-100.00	-1010.00	240.00	-1.46	-0.61	1.34
130.00	-1020.00	210.00	0.30	-1.10	1.28	80.00	-920.00	0.00	-0.06	0.12	0.24	-10.00	-1030.00	150.00	0.12	0.00	-0.30	-100.00	-1010.00	240.00	-1.71	-0.73	1.77
120.00	-1020.00	200.00	0.43	-0.91	1.28	80.00	-920.00	-0.00	-0.06	0.06	0.30	-10.00	-1040.00	150.00	0.00	0.12	-0.49	-100.00	-1010.00	240.00	-1.71	-0.73	1.77
130.00	-1020.00	200.00	0.30	-0.85	1.46	80.00	-920.00	0.00	-0.06	0.00	0.37	-10.00	-1040.00	150.00	-0.18	0.24	-0.55	-100.00	-1010.00	250.00	-2.26	-0.85	2.07
130.00	-1020.00	200.00	0.30	-0.85	1.46	80.00	-930.00	-0.00	-0.06	0.00	0.43	-10.00	-1040.00	150.00	-0.24	0.30	-0.61	-100.00	-1000.00	250.00	-2.26	-0.85	2.07
130.00	-1010.00	200.00	0.37	-0.91	1.52	80.00	-920.00	-0.00	-0.06	0.12	0.43	-10.00	-1040.00	150.00	-0.18	0.30	-0.49	-100.00	-1000.00	250.00	-1.89	-0.85	1.83
120.00	-1010.00	200.00	0.37	-0.91	1.52	80.00	-920.00	0.00	-0.24	0.12	0.43	-10.00	-1040.00	150.00	0.00	0.18	-0.24	-100.00	-1010.00	250.00	-1.83	-0.67	1.65
120.00	-1010.00	200.00	0.24	-0.91	1.71	80.00	-920.00	-0.00	-0.24	0.06	0.43	-10.00	-1040.00	150.00	0.24	0.12	0.06	-100.00	-1010.00	250.00	-1.89	-0.85	1.77
130.00	-1020.00	200.00	0.24	-0.91	1.71	80.00	-920.00	0.00	-0.37	0.12	0.49	-10.00	-1040.00	140.00	0.24	0.18	0.18	-100.00	-1010.00	250.00	-2.32	-0.98	2.20
130.00	-1020.00	200.00	0.24	-0.91	1.65	80.00	-920.00	0.00	-0.43	0.06	0.49	-10.00	-1040.00	140.00	0.37	0.12	0.12	-100.00	-1010.00	240.00	-2.32	-0.98	2.20
130.00	-1020.00	210.00	0.24	-0.91	1.65	80.00	-920.00	0.00	-0.49	0.12	0.55	-10.00	-1040.00	140.00	0.18	0.00	-0.12	-100.00	-1010.00	240.00	-2.07	-0.91	2.13
130.00	-1020.00	210.00	0.30	-0.85	1.71	80.00	-920.00	0.00	-0.55	0.18	0.67	-0.00	-1040.00	140.00	0.00	0.06	-0.24	-100.00	-1010.00	240.00	-2.01	-0.79	1.95
130.00	-1020.00	210.00	0.30	-0.91	1.77	80.00	-920.00	10.00	-0.67	0.24	0.79	-10.00	-1040.00	140.00	-0.06	0.12	-0.37	-110.00	-1010.00	240.00	-1.95	-0.55	1.77
120.00	-1020.00	200.00	0.30	-0.91	1.77	80.00	-920.00	0.00	-0.61	0.24	0.85	-10.00	-1040.00	150.00	-0.06	0.06	-0.43	-100.00	-1010.00	240.00	-1.77	-0.37	1.34
120.00	-1020.00	200.00	0.30	-0.91	1.59	80.00	-920.00	-0.00	-0.55	0.24	0.91	-10.00	-1040.00	140.00	-0.12	0.24	-0.43	-100.00	-1010.00	240.00	-1.34	-0.12	0.73
130.00	-1020.00	200.00	0.43	-0.79	1.34	80.00	-920.00	-0.00	-0.55	0.12	0.79	-10.00	-1040.00	150.00	-0.30	0.37	-0.55	-110.00	-1010.00	240.00	-0.98	-0.18	0.55
130.00	-1020.00	200.00	0.43	-0.79	1.34	80.00	-920.00	10.00	-0.43	0.12	0.73	-10.00	-1030.00	150.00	-0.37	0.30	-0.61	-100.00	-1010.00	240.00	-0.79	-0.24	0.49
120.00	-1020.00	200.00	0.55	-0.73	1.16	80.00	-920.00	0.00	-0.30	0.18	0.79	-10.00	-1030.00	150.00	-0.37	0.43	-0.43	-110.00	-1010.00	240.00	-0.73	-0.49	0.49
130.00	-1020.00	210.00	0.79	-0.55	1.10	70.00	-920.00	0.00	-0.24	0.18	0.85	-10.00	-1030.00	150.00	-0.37	0.55	-0.12	-110.00	-1000.00	250.00	-0.79	-0.61	0.61
130.00	-1020.00	210.00	0.67	-0.55	1.22	70.00	-920.00	-0.00	0.00	0.12	0.91	-10.00	-1040.00	140.00	-0.49	0.67	0.12	-110.00	-1000.00	250.00	-0.85	-0.73	0.73
120.00	-1020.00	200.00	0.67	-0.55	1.40	70.00	-920.00	0.00	0.06	0.12	0.98	-10.00	-1040.00	140.00	-0.49	0.61	0.18	-110.00	-1000.00	240.00	-0.85	-0.73	0.73
120.00	-1020.00	200.00	0.55	-0.61	1.46	80.00	-920.00	0.00	-0.06	0.18	1.04	-10.00	-1030.00	150.00	-0.49	0.73	0.06	-110.00	-1000.00	240.00	-1.22	-0.79	1.10
120.00	-1020.00	200.00	0.61	-0.67	1.59	80.00	-920.00	0.00	-0.06	0.18	1.10	-10.00	-1040.00	150.00	-0.49	0.73	0.00	-110.00	-1010.00	240.00	-1.34	-0.85	1.34
120.00	-1020.00	200.00	0.61	-0.67	1.65	80.00	-930.00	-0.00	-0.12	0.24	1.04	-10.00	-1040.00	150.00	-0.61	0.79	0.00	-110.00	-1010.00	240.00	-1.59	-1.04	1.71
120.00	-1020.00	200.00	0.61	-0.67	1.65	80.00	-920.00	0.00	-0.12	0.24	1.10	-0.00	-1040.00	150.00	-0.55	0.67	0.37	-110.00	-1010.00	240.00	-2.01	-0.98	1.95
130.00	-1020.00	200.00	0.67	-0.67	1.77	80.00	-920.00	0.00	-0.06	0.30	1.10	-10.00	-1040.00	150.00	-0.49	0.73	0.73	-100.00	-1010.00	240.00	-2.32	-0.91	2.13
130.00	-1020.00	200.00	0.67	-0.67	1.77	80.00	-920.00	-0.00	0.06	0.24	0.98	-10.00	-1040.00	150.00	-0.12	0.37	1.16	-100.00	-1010.00	240.00	-2.56	-0.85	2.26
130.00	-1020.00	200.00	0.67	-0.61	1.71	80.00	-920.00	0.00	0.24	0.24	0.98	-10.00	-1040.00	150.00	0.06	0.12	1.46	-110.00	-1010.00	240.00	-2.56	-0.85	2.26
120.00	-1020.00	200.00	0.67	-0.61	1.59	70.00	-920.00	-0.00	0.12	0.30	0.91	-10.00	-1030.00	150.00	0.12	0.43	1.46	-100.00	-1010.00	250.00	-2.50	-0.79	2.20
120.00	-1020.00	200.00	0.67	-0.67	1.52	70.00	-930.00	0.00	0.24	0.30	0.73	-10.00	-1040.00	140.00	0.06	0.30	1.16	-100.00	-1010.00	250.00	-2.26	-0.67	1.89
120.00	-1020.00	200.00	0.61	-0.73	1.52	80.00	-930.00	-0.00	0.24	0.37	0.73	-10.00	-1040.00	140.00	0.00	0.24	0.91	-110.00	-1010.00	240.00	-1.89	-0.61	1.65
120.00	-1020.00	210.00	0.61	-0.73	1.52	80.00	-930.00	-0.00	0.18	0.37	0.61	-10.00	-1040.00	150.00	0.00	0.18	0.67	-110.00	-1010.00	240.00	-1.83	-0.67	1.40
120.00	-1020.00	200.00	0.79	-0.61	1.52	70.00	-920.00	0.00	0.24	0.37	0.43	-0.00	-1030.00	140.00	0.24	-0.12	1.16	-110.00	-1010.00	240.00	-1.52	-0.73	1.28
120.00	-1020.00	210.00	0.79	-0.49	1.59	70.00	-920.00	-0.00	0.30	0.43	0.37	-10.00	-1040.00	150.00	0.55	-0.18	1.59	-110.00	-1010.00	240.00	-1.52	-0.73	1.28
120.00	-1020.00	210.00	0.85	-0.37	1.83	70.00	-920.00	-0.00	0.18	0.43	0.30	-10.00	-1040.00	140.00	0.73	-0.06	1.52	-110.00	-1010.00	240.00	-1.04	-0.61	0.73
120.00	-1020.00	210.00	0.85	-0.37	1.83	80.00	-920.00	0.00	0.12	0.43	0.37	-10.00	-1040.00	140.00	0.98	-0.18	1.34	-110.00	-1010.00	230.00	-0.67	-0.55	0.43
120.00	-1020.00	210.00	1.04	-0.24	2.01	80.00	-920.00	10.00	0.18	0.37	0.49	-10.00	-1040.00	140.00	1.10	-0.12	1.16	-110.00	-1010.00	240.00	-0.55	-0.49	0.49
120.00	-1020.00	200.00	1.04	-0.24	2.01	80.00	-930.00	10.00	0.12	0.37	0.55	-10.00	-1030.00	150.00	0.98	0.18	0.91	-110.00	-1010.00	240.00	-0.73	-0.49	0.61
120.00	-1020.00	200.00	0.98	-0.30	2.07	80.00	-920.00	0.00	0.06	0.37	0.73	-0.00	-1040.00	140.00	0.91	0.18	0.73	-110.00	-1010.00	230.00	-0.98	-0.67	0.85
120.00	-1020.00	210.00	0.98	-0.37	2.13	70.00	-920.00	0.00	0.24	0.37	0.79	-10.00	-1040.00	140.00	0.55	0.30	0.37	-110.00	-1000.00	240.00	-0.98	-0.67	0.85
120.00	-1020.00	210.00	0.98	-0.30	2.07	80.00	-930.00	-0.00	0.18	0.37	0.85	-10.00	-1040.00	150.00	0.24	0.37	0.12	-110.00	-1010.00	240.00	-1.28	-0.67	1.16
120.00	-1020.00	200.00	0.98	-0.30	2.07	80.00	-920.00	10.00	0.06	0.37	0.91	-10.00	-1040.00	150.00	0.12	0.37	-0.12	-110.00	-1010.00	240.00	-1.40	-0.73	1.28
120.00	-1020.00	210.00	0.85	-0.12	2.07	70.00	-930.00	0.00	0.37	0.30	0.85	-10.00	-1030.00	140.00	0.00	0.43	-0.30	-110.00	-1010.00	240.00	-1.52	-0.43	1.16
120.00	-1020.00	210.00	0.85	-0.24	2.13	80.00	-920.00	0.00	0.37	0.30	0.79	-10.00	-1040.00	150.00	-0.06	0.49	-0.37	-110.00	-1010.00	240.00	-1.52	-0.43	1.16
120.00	-1020.00	210.00	0.91	-0.12	2.20	80.00	-920.00	0.00	0.43	0.30	1.04	-10.00	-1040.00	160.00	0.12	0.49	-0.30	-110.00	-1010.00	240.00	-0.98	-0.24	0.37
120.00	-1010.00	210.00	1.22	-0.06	2.07	80.00	-920.00	0.00	0.49	0.24	1.04	-20.00	-1040.00	150.00	0.24	0.43	-0.06	-110.00	-1010.00	240.00	-0.98	-0.24	0.37
120.00	-1020.00	200.00	1.04	0.00	2.07	70.00	-920.00	0.00	0.61	0.18	1.04	-10.00	-1040.00	150.00	0.37	0.43	0.12	-110.00	-1010.00	240.00	-0.49	-0.30	0.12
120.00	-1020.00	210.00	1.10	0.00	2.07	80.00	-920.00	0.00	0.67	0.06	1.04	-10.00	-1040.00	150.00	0.49	0.49	0.43	-110.00	-1010.00	240.00	0.06	-0.49	-0.12
120.00	-1020.00	200.00	1.10	0.00	2.07	80.00	-920.00	0.00	0.73	0.06	1.04	-10.00	-1030.00	150.00	0.49	0.49	0.55	-110.00	-1010.00	240.00	0.06	-0.49	-0.12
120.00	-1020.00	200.00	1.04	-0.06	2.26	80.00	-920.00	0.00	0.67	0.12	1.10	-10.00	-1040.00	150.00	0.61	0.55	0.67	-110.00	-1010.00	240.00	0.06	-0.49	-0.12
120.00	-1020.00	200.00	0.79	-0.18	2.20	70.00	-930.00	0.00	0.49	0.18	0.91	-10.00	-1040.00	140.00	0.79	0.49	0.98	-110.00	-1010.00	240.00	0.06	-0.49	-0.12
120.00	-1020.00	200.00	0.79	-0.18	2.38	70.00	-920.00	0.00	0.43	0.24	1.04	-10.00	-1040.00	140.00	0.98	0.55	1.22	-110.00	-1000.00	240.00	4.70	7.13	-0.12
120.00	-1020.00	210.00	0.79	-0.18	2.38	70.00	-920.00	-0.00	0.37	0.43	0.91	-10.00	-1040.00	150.00	1.04	0.49	1.52	-110.00	-1010.00	240.00	4.70	7.13	-0.12
120.00	-1020.00	200.00	0.79	-0.67	3.23	80.00	-920.00	0.00	0.37	0.49	0.79	-20.00	-1040.00	150.00	1.04	0.49	1.65	-110.00	-1000.00	240.00	6.28	8.35	-0.18
120.00	-1020.00	210.00	0.79	-0.67	3.23	80.00	-920.00	0.00	0.37	0.55	0.85	-10.00	-1040.00	150.00	1.04	0.43	1.46	-110.00	-1010.00	250.00	8.35	9.63	-3.72
120.00	-1020.00	210.00	0.85	-0.67	3.54	70.00	-920.00	-0.00	0.43	0.55	0.85	-10.00	-1040.00	150.00	1.10	0.37	1.10	-110.00	-1010.00	250.00	8.35	9.63	-3.72
120.00	-1020.00	200.00	-0.61	-2.87	3.72	70.00	-920.00	0.00	0.24	0.61	0.79	-10.00	-1040.00	150.00	1.16	0.43	0.91	-110.00	-1010.00	240.00	11.77	10.67	-7.01
120.00	-1020.00	210.00	-1.89	-4.02	3.66	70.00	-920.00	0.00	0.43	0.61	0.85	-10.00	-1040.00	140.00	1.16	0.37	0.73	-110.00	-1010.00	240.00	13.84	10.61	-10.24
120.00	-1020.00	210.00	-1.89	-4.02	3.66	70.00	-930.00	0.00	0.43	0.55	0.98	-10.00	-1040.00	150.00	1.16	0.30	0.85	-110.00	-1010.00	240.00	13.84	10.61	-10.24
120.00	-1020.00	210.00	-4.09	-4.39	3.29	70.00	-930.00	0.00	0.61	0.49	1.04	-20.00	-1040.00	150.00	1.22	0.24	0.73	-110.00	-1010.00	230.00	15.06	3.23	-11.95
120.00	-1030.00	200.00	-3.48	-5.00	3.41	80.00	-920.00	10.00	0.79	0.43	1.10	-20.00	-1040.00	140.00	1.10	0.30	0.43	-110.00	-1000.00	240.00	11.04	1.04	-7.56
120.00	-1020.00	200.00	-3.96	-5.67	3.96	70.00	-920.00	0.00	0.98	0.30	0.98	-20.00	-1040.00	150.00	0.73	0.30	0.18	-120.00	-1000.00	240.00	7.20	0.49	-4.70
120.00	-1020.00	210.00	-4.02	-5.73	4.51	70.00	-920.00	0.00	1.04	0.37	1.10	-20.00	-1030.00	150.00	0.49	0.43	-0.06	-120.00	-1000.00	240.00	5.43	0.06	-3.29
110.00	-1010.00	210.00	-4.02	-5.73	4.51	80.00	-930.00	0.00	1.04	0.18	1.28	-20.00	-1040.00	160.00	0.30	0.43	-0.12	-130.00	-1010.00	230.00	3.96	-0.06	-2.38
110.00	-1010.00	210.00	-4.39	-5.30	5.49	80.00	-930.00	0.00	1.34	0.06	1.34	-10.00	-1040.00	150.00	0.18	0.49	0.06	-130.00	-1010.00	240.00	2.68	0.12	-1.89
110.00	-1020.00	200.00	-4.27	-5.00	5.79	70.00	-920.00	10.00	1.34	-0.18	1.34	-20.00	-1040.00	150.00	0.30	0.49	0.18	-130.00	-1010.00	240.00	0.61	0.49	-1.22
110.00	-1020.00	200.00	-4.27	-5.00	5.79	70.00	-920.00	0.00	1.34	-0.37	1.71	-20.00	-1040.00	150.00	0.30	0.61	0.30	-130.00	-990.00	250.00	-1.16	0.67	-0.49
110.00	-1030.00	200.00	-5.73	-3.84	6.77	70.00	-920.00	10.00	1.34	-0.49	1.95	-20.00	-1030.00	150.00	0.30	0.67	0.24	-120.00	-1000.00	250.00	-1.16	0.67	-0.49
110.00	-1030.00	200.00	-5.73	-3.84	6.77	70.00	-920.00	0.00	1.46	-0.98	2.20	-20.00	-1040.00	150.00	0.06	0.79	0.06	-120.00	-1000.00	250.00	-2.93	0.61	0.73
120.00	-1030.00	190.00	-4.94	-3.23	8.60	80.00	-930.00	0.00	1.59	-1.46	2.80	-10.00	-1040.00	150.00	-0.30	0.73	-0.24	-80.00	-1020.00	270.00	-5.06	0.67	1.77
110.00	-1020.00	180.00	-5.98	-8.48	13.54	70.00	-930.00	10.00	2.13	-2.26	3.48	-10.00	-1040.00	150.00	-0.30	0.55	-0.49	-90.00	-1020.00	260.00	-6.83	0.73	2.68
110.00	-1020.00	180.00	-5.98	-8.48	13.54	70.00	-930.00	0.00	2.56	-3.29	4.21	-10.00	-1030.00	150.00	-0.18	0.37	-0.61	-90.00	-1020.00	260.00	-8.35	0.67	3.66
100.00	-1020.00	180.00	-4.15	-14.15	16.59	80.00	-930.00	10.00	2.99	-4.63	5.00	-10.00	-1040.00	150.00	-0.12	0.30	-0.49	-90.00	-1010.00	270.00	-8.35	0.67	3.66
120.00	-1030.00	180.00	-4.76	-17.68	19.76	80.00	-930.00	0.00	3.29	-5.61	5.85	-20.00	-1040.00	150.00	0.18	0.00	-0.18	-90.00	-1000.00	280.00	-11.52	0.85	6.22
110.00	-1030.00	190.00	-0.98	-13.48	24.33	70.00	-930.00	10.00	2.87	-6.34	6.40	-20.00	-1040.00	140.00	0.24	-0.06	0.00	-90.00	-1000.00	280.00	-11.52	0.85	6.22
100.00	-1030.00	180.00	-0.98	-13.48	24.33	80.00	-940.00	0.00	3.29	-6.71	6.22	-20.00	-1040.00	150.00	0.18	-0.91	-0.12	-80.00	-1000.00	280.00	-13.48	0.91	7.80
100.00	-1030.00	180.00	-4.21	1.65	24.21	80.00	-940.00	20.00	3.41	-7.07	6.22	-20.00	-1040.00	150.00	-0.43	-4.70	-0.30	-90.00	-1000.00	280.00	-19.33	2.26	10.30
110.00	-1020.00	190.00	-4.21	1.65	24.21	80.00	-930.00	10.00	3.29	-7.62	6.59	-20.00	-1030.00	150.00	-0.98	-10.00	1.46	-90.00	-1000.00	280.00	-21.16	3.05	10.73
110.00	-1030.00	190.00	-0.18	-3.05	27.68	70.00	-920.00	0.00	3.66	-8.05	7.01	-10.00	-1040.00	150.00	-1.10	-14.02	4.51	-80.00	-1000.00	280.00	-27.62	4.70	14.02
110.00	-1030.00	190.00	-4.09	-0.43	31.22	60.00	-920.00	10.00	4.02	-7.99	7.50	-20.00	-1040.00	160.00	-0.79	-16.22	7.07	-90.00	-1000.00	280.00	-27.62	4.70	14.02
110.00	-1020.00	180.00	-4.09	-0.43	31.22	60.00	-930.00	20.00	3.84	-8.41	8.17	-20.00	-1030.00	150.00	0.06	-19.02	9.45	-90.00	-1000.00	280.00	-28.35	2.13	17.26
100.00	-1010.00	200.00	-2.62	-1.46	32.13	70.00	-940.00	0.00	4.57	-8.35	8.41	-20.00	-1040.00	150.00	1.28	-17.93	9.09	-80.00	-1010.00	270.00	-33.41	2.56	20.91
110.00	-1010.00	210.00	-3.48	-0.91	32.20	70.00	-940.00	20.00	5.00	-8.29	8.60	-20.00	-1030.00	160.00	2.62	-15.73	7.20	-90.00	-1010.00	270.00	-40.24	6.04	23.96
100.00	-1030.00	200.00	-4.15	-1.77	33.23	70.00	-930.00	10.00	5.37	-8.41	8.84	-20.00	-1040.00	160.00	3.60	-14.88	5.91	-80.00	-1020.00	260.00	-41.52	3.96	26.71
90.00	-1020.00	200.00	-4.15	-1.77	33.23	60.00	-930.00	0.00	5.30	-7.74	9.88	-10.00	-1040.00	160.00	4.15	-14.33	4.33	-90.00	-1010.00	270.00	-43.78	3.35	29.33
90.00	-1020.00	200.00	1.46	-14.63	43.11	70.00	-930.00	-0.00	5.61	-8.66	10.18	-20.00	-1040.00	160.00	4.09	-13.60	2.26	-100.00	-1010.00	260.00	-50.18	8.72	31.59
70.00	-1030.00	180.00	1.46	-14.63	43.11	70.00	-930.00	-0.00	3.78	-11.34	10.18	-20.00	-1040.00	140.00	2.56	-11.71	-0.61	-100.00	-1010.00	270.00	-51.95	4.27	36.16
50.00	-1030.00	180.00	-4.21	-1.22	39.57	70.00	-930.00	10.00	2.68	-15.49	10.24	-30.00	-1030.00	140.00	0.79	-9.76	-3.11	-90.00	-980.00	230.00	-51.95	4.27	36.16
50.00	-1030.00	180.00	-4.21	-1.22	39.57	60.00	-930.00	10.00	1.95	-18.66	10.98	-30.00	-1030.00	140.00	-0.37	-7.99	-4.21	-90.00	-1030.00	240.00	-57.13	8.05	40.30
40.00	-1030.00	180.00	-3.78	-2.44	43.90	70.00	-920.00	20.00	0.79	-19.70	12.01	-40.00	-1030.00	140.00	-0.73	-6.83	-3.72	-100.00	-1040.00	230.00	-61.77	9.82	43.48
50.00	-1030.00	180.00	-3.78	-2.44	43.90	100.00	-920.00	10.00	0.61	-19.82	13.35	-40.00	-1030.00	140.00	-0.98	-5.55	-2.32	-120.00	-1050.00	240.00	-63.96	13.35	46.77
40.00	-1020.00	180.00	-5.79	-1.10	47.99	110.00	-920.00	20.00	0.91	-17.38	14.21	-40.00	-1030.00	140.00	0.06	-5.30	0.49	-120.00	-1030.00	210.00	-70.91	25.00	65.18
60.00	-1000.00	240.00	-6.71	-1.83	51.22	90.00	-920.00	20.00	0.06	-12.74	15.37	-40.00	-1030.00	150.00	0.61	-4.27	2.38	-110.00	-1020.00	220.00	-70.91	25.00	65.18
40.00	-1060.00	130.00	-6.16	-3.05	51.95	70.00	-910.00	20.00	-0.24	-6.34	16.71	-30.00	-1030.00	150.00	0.24	-3.66	2.50	-120.00	-1010.00	250.00	-45.30	25.24	63.60
40.00	-1060.00	130.00	-5.37	-4.39	50.37	50.00	-920.00	20.00	0.12	0.67	16.46	-20.00	-1040.00	150.00	-0.61	-2.99	1.16	-120.00	-1010.00	250.00	-49.15	27.68	68.05
30.00	-1030.00	180.00	-5.37	-4.39	50.37	30.00	-920.00	40.00	-2.20	4.39	15.18	-10.00	-1040.00	150.00	-1.95	-1.77	-0.43	-120.00	-1050.00	200.00	-47.56	26.40	70.00
10.00	-1040.00	150.00	-8.54	-6.95	48.54	-0.00	-920.00	30.00	-3.11	3.41	16.65	0.00	-1040.00	160.00	-3.41	-1.28	-1.52	-130.00	-1040.00	210.00	-48.23	28.90	74.33
-10.00	-1030.00	160.00	-8.54	-6.95	48.54	-30.00	-920.00	40.00	-2.44	4.09	18.84	20.00	-1050.00	160.00	-5.85	-0.73	-1.77	-120.00	-1040.00	180.00	-50.73	31.40	79.09
-10.00	-1030.00	160.00	-11.16	-4.39	48.17	-30.00	-920.00	40.00	-5.30	6.46	20.12	-0.00	-1050.00	160.00	-7.26	-0.30	-1.28	-210.00	-1030.00	270.00	-53.84	32.87	85.18
-50.00	-1040.00	190.00	-12.07	-3.66	47.80	50.00	-930.00	20.00	-8.05	6.16	21.89	-20.00	-1040.00	160.00	-7.26	-0.30	-1.28	-180.00	-1040.00	200.00	-62.07	33.35	93.29
-50.00	-1040.00	190.00	-12.44	-4.33	46.95	60.00	-930.00	20.00	-7.68	6.28	23.29	-20.00	-1030.00	160.00	-10.98	1.16	0.37	-180.00	-1040.00	200.00	-62.07	33.35	93.29
-50.00	-1040.00	180.00	-14.82	-3.11	45.91	50.00	-930.00	50.00	-7.38	7.50	21.89	-30.00	-1030.00	160.00	-10.98	1.16	0.37	-170.00	-1050.00	140.00	-88.90	42.99	115.61
-60.00	-1030.00	200.00	-14.82	-3.11	45.91	50.00	-930.00	30.00	-7.74	6.89	21.52	-20.00	-1040.00	150.00	-10.98	1.16	0.37	-120.00	-1180.00	20.00	-82.74	43.54	120.91
-70.00	-1030.00	190.00	-16.59	-1.71	44.02	50.00	-930.00	10.00	-9.45	6.34	22.93	-20.00	-1040.00	170.00	-11.77	1.46	0.67	-120.00	-1180.00	20.00	-84.27	44.39	127.44
-80.00	-1030.00	170.00	-16.77	-0.24	43.17	-20.00	-910.00	40.00	-11.28	7.56	24.21	-10.00	-1040.00	160.00	-11.71	1.71	2.20	-170.00	-1180.00	50.00	-93.60	43.48	132.87
-80.00	-1030.00	170.00	-15.79	2.20	40.85	0.00	-920.00	10.00	-10.91	6.22	24.33	-10.00	-1040.00	160.00	-11.71	1.71	2.20	-210.00	-1110.00	60.00	-91.46	43.17	134.94
-70.00	-1030.00	190.00	-15.79	2.20	40.85	20.00	-930.00	10.00	-9.82	8.35	25.67	-10.00	-1040.00	160.00	-11.89	2.20	3.11	-210.00	-1110.00	60.00	-86.04	41.52	134.82
-70.00	-1030.00	190.00	-15.98	1.83	36.95	30.00	-930.00	10.00	-10.79	8.60	26.34	-10.00	-1040.00	160.00	-12.26	2.26	4.70	-250.00	-1480.00	-70.00	-78.66	37.38	129.21
-90.00	-1040.00	180.00	-18.60	3.66	28.78	0.00	-910.00	30.00	-10.55	7.38	26.95	-20.00	-1040.00	150.00	-12.26	2.26	4.70	-160.00	-1160.00	90.00	-71.95	33.05	119.88
-100.00	-1040.00	150.00	-18.60	3.66	28.78	30.00	-900.00	-20.00	-10.24	7.93	28.11	-20.00	-1040.00	150.00	-12.80	2.32	5.06	-250.00	-1040.00	50.00	-71.95	33.05	119.88
-100.00	-1050.00	150.00	-19.15	3.90	26.83	0.00	-930.00	30.00	-9.76	7.20	27.93	-10.00	-1040.00	140.00	-13.60	2.68	5.43	-130.00	-1220.00	50.00	-65.30	29.33	108.78
-130.00	-1030.00	160.00	-20.00	4.63	23.29	10.00	-930.00	-20.00	-10.06	7.13	26.40	-10.00	-1040.00	130.00	-14.39	3.17	5.61	-170.00	-1220.00	60.00	-3.05	5.06	40.18
-140.00	-1030.00	150.00	-22.26	6.16	20.00	20.00	-920.00	-10.00	-9.15	5.91	25.12	-10.00	-1040.00	130.00	-14.63	3.66	5.98	-180.00	-1270.00	80.00	-3.05	5.06	40.18
-140.00	-1030.00	150.00	-33.72	14.51	11.77	-20.00	-910.00	-20.00	-10.12	6.10	25.61	-20.00	-1040.00	140.00	-14.27	4.02	6.83	-180.00	-1270.00	80.00	39.63	-6.04	26.89
-130.00	-1060.00	130.00	-35.98	14.94	7.93	-50.00	-910.00	-10.00	-10.18	7.56	24.70	-20.00	-1040.00	140.00	-12.20	5.30	10.37	-220.00	-1230.00	120.00	21.34	10.00	32.26
-130.00	-1040.00	130.00	-35.98	14.94	7.93	-60.00	-930.00	-0.00	-11.04	9.21	22.87	-30.00	-1040.00	150.00	-10.37	5.67	12.44	-230.00	-1220.00	180.00	-57.62	8.54	18.66
-130.00	-1040.00	130.00	-28.96	7.93	4.70	-40.00	-940.00	30.00	-11.77	10.00	21.22	-20.00	-1040.00	140.00	-9.02	5.91	14.21	-330.00	-1170.00	230.00	-73.35	9.21	-5.49
-150.00	-1040.00	130.00	-25.79	7.32	0.61	-50.00	-950.00	30.00	-13.23	11.59	20.24	-20.00	-1040.00	140.00	-8.60	6.46	15.79	-410.00	-1200.00	220.00	-20.37	-2.44	-25.30
-150.00	-1040.00	150.00	-24.33	7.68	-2.87	-60.00	-920.00	20.00	-15.67	13.66	20.12	-20.00	-1040.00	130.00	-8.23	6.65	17.74	-470.00	-1140.00	270.00	-7.44	-11.65	-45.12
-150.00	-1040.00	150.00	-23.60	7.68	-4.39	-80.00	-930.00	-10.00	-17.44	15.43	19.09	-20.00	-1050.00	120.00	-7.44	6.95	20.43	-620.00	-1200.00	240.00	-19.88	-11.52	-60.00
-170.00	-1050.00	100.00	-24.33	7.93	-3.29	-80.00	-940.00	10.00	-17.74	15.24	17.20	-10.00	-1050.00	110.00	-4.70	6.77	24.94	-520.00	-1020.00	380.00	-11.59	-23.72	-68.05
-180.00	-1030.00	130.00	-24.57	7.56	-1.04	-80.00	-950.00	30.00	-17.32	14.70	15.67	-10.00	-1060.00	110.00	-3.96	6.28	27.01	-300.00	-670.00	240.00	3.96	-36.65	-78.60
-170.00	-1020.00	110.00	-24.57	7.56	-1.04	-80.00	-940.00	20.00	-18.84	14.94	15.12	-20.00	-1050.00	120.00	-3.29	7.20	30.18	-340.00	-700.00	-40.00	16.95	-42.87	-97.38
-170.00	-1030.00	100.00	-23.96	6.40	0.06	-90.00	-930.00	-10.00	-19.33	13.96	14.02	-20.00	-1050.00	110.00	-4.21	8.90	32.56	-130.00	-1270.00	260.00	16.95	-42.87	-97.38
-150.00	-1050.00	100.00	-23.72	5.30	1.28	-100.00	-920.00	-30.00	-18.78	12.20	13.17	-20.00	-1060.00	120.00	-4.57	11.10	35.55	90.00	-1070.00	290.00	46.95	-47.74	-123.72
-150.00	-1050.00	100.00	-23.96	4.63	4.45	-70.00	-910.00	-40.00	-18.48	10.61	12.93	-30.00	-1050.00	110.00	-8.35	13.17	41.28	250.00	-530.00	520.00	58.78	-47.50	-135.67
-140.00	-1050.00	90.00	-23.90	5.61	26.04	-80.00	-930.00	-30.00	-17.93	9.27	12.68	-30.00	-1060.00	100.00	-6.10	15.00	50.37	230.00	-510.00	460.00	58.78	-47.50	-135.67
-140.00	-1060.00	80.00	-19.27	2.68	28.35	-90.00	-930.00	-30.00	-17.07	8.23	12.56	-40.00	-1080.00	90.00	-1.89	18.78	58.60	230.00	-510.00	460.00	69.39	-47.07	-147.93
-150.00	-1050.00	100.00	-14.15	1.04	32.74	-80.00	-940.00	-40.00	-16.89	7.56	11.16	-30.00	-1060.00	100.00	-1.10	21.34	60.00	250.00	-600.00	380.00	80.67	-45.12	-159.21
-150.00	-1050.00	80.00	-12.20	-0.12	33.23	-70.00	-940.00	-50.00	-16.59	6.71	9.63	-30.00	-1080.00	110.00	-17.50	30.12	60.73	240.00	-620.00	320.00	90.55	-40.61	-169.45
-130.00	-1060.00	70.00	-12.20	-0.12	33.23	-70.00	-930.00	-50.00	-17.50	7.01	8.84	-20.00	-1070.00	110.00	-47.68	39.88	60.06	230.00	-690.00	320.00	113.05	-29.45	-186.59
-130.00	-1060.00	70.00	-11.52	-0.43	32.62	-80.00	-930.00	-60.00	-18.54	6.04	6.89	-50.00	-1050.00	100.00	-33.54	43.54	73.35	250.00	-730.00	350.00	113.05	-29.45	-186.59
-170.00	-1060.00	20.00	-10.91	-0.67	31.34	-90.00	-920.00	-70.00	-18.60	4.21	4.51	-10.00	-1080.00	80.00	-34.09	44.02	77.80	220.00	-740.00	370.00	121.16	-23.17	-192.20
-150.00	-1060.00	20.00	-10.12	-1.71	29.45	-90.00	-930.00	-50.00	-17.01	3.05	3.48	-50.00	-1130.00	150.00	-36.04	34.45	81.34	160.00	-780.00	350.00	150.30	-26.59	-185.79
-150.00	-1060.00	20.00	-10.12	-1.71	29.45	-100.00	-930.00	-50.00	-16.89	3.84	2.07	-30.00	-1110.00	110.00	-32.38	34.27	89.39	120.00	-830.00	340.00	150.30	-26.59	-185.79
-180.00	-1050.00	40.00	-9.21	-2.50	23.90	-110.00	-920.00	-70.00	-17.50	5.00	1.10	70.00	-1210.00	130.00	58.96	8.66	74.94	80.00	-890.00	340.00	157.99	-32.20	-179.94
-190.00	-1040.00	50.00	-9.21	-2.50	23.90	-110.00	-920.00	-80.00	-17.68	5.49	1.77	30.00	-1130.00	70.00	-55.37	31.16	62.50	70.00	-950.00	330.00	161.89	-41.16	-174.15
-210.00	-1040.00	40.00	-8.29	-2.44	21.77	-100.00	-910.00	-50.00	-17.38	5.30	2.44	-20.00	-1180.00	30.00	-12.50	-1.77	93.41	40.00	-1030.00	310.00	160.18	-50.73	-167.93
-210.00	-1040.00	30.00	-6.95	-0.06	20.49	-110.00	-920.00	-50.00	-17.87	5.73	3.48	-50.00	-1130.00	70.00	-9.57	-1.04	97.44	0.00	-1080.00	290.00	154.63	-62.99	-158.72
-210.00	-1040.00	30.00	-6.95	-0.06	20.49	-90.00	-940.00	-40.00	-17.62	5.61	4.39	-20.00	-1250.00	30.00	-50.85	10.67	99.45	-50.00	-1150.00	270.00	146.40	-71.89	-147.99
-220.00	-1030.00	30.00	-6.77	0.49	21.83	-90.00	-940.00	-70.00	-18.11	5.49	6.40	-40.00	-1240.00	70.00	-26.04	-0.43	104.45	-110.00	-1200.00	240.00	139.76	-79.57	-136.77
-220.00	-1030.00	30.00	-6.34	0.61	22.56	-70.00	-940.00	-70.00	-16.77	5.18	8.35	-50.00	-1230.00	70.00	-36.28	-2.32	104.94	-170.00	-1350.00	150.00	131.89	-83.05	-127.68
-220.00	-1040.00	20.00	-4.39	1.34	27.26	-90.00	-940.00	-70.00	-15.49	5.24	10.12	-310.00	-1840.00	450.00	-52.07	-0.55	110.73	-270.00	-1550.00	-20.00	131.89	-83.05	-127.68
-230.00	-1030.00	20.00	-4.39	1.34	27.26	-70.00	-940.00	-50.00	-14.57	6.34	11.46	770.00	-850.00	-390.00	-48.90	-8.84	116.40	-310.00	-1530.00	-30.00	124.39	-82.50	-119.02
-230.00	-1030.00	20.00	-4.21	0.91	29.70	-60.00	-940.00	-80.00	-11.89	5.79	12.68	130.00	-830.00	30.00	-52.32	-16.65	120.00	-360.00	-1520.00	-0.00	117.99	-82.32	-111.52
-220.00	-1050.00	0.00	-3.90	-0.67	32.80	-70.00	-940.00	-90.00	-9.39	4.94	15.12	-140.00	-1550.00	130.00	-56.95	-23.29	126.10	-360.00	-1500.00	0.00	110.24	-80.37	-104.57
-230.00	-1030.00	0.00	-3.90	-0.67	32.80	-60.00	-930.00	-120.00	-7.93	4.21	16.10	-40.00	-1240.00	20.00	-54.39	-31.10	129.82	-390.00	-1480.00	50.00	102.32	-80.24	-99.51
-230.00	-1030.00	0.00	-3.90	-1.65	34.51	-70.00	-920.00	-100.00	-6.77	3.90	17.20	10.00	-1300.00	80.00	-54.45	-36.89	136.83	-390.00	-1480.00	50.00	93.72	-83.96	-96.34
-240.00	-1030.00	10.00	-4.70	-2.99	36.04	-70.00	-920.00	-130.00	-6.83	5.30	17.99	-20.00	-1340.00	90.00	-54.45	-40.91	142.56	-410.00	-1440.00	80.00	81.40	-86.52	-93.90
-240.00	-1040.00	0.00	-6.10	-5.00	36.89	-80.00	-910.00	-120.00	-7.07	6.16	18.41	40.00	-1270.00	110.00	-56.16	-40.73	145.00	-400.00	-1410.00	70.00	68.72	-87.99	-89.21
-250.00	-1040.00	10.00	-6.40	-6.89	37.38	-90.00	-910.00	-130.00	-7.26	5.49	18.11	40.00	-1320.00	130.00	-53.72	-36.59	142.13	-390.00	-1390.00	50.00	56.28	-85.30	-80.06
-250.00	-1040.00	10.00	-6.40	-6.89	37.38	-90.00	-920.00	-120.00	-7.44	5.43	18.54	50.00	-1330.00	180.00	-52.26	-30.24	129.76	-400.00	-1340.00	40.00	45.18	-75.18	-69.09
-260.00	-1040.00	20.00	-5.79	-9.51	38.17	-90.00	-920.00	-110.00	-7.38	4.45	17.74	20.00	-1260.00	240.00	-57.38	-19.70	121.16	-400.00	-1330.00	10.00	45.18	-75.18	-69.09
-260.00	-1040.00	20.00	-5.79	-9.51	38.17	-120.00	-930.00	-90.00	-7.38	3.78	16.59	20.00	-1280.00	280.00	-58.29	-4.33	115.73	-440.00	-1260.00	-70.00	35.24	-64.09	-56.89
-260.00	-1040.00	20.00	-6.10	-11.71	38.17	-110.00	-940.00	-100.00	-7.74	2.44	15.98	-70.00	-1260.00	320.00	-69.15	6.52	101.95	-470.00	-1180.00	-100.00	0.73	-25.91	-17.07
-280.00	-1030.00	20.00	-7.01	-14.09	37.07	-120.00	-940.00	-90.00	-7.62	0.98	15.37	-200.00	-1270.00	370.00	-84.21	30.06	43.17	-440.00	-1090.00	-120.00	-8.23	-11.65	-4.51
-280.00	-1030.00	20.00	-7.80	-16.95	35.43	-140.00	-920.00	-110.00	-7.26	0.30	14.88	-260.00	-1250.00	380.00	-40.24	40.18	-10.06	-380.00	-1050.00	-120.00	-8.23	-11.65	-4.51
-290.00	-1030.00	10.00	-7.87	-20.37	33.48	-130.00	-920.00	-120.00	-6.28	0.37	14.21	-320.00	-1200.00	400.00	-35.98	36.89	-40.06	-380.00	-1050.00	-120.00	-13.05	11.04	14.57
-290.00	-1030.00	-10.00	-1.28	-17.01	37.56	-130.00	-910.00	-110.00	-5.67	1.34	13.48	-280.00	-1180.00	400.00	-41.59	29.82	-59.70	-320.00	-1010.00	-120.00	-14.09	15.18	21.83
-300.00	-1020.00	-20.00	-0.55	-17.26	37.80	-130.00	-920.00	-110.00	-4.57	2.13	13.23	-300.00	-1100.00	360.00	-24.63	16.83	-70.00	-320.00	-980.00	-110.00	-14.09	15.18	21.83
-310.00	-1020.00	-10.00	0.61	-16.40	34.33	-140.00	-900.00	-120.00	-4.33	2.13	13.72	-240.00	-1040.00	270.00	-17.32	5.24	-84.15	-370.00	-970.00	-140.00	-13.11	12.80	26.10
-310.00	-1020.00	-10.00	2.01	-13.84	29.70	-140.00	-890.00	-120.00	-3.96	1.77	14.27	-80.00	-950.00	120.00	-9.63	-1.77	-103.84	-410.00	-950.00	-140.00	68.84	4.94	37.44
-330.00	-1020.00	10.00	9.57	-14.82	31.46	-140.00	-890.00	-150.00	-3.41	2.68	16.34	-120.00	-80.00	180.00	6.34	-10.55	-121.59	-430.00	-920.00	-110.00	18.54	0.55	80.06
-330.00	-1020.00	10.00	11.46	-16.16	32.80	-140.00	-900.00	-130.00	-3.54	3.90	17.93	130.00	-500.00	230.00	19.76	-16.22	-137.80	-400.00	-940.00	-30.00	-142.87	22.07	70.30
-320.00	-1030.00	30.00	11.46	-16.16	32.80	-150.00	-900.00	-130.00	-4.33	4.82	19.51	360.00	-800.00	280.00	29.39	-17.44	-152.93	-370.00	-940.00	-0.00	-76.46	34.15	43.48
-320.00	-1030.00	30.00	25.61	-11.04	16.22	-140.00	-900.00	-120.00	-4.76	4.45	21.16	560.00	-490.00	260.00	38.96	-18.11	-166.95	-330.00	-950.00	20.00	11.52	24.70	82.01
-360.00	-1000.00	-10.00	24.94	-15.49	21.46	-130.00	-900.00	-130.00	-5.79	4.21	23.05	540.00	-530.00	180.00	47.32	-17.13	-180.18	-350.00	-930.00	60.00	11.52	24.70	82.01
-360.00	-1000.00	-10.00	24.94	-15.49	21.46	-130.00	-900.00	-140.00	-6.22	3.60	24.39	410.00	-520.00	170.00	54.94	-14.33	-192.80	-360.00	-910.00	100.00	-41.16	20.91	108.35
-360.00	-1000.00	-0.00	28.90	-13.48	12.38	-130.00	-920.00	-120.00	-6.83	3.29	25.73	430.00	-420.00	150.00	75.12	-0.06	-217.56	-250.00	-1200.00	620.00	-77.13	-4.27	109.33
-350.00	-1060.00	50.00	25.98	-8.66	4.63	-140.00	-930.00	-120.00	-7.62	3.05	26.89	420.00	-430.00	170.00	85.12	9.88	-223.23	-300.00	-630.00	460.00	-38.96	4.33	115.91
-350.00	-1050.00	20.00	12.56	-3.29	9.33	-140.00	-940.00	-100.00	-7.93	2.01	27.26	370.00	-510.00	210.00	85.12	9.88	-223.23	-80.00	-370.00	760.00	-38.96	4.33	115.91
-350.00	-1080.00	40.00	-5.24	5.18	11.59	-150.00	-930.00	-100.00	-7.50	1.52	27.62	340.00	-550.00	230.00	85.12	9.88	-223.23	-80.00	-370.00	760.00	0.55	-17.38	120.43
-410.00	-1020.00	-20.00	-36.59	13.84	26.10	-150.00	-930.00	-120.00	-6.89	0.49	28.35	290.00	-620.00	240.00	100.79	-1.22	-216.52	840.00	-1580.00	540.00	6.22	-22.26	95.06
-390.00	-1070.00	10.00	-36.59	13.84	26.10	-150.00	-930.00	-110.00	-6.83	-0.98	29.09	240.00	-700.00	240.00	100.79	-1.22	-216.52	670.00	-1150.00	830.00	6.22	-22.26	95.06
-360.00	-1060.00	50.00	-24.02	1.77	46.89	-170.00	-930.00	-100.00	-7.32	-2.13	29.57	200.00	-760.00	250.00	100.79	-1.22	-216.52	420.00	-820.00	630.00	-5.43	-25.00	61.65
-400.00	-990.00	10.00	9.27	-21.52	64.82	-170.00	-930.00	-110.00	-7.50	-3.84	30.06	180.00	-840.00	240.00	100.79	-1.22	-216.52	-40.00	-1050.00	300.00	1.10	-26.04	51.83
-390.00	-1140.00	100.00	9.57	-19.76	76.65	-170.00	-930.00	-130.00	-7.99	-6.04	30.79	160.00	-920.00	240.00	109.57	-34.45	-201.40	310.00	-1240.00	170.00	16.16	-4.94	55.98
-390.00	-1140.00	100.00	3.17	-7.99	86.04	-160.00	-920.00	-150.00	-7.93	-7.62	31.77	100.00	-1120.00	210.00	109.57	-34.45	-201.40	310.00	-1240.00	170.00	24.94	-13.11	50.91
-340.00	-1050.00	50.00	3.17	-7.99	86.04	-180.00	-920.00	-140.00	-7.50	-7.20	32.26	20.00	-1400.00	50.00	109.57	-34.45	-201.40	210.00	-1330.00	450.00	6.83	6.65	34.39
-420.00	-1180.00	30.00	3.17	-10.06	105.79	-190.00	-920.00	-130.00	-6.52	-6.83	31.83	20.00	-1400.00	50.00	102.07	-46.34	-177.07	-830.00	-1250.00	520.00	6.83	6.65	34.39
-400.00	-1300.00	0.00	3.17	-10.06	105.79	-200.00	-940.00	-130.00	-6.71	-6.95	31.77	20.00	-1400.00	50.00	102.07	-46.34	-177.07	-690.00	-1090.00	250.00	1.16	18.66	28.05
-390.00	-1260.00	60.00	7.68	-5.55	107.62	-200.00	-940.00	-140.00	-6.71	-9.02	32.80	20.00	-1510.00	-40.00	102.07	-46.34	-177.07	-540.00	-1210.00	210.00	8.11	21.28	25.61
-320.00	-1180.00	140.00	20.67	-2.99	113.23	-200.00	-930.00	-110.00	-6.16	-11.16	34.09	20.00	-1510.00	-40.00	102.07	-46.34	-177.07	70.00	-1290.00	140.00	10.18	10.85	19.70
-320.00	-1220.00	170.00	49.70	-54.51	173.41	-200.00	-910.00	-160.00	-6.34	-11.52	34.70	20.00	-1510.00	-40.00	86.71	-55.18	-140.12	50.00	-1170.00	40.00	5.61	1.95	19.51
-320.00	-1220.00	170.00	46.10	-8.60	155.55	-190.00	-890.00	-190.00	-6.10	-12.07	35.79	-40.00	-1640.00	70.00	86.71	-55.18	-140.12	-100.00	-1010.00	300.00	5.61	1.95	19.51
-350.00	-1240.00	110.00	46.10	-8.60	155.55	-180.00	-890.00	-190.00	-6.65	-10.79	37.32	-40.00	-1640.00	70.00	86.71	-55.18	-140.12	-100.00	-1010.00	300.00	6.10	-6.34	22.80
-290.00	-1300.00	70.00	66.59	23.23	125.12	-190.00	-890.00	-180.00	-7.44	-9.63	38.90	-40.00	-1640.00	70.00	60.91	-71.04	-115.73	0.00	-950.00	400.00	7.26	-6.71	20.91
-380.00	-1310.00	130.00	90.67	-0.98	133.84	-220.00	-900.00	-140.00	-7.74	-9.02	40.79	-40.00	-1640.00	70.00	60.91	-71.04	-115.73	10.00	-1030.00	330.00	7.26	-6.71	20.91
-340.00	-1370.00	130.00	72.99	0.30	111.28	-220.00	-920.00	-140.00	-7.99	-9.82	43.17	-150.00	-1550.00	100.00	60.91	-71.04	-115.73	-50.00	-1020.00	280.00	4.45	10.73	14.70
-340.00	-1370.00	130.00	66.10	-2.93	115.49	-250.00	-920.00	-120.00	-7.20	-11.71	46.22	-150.00	-1550.00	100.00	60.91	-71.04	-115.73	-50.00	-1000.00	230.00	4.45	11.71	14.33
280.00	-1290.00	-40.00	50.73	10.91	121.22	-260.00	-940.00	-100.00	-6.22	-14.39	49.21	-150.00	-1550.00	100.00	39.82	-65.79	-94.39	0.00	-1020.00	250.00	4.45	11.71	14.33
-390.00	-1390.00	190.00	44.82	21.52	134.33	-250.00	-940.00	-120.00	-5.12	-19.02	52.26	-230.00	-1430.00	20.00	39.82	-65.79	-94.39	30.00	-1040.00	260.00	4.39	2.74	10.79
-180.00	-1640.00	-70.00	34.15	27.13	140.24	-250.00	-950.00	-120.00	-4.02	-22.93	55.61	-230.00	-1430.00	20.00	39.82	-65.79	-94.39	-10.00	-1010.00	290.00	6.34	6.10	9.39
-60.00	-1510.00	-20.00	34.15	27.13	140.24	-240.00	-960.00	-150.00	-2.44	-26.52	58.90	-230.00	-1430.00	20.00	14.45	-41.10	-46.83	0.00	-1000.00	340.00	6.34	6.10	9.39
-320.00	-1580.00	180.00	8.90	16.95	125.06	-240.00	-960.00	-160.00	-0.73	-29.63	61.65	-230.00	-1430.00	20.00	14.45	-41.10	-46.83	-0.00	-960.00	420.00	-4.09	3.48	-0.67
-320.00	-1580.00	180.00	18.41	-18.35	117.07	-230.00	-970.00	-160.00	1.71	-31.40	64.51	-290.00	-1240.00	-60.00	14.45	-41.10	-46.83	-30.00	-940.00	400.00	-1.65	1.22	0.12
-250.00	-1320.00	120.00	45.79	-83.54	105.37	-240.00	-990.00	-160.00	3.90	-32.26	67.50	-290.00	-1240.00	-60.00	4.94	-29.57	-28.90	-10.00	-960.00	390.00	-1.65	1.22	0.12
-420.00	-1330.00	60.00	-2.93	-25.24	-65.79	-250.00	-1010.00	-160.00	5.49	-32.32	70.85	-290.00	-1240.00	-60.00	-13.29	-6.77	5.37	-30.00	-950.00	390.00	-0.24	-0.12	0.85
-420.00	-1330.00	60.00	4.39	-9.82	-74.15	-270.00	-1020.00	-150.00	5.55	-31.65	75.91	-370.00	-1200.00	-60.00	-13.29	-6.77	5.37	-30.00	-950.00	390.00	1.89	-4.94	4.09
-690.00	-1240.00	-30.00	4.39	-9.82	-74.15	-280.00	-1020.00	-130.00	5.91	-29.88	83.84	-370.00	-1200.00	-60.00	-20.55	10.91	30.98	-80.00	-980.00	340.00	1.40	-5.49	4.33
-640.00	-1240.00	-50.00	4.27	5.49	-101.65	-270.00	-1020.00	-120.00	6.77	-29.45	88.66	-370.00	-1200.00	-60.00	-20.55	10.91	30.98	-100.00	-930.00	360.00	1.16	-5.98	5.12
-470.00	-1010.00	-200.00	14.15	12.32	-124.51	-300.00	-1040.00	-110.00	10.00	-31.83	89.45	-460.00	-1180.00	-50.00	-18.17	8.90	29.09	-100.00	-930.00	360.00	1.65	-5.85	5.49
-480.00	-760.00	-220.00	14.15	12.32	-124.51	-300.00	-1050.00	-100.00	9.70	-35.79	95.06	-510.00	-1180.00	-0.00	-50.98	-13.66	50.49	-20.00	-1030.00	310.00	1.89	-4.70	4.76
-480.00	-760.00	-220.00	6.59	27.20	-152.38	-310.00	-1090.00	-70.00	10.30	-41.95	101.04	-510.00	-1180.00	-0.00	-50.98	-13.66	50.49	-20.00	-1030.00	300.00	1.59	-2.13	3.41
240.00	-600.00	80.00	-0.30	29.39	-161.65	-340.00	-1110.00	-40.00	11.71	-48.60	106.46	-490.00	-1160.00	40.00	-60.49	-24.88	65.73	10.00	-1030.00	330.00	1.59	-2.13	3.41
280.00	-510.00	210.00	-0.30	29.39	-161.65	-350.00	-1140.00	-30.00	9.94	-53.60	112.32	-380.00	-1060.00	60.00	35.55	-39.51	132.68	-20.00	-1000.00	330.00	0.12	0.12	2.07
100.00	-680.00	100.00	-10.79	31.95	-171.65	-230.00	-1150.00	-40.00	7.62	-59.09	117.32	-380.00	-1060.00	60.00	35.55	-39.51	132.68	-20.00	-1000.00	340.00	-1.16	0.67	1.46
40.00	-780.00	50.00	-14.33	30.98	-181.83	-280.00	-1170.00	-40.00	6.65	-66.28	123.17	-230.00	-1000.00	140.00	35.55	-39.51	132.68	-20.00	-1000.00	340.00	-1.89	1.83	0.91
30.00	-790.00	60.00	-7.62	24.88	-189.02	-280.00	-1190.00	-10.00	1.34	-72.62	131.22	-230.00	-1000.00	140.00	48.78	-33.23	120.24	-40.00	-990.00	350.00	-1.28	2.44	1.52
-0.00	-820.00	110.00	-0.79	18.35	-194.39	-220.00	-1230.00	20.00	-5.06	-79.39	140.18	-230.00	-1000.00	140.00	90.79	57.68	148.66	-50.00	-990.00	340.00	-2.20	4.09	3.29
-110.00	-830.00	150.00	1.83	12.32	-197.93	-210.00	-1290.00	10.00	-14.70	-77.93	150.49	500.00	-650.00	40.00	76.89	57.26	166.52	-60.00	-990.00	340.00	-3.78	3.54	8.23
-190.00	-850.00	180.00	3.66	6.46	-200.24	-70.00	-1290.00	-50.00	-28.48	-65.61	158.90	500.00	-650.00	40.00	76.89	57.26	166.52	-60.00	-990.00	340.00	-7.13	3.66	13.23
-260.00	-910.00	170.00	10.24	-2.01	-200.49	-80.00	-1340.00	-90.00	-40.43	-46.22	163.96	500.00	-650.00	40.00	-4.09	43.72	117.68	-40.00	-990.00	340.00	-9.63	3.11	17.13
-310.00	-1030.00	120.00	10.24	-2.01	-200.49	-30.00	-1310.00	-160.00	-51.04	-28.48	154.51	920.00	-1600.00	200.00	-4.09	43.72	117.68	-30.00	-1000.00	350.00	-11.10	0.61	21.89
-320.00	-1120.00	130.00	19.02	-9.76	-196.22	-20.00	-1270.00	-80.00	-42.20	-20.91	115.91	1180.00	-800.00	380.00	-6.10	46.04	106.89	-30.00	-990.00	340.00	-15.18	-0.73	23.96
-350.00	-1170.00	150.00	22.38	-12.44	-188.17	-130.00	-1230.00	-90.00	-25.55	-10.00	95.12	1180.00	-800.00	380.00	-6.10	46.04	106.89	-30.00	-990.00	340.00	-19.21	0.61	25.24
-350.00	-1170.00	150.00	16.16	-8.23	-181.95	-270.00	-1260.00	-120.00	-34.39	-9.27	96.77	380.00	-1210.00	240.00	3.60	32.68	71.40	-30.00	-990.00	340.00	-21.59	1.52	27.99
-380.00	-1200.00	160.00	9.82	-0.37	-180.06	-370.00	-1300.00	-140.00	-35.30	-39.45	84.39	-350.00	-1280.00	740.00	-4.45	39.15	58.78	0.00	-1000.00	340.00	-21.59	1.52	27.99
-400.00	-1240.00	160.00	-6.10	11.65	-188.05	-710.00	-1230.00	-240.00	-11.95	-76.52	55.06	-350.00	-1280.00	740.00	-4.45	39.15	58.78	0.00	-1000.00	340.00	-25.43	3.48	31.71
-400.00	-1270.00	150.00	-13.35	22.99	-186.65	-650.00	-960.00	-230.00	9.21	-106.22	29.33	-340.00	-1080.00	270.00	-9.76	38.84	28.54	-40.00	-1020.00	330.00	-30.73	6.77	40.85
-340.00	-1260.00	170.00	-8.60	21.52	-180.12	-370.00	-800.00	-230.00	30.67	-102.87	5.49	-340.00	-1080.00	270.00	-9.76	38.84	28.54	-50.00	-990.00	360.00	-30.73	6.77	40.85
-310.00	-1240.00	220.00	-3.96	18.96	-177.93	-150.00	-780.00	-310.00	71.46	-80.06	-15.55	0.00	-1050.00	90.00	10.73	-3.35	33.41	-50.00	-990.00	360.00	-34.33	7.26	47.56
-320.00	-1230.00	240.00	-1.59	15.43	-179.02	-20.00	-550.00	-430.00	70.18	-64.21	-7.32	-60.00	-1000.00	-40.00	10.73	-3.35	33.41	-50.00	-1000.00	320.00	-39.88	6.77	56.77
-350.00	-1230.00	210.00	3.48	8.96	-174.76	250.00	-360.00	-210.00	42.50	-43.72	-3.41	-60.00	-1000.00	-40.00	10.73	-3.35	33.41	-40.00	-1000.00	330.00	-39.88	6.77	56.77
-350.00	-1230.00	210.00	2.99	-7.74	-139.70	-240.00	140.00	-40.00	45.79	-21.04	-24.76	40.00	-990.00	300.00	1.10	5.30	25.12	-40.00	-1010.00	320.00	-57.74	17.32	71.89
-350.00	-1290.00	210.00	2.99	-7.74	-139.70	-90.00	-470.00	-150.00	37.62	-5.24	-52.13	60.00	-1000.00	370.00	-2.56	9.09	21.04	-60.00	-1020.00	330.00	-61.83	22.01	74.57
-350.00	-1290.00	210.00	-1.40	-20.85	-101.10	360.00	-470.00	240.00	13.54	0.37	-71.52	60.00	-1000.00	370.00	-2.56	9.09	21.04	-80.00	-1000.00	340.00	-73.48	32.07	85.55
-460.00	-1380.00	220.00	-4.88	-19.09	-92.62	290.00	-550.00	280.00	1.22	7.13	-83.41	60.00	-1000.00	370.00	-8.60	11.89	20.98	-80.00	-1000.00	330.00	-73.48	32.07	85.55
-560.00	-1360.00	230.00	-7.50	-17.26	-86.10	100.00	-500.00	320.00	5.61	22.07	-99.94	70.00	-1010.00	240.00	-9.51	10.43	25.61	-80.00	-1010.00	310.00	-93.29	52.13	98.35
-570.00	-1370.00	210.00	-6.46	-17.93	-80.37	40.00	-520.00	270.00	16.46	41.52	-115.55	60.00	-1010.00	320.00	-9.51	10.43	25.61	-80.00	-1010.00	310.00	-93.29	52.13	98.35
-550.00	-1370.00	210.00	5.12	-25.98	-59.70	150.00	-620.00	220.00	18.05	56.46	-127.56	50.00	-1010.00	370.00	-9.51	10.43	25.61	-100.00	-1030.00	270.00	-61.46	37.99	86.34
-570.00	-1300.00	210.00	4.39	-27.68	-46.95	220.00	-660.00	120.00	15.30	61.95	-140.00	50.00	-1010.00	370.00	0.00	-2.13	43.17	-170.00	-1070.00	190.00	-67.20	53.05	92.26
-530.00	-1200.00	170.00	4.39	-27.68	-46.95	-20.00	-610.00	20.00	14.82	64.09	-151.16	40.00	-1000.00	350.00	0.00	-2.13	43.17	-150.00	-1080.00	230.00	-75.49	61.16	101.28
-480.00	-1090.00	250.00	1.34	-30.00	-33.78	-190.00	-540.00	-30.00	15.06	62.62	-159.94	50.00	-1010.00	330.00	0.00	-2.13	43.17	-180.00	-1040.00	270.00	-89.94	72.62	114.70
-480.00	-1090.00	250.00	0.49	-33.11	-19.45	-170.00	-590.00	-30.00	19.21	58.41	-166.16	50.00	-1010.00	330.00	-0.61	-0.98	41.65	-160.00	-1000.00	320.00	-110.43	84.09	131.65
-540.00	-1130.00	210.00	1.52	-34.09	-5.30	-160.00	-710.00	10.00	25.98	55.49	-171.89	50.00	-1010.00	330.00	-12.87	-0.18	31.71	-180.00	-1080.00	230.00	-134.70	98.23	152.56
-540.00	-1150.00	200.00	-2.87	-31.04	7.26	-160.00	-740.00	20.00	31.59	50.30	-176.28	80.00	-1020.00	320.00	-12.87	-0.18	31.71	-30.00	-1220.00	110.00	-134.70	98.23	152.56
-540.00	-1150.00	200.00	16.22	-13.60	45.30	-180.00	-780.00	20.00	36.46	44.02	-178.78	60.00	-1030.00	260.00	-12.87	-0.18	31.71	-150.00	-1250.00	140.00	-173.66	112.80	179.09
-560.00	-1110.00	220.00	16.22	-13.60	45.30	-230.00	-830.00	-20.00	38.54	37.13	-181.71	60.00	-1030.00	260.00	-9.39	-1.10	28.90	-150.00	-1280.00	150.00	-127.01	78.66	212.44
-580.00	-1030.00	210.00	16.22	-13.60	45.30	-260.00	-850.00	-60.00	38.29	30.91	-184.27	30.00	-1030.00	250.00	-8.17	-1.65	39.09	-170.00	-1300.00	150.00	-127.01	78.66	212.44
-590.00	-1000.00	190.00	6.89	-50.98	142.62	-290.00	-900.00	-60.00	31.89	19.27	-183.17	-10.00	-1020.00	260.00	-8.17	-1.65	39.09	-150.00	-1380.00	170.00	-15.91	35.00	136.89
-570.00	-990.00	160.00	6.89	-50.98	142.62	-300.00	-960.00	-60.00	25.43	16.95	-182.56	-10.00	-1020.00	260.00	-7.93	-2.38	40.73	-130.00	-1400.00	180.00	48.11	40.00	111.28
-550.00	-960.00	170.00	-51.59	-27.44	145.67	-300.00	-1010.00	-50.00	19.88	20.67	-183.96	-10.00	-1020.00	260.00	-12.56	-1.04	36.89	-70.00	-1300.00	240.00	123.35	40.43	77.13
-580.00	-930.00	160.00	-51.59	-27.44	145.67	-320.00	-1060.00	-50.00	17.62	29.27	-188.66	-30.00	-1000.00	310.00	-12.56	-1.04	36.89	-210.00	-1310.00	140.00	-21.77	53.29	2.01
-580.00	-930.00	160.00	-38.60	-12.01	118.11	-320.00	-1090.00	-40.00	17.68	39.39	-193.90	-20.00	-1030.00	220.00	-13.72	-1.46	34.82	170.00	-1510.00	160.00	-75.49	72.80	-15.12
-600.00	-910.00	110.00	-20.18	-11.65	37.38	-310.00	-1140.00	-30.00	17.68	46.52	-195.30	-20.00	-1030.00	220.00	-13.72	-1.46	34.82	-90.00	-1420.00	70.00	26.95	38.48	-31.95
-650.00	-980.00	400.00	-25.12	-6.04	33.84	-290.00	-1160.00	-10.00	13.72	49.21	-192.56	-10.00	-1030.00	220.00	-16.22	-1.65	28.41	-160.00	-1330.00	280.00	27.01	21.04	-70.85
-650.00	-980.00	400.00	-28.23	-3.54	35.12	-360.00	-1170.00	20.00	11.83	48.84	-188.17	-40.00	-1040.00	240.00	-17.01	0.24	27.20	-160.00	-1330.00	280.00	-10.24	31.89	-94.94
-650.00	-980.00	400.00	-29.57	-1.04	36.77	-440.00	-1150.00	-10.00	13.72	47.74	-184.57	-40.00	-1040.00	240.00	-17.38	0.55	28.41	-570.00	-1260.00	210.00	-11.83	26.16	-104.09
-90.00	-970.00	-250.00	-28.84	1.16	36.52	-510.00	-1140.00	-10.00	17.74	44.88	-181.65	-70.00	-1030.00	260.00	-17.38	0.55	28.41	-430.00	-860.00	330.00	-9.45	3.66	-117.44
-90.00	-970.00	-250.00	-28.84	1.16	36.52	-490.00	-1130.00	-20.00	20.24	39.76	-176.83	-70.00	-1030.00	260.00	-15.98	3.29	34.45	-330.00	-1470.00	240.00	-10.61	-11.28	-134.94
-100.00	-950.00	390.00	-23.41	4.82	30.98	-440.00	-1160.00	-10.00	18.90	33.29	-168.90	-90.00	-1030.00	250.00	-14.63	5.43	37.38	-70.00	-970.00	160.00	-1.59	-15.12	-141.89
-100.00	-1020.00	120.00	-11.10	2.87	14.51	-430.00	-1200.00	-10.00	15.85	27.26	-159.70	-90.00	-1030.00	250.00	-14.63	5.43	37.38	120.00	-230.00	480.00	36.10	-17.44	-146.77
-160.00	-1050.00	-10.00	-11.10	2.87	14.51	-450.00	-1190.00	-10.00	12.87	22.26	-150.73	-100.00	-1020.00	250.00	-11.40	4.70	40.24	150.00	-370.00	370.00	73.66	-15.18	-174.27
-110.00	-1030.00	180.00	-5.18	-0.24	8.78	-490.00	-1170.00	-20.00	9.27	17.13	-141.46	-100.00	-1030.00	250.00	-11.40	4.70	40.24	160.00	-510.00	260.00	88.41	-16.52	-189.15
-90.00	-1050.00	140.00	-5.00	-0.67	9.70	-490.00	-1160.00	-30.00	4.15	11.71	-131.89	-100.00	-1030.00	220.00	-10.98	4.15	41.46	90.00	-450.00	200.00	94.88	-19.33	-197.44
-70.00	-1060.00	120.00	-5.00	-0.67	9.70	-460.00	-1170.00	-30.00	-0.55	6.52	-123.41	-100.00	-1030.00	220.00	-10.98	4.15	41.46	90.00	-450.00	200.00	122.26	-21.65	-187.01
-100.00	-1060.00	100.00	-4.94	-0.67	10.55	-450.00	-1180.00	-30.00	-2.38	3.35	-116.34	-70.00	-1030.00	240.00	-11.40	8.54	38.48	110.00	-490.00	190.00	122.26	-21.65	-187.01
-100.00	-1060.00	80.00	-3.54	0.49	8.41	-460.00	-1170.00	-40.00	-4.27	0.91	-109.21	-100.00	-1030.00	230.00	-11.28	11.16	38.11	200.00	-630.00	190.00	111.16	-27.68	-182.13
-110.00	-1060.00	40.00	-1.89	2.07	5.67	-470.00	-1150.00	-50.00	-5.98	-1.77	-100.55	-100.00	-1030.00	230.00	-11.28	11.16	38.11	190.00	-680.00	190.00	109.51	-34.51	-174.76
-120.00	-1070.00	20.00	0.12	3.60	2.99	-450.00	-1130.00	-70.00	-6.28	-2.26	-91.34	-100.00	-1040.00	200.00	-12.99	13.60	37.74	10.00	-760.00	150.00	109.51	-34.51	-174.76
-110.00	-1060.00	0.00	0.91	2.87	2.07	-440.00	-1120.00	-70.00	-2.13	-2.44	-83.90	-100.00	-1040.00	200.00	-12.99	13.60	37.74	-100.00	-800.00	160.00	138.05	-21.77	-161.89
-120.00	-1060.00	30.00	1.52	0.85	3.23	-450.00	-1070.00	-70.00	3.84	-5.55	-76.16	-140.00	-1030.00	220.00	-15.06	15.73	38.17	-80.00	-810.00	150.00	137.68	-30.18	-147.50
-100.00	-1070.00	40.00	1.77	-0.18	5.55	-440.00	-1030.00	-30.00	4.57	-10.30	-65.00	-150.00	-1030.00	220.00	-15.06	15.73	38.17	-60.00	-900.00	120.00	137.68	-30.18	-147.50
-120.00	-1060.00	40.00	1.77	-0.18	5.55	-410.00	-1020.00	-0.00	1.52	-15.61	-52.13	-150.00	-1030.00	220.00	-17.44	15.91	41.71	-300.00	-1140.00	70.00	138.29	-35.00	-139.27
-120.00	-1050.00	50.00	5.00	-0.61	5.49	-420.00	-1000.00	20.00	-1.52	-20.55	-39.63	-150.00	-1040.00	210.00	-23.72	16.16	39.63	-290.00	-1250.00	60.00	144.27	-40.49	-127.26
-120.00	-1050.00	60.00	8.35	-2.62	6.46	-460.00	-970.00	20.00	-3.96	-24.88	-27.87	-150.00	-1040.00	210.00	-25.24	18.29	35.18	-290.00	-1340.00	70.00	144.27	-40.49	-127.26
-120.00	-1060.00	30.00	4.82	-4.02	11.40	-500.00	-950.00	-20.00	-6.16	-29.63	-14.88	-170.00	-1030.00	200.00	-25.24	18.29	35.18	-250.00	-1450.00	80.00	143.84	-43.78	-123.66
-120.00	-1060.00	30.00	2.99	-6.77	17.26	-490.00	-960.00	-30.00	-12.07	-31.77	-1.95	-170.00	-1030.00	200.00	-24.94	21.34	36.52	-370.00	-1420.00	250.00	139.09	-48.84	-121.04
-120.00	-1060.00	20.00	1.89	-9.70	23.17	-470.00	-980.00	-20.00	-11.59	-31.89	7.32	-160.00	-1040.00	210.00	-30.49	26.65	25.85	-390.00	-1470.00	210.00	131.77	-54.76	-119.82
-130.00	-1060.00	0.00	3.05	-12.80	24.82	-470.00	-940.00	-20.00	-20.67	-31.28	26.34	-130.00	-1060.00	250.00	-39.45	32.50	6.40	-390.00	-1490.00	160.00	122.20	-59.15	-120.06
-130.00	-1050.00	20.00	3.05	-12.80	24.82	-490.00	-930.00	-40.00	-52.38	-42.13	59.02	-130.00	-1060.00	250.00	-39.45	32.50	6.40	-390.00	-1480.00	120.00	114.39	-63.54	-119.57
-110.00	-1060.00	-10.00	-5.85	-1.40	32.56	-500.00	-910.00	-60.00	-63.66	-60.00	85.73	-160.00	-1050.00	220.00	-31.89	40.55	6.22	-390.00	-1440.00	110.00	107.87	-64.82	-118.90
-130.00	-1050.00	-20.00	-5.85	-1.40	32.56	-470.00	-900.00	-60.00	-65.18	-44.70	89.63	-160.00	-1050.00	220.00	-31.40	38.54	9.39	-380.00	-1400.00	100.00	101.52	-62.01	-116.95
-140.00	-1050.00	-20.00	-7.20	0.18	34.02	-520.00	-880.00	-50.00	1.77	-16.22	75.67	-240.00	-1030.00	190.00	-31.40	38.54	9.39	-360.00	-1390.00	80.00	101.52	-62.01	-116.95
-140.00	-1060.00	-50.00	-10.18	3.96	35.91	-560.00	-800.00	-80.00	-30.30	-31.71	126.83	-240.00	-1030.00	180.00	-26.40	37.20	27.07	-310.00	-1360.00	50.00	96.04	-57.87	-113.84
-140.00	-1060.00	-50.00	-12.32	7.20	36.46	-390.00	-890.00	-230.00	-64.70	-76.46	155.98	-240.00	-1030.00	180.00	-41.52	35.12	7.62	-230.00	-1310.00	60.00	90.24	-53.84	-110.24
-150.00	-1030.00	-40.00	-13.78	8.96	38.54	-680.00	-760.00	-270.00	-14.21	-40.49	116.59	-220.00	-1100.00	140.00	-34.70	28.54	15.06	-230.00	-1310.00	60.00	76.10	-63.84	-92.99
-150.00	-1030.00	-10.00	-17.01	11.89	41.10	-830.00	-1200.00	-450.00	-52.44	-4.45	102.44	-300.00	-1050.00	160.00	-34.70	28.54	15.06	-150.00	-1260.00	90.00	70.98	-68.54	-86.40
-150.00	-1030.00	50.00	-17.01	11.89	41.10	-320.00	-950.00	-0.00	-40.37	-3.84	95.91	-300.00	-1050.00	160.00	-73.11	38.90	-5.12	-90.00	-1240.00	100.00	64.94	-69.88	-80.43
-160.00	-1030.00	60.00	-17.01	11.89	41.10	820.00	-1450.00	200.00	-2.32	13.78	59.51	-220.00	-1180.00	170.00	-43.78	23.54	5.06	-60.00	-1220.00	120.00	60.98	-72.07	-73.78
-170.00	-1030.00	80.00	-20.91	17.74	56.65	820.00	-1730.00	40.00	-50.06	20.24	65.00	-340.00	-1290.00	190.00	-43.78	23.54	5.06	-50.00	-1200.00	150.00	26.59	-74.02	-43.72
-170.00	-1040.00	100.00	-17.26	16.77	55.85	-210.00	-1200.00	160.00	-54.70	36.28	68.23	-190.00	-1150.00	170.00	-18.54	14.82	45.37	-60.00	-1170.00	160.00	26.59	-74.02	-43.72
-170.00	-1060.00	80.00	-17.26	16.77	55.85	-390.00	-1050.00	150.00	-20.61	37.13	53.05	-190.00	-1150.00	170.00	-16.22	7.93	94.94	-70.00	-1110.00	130.00	11.77	-51.16	-17.80
-180.00	-1060.00	60.00	-13.90	14.21	50.24	-700.00	-1090.00	-670.00	-22.44	21.77	47.93	-250.00	-1030.00	140.00	-16.22	7.93	94.94	-110.00	-1110.00	190.00	9.70	-41.89	-13.11
-190.00	-1060.00	60.00	-13.90	14.21	50.24	-410.00	-1200.00	140.00	-25.49	8.96	47.87	10.00	-1210.00	40.00	-16.22	7.93	94.94	-100.00	-1100.00	130.00	7.80	-36.83	-9.76
-210.00	-1040.00	20.00	-12.07	14.88	38.84	190.00	-980.00	380.00	-25.30	-0.12	48.29	10.00	-1210.00	40.00	-13.05	3.35	123.11	-80.00	-1070.00	90.00	8.90	-38.66	-6.28
-210.00	-1040.00	20.00	-7.87	8.60	34.57	-150.00	-1050.00	70.00	-23.11	-9.76	39.33	10.00	-1240.00	60.00	-24.70	16.34	150.24	-120.00	-1030.00	90.00	3.84	-37.62	-5.85
-210.00	-1040.00	20.00	-5.37	2.62	29.82	-90.00	-830.00	-190.00	-21.04	-3.72	30.49	-330.00	-1470.00	140.00	-24.70	16.34	150.24	-80.00	-930.00	80.00	-1.95	-40.55	-4.88
-200.00	-1050.00	30.00	-5.12	-0.73	26.16	-160.00	-770.00	-330.00	-27.74	3.66	24.39	-330.00	-1470.00	140.00	-41.83	36.40	168.23	-80.00	-930.00	80.00	-11.16	-41.46	1.95
-230.00	-1030.00	30.00	-4.88	-0.55	36.22	-150.00	-900.00	-180.00	-29.15	7.50	18.72	-330.00	-1470.00	140.00	-31.95	12.74	160.37	60.00	-880.00	150.00	-11.16	-41.46	1.95
-230.00	-1010.00	110.00	-4.88	-0.55	36.22	80.00	-960.00	-80.00	-25.85	11.22	16.22	-130.00	-1340.00	60.00	-31.95	12.74	160.37	120.00	-810.00	110.00	-22.44	-9.63	28.17
-250.00	-1040.00	80.00	-3.90	-0.12	35.85	-90.00	-960.00	-40.00	-26.04	12.44	16.65	-60.00	-1480.00	90.00	-42.68	20.00	160.06	120.00	-810.00	110.00	-26.28	-5.06	31.40
-280.00	-970.00	40.00	-2.07	-2.99	32.26	-130.00	-940.00	20.00	-23.60	12.01	15.24	-60.00	-1480.00	90.00	-51.34	24.82	151.28	90.00	-820.00	170.00	-27.07	-4.02	39.45
-290.00	-1010.00	10.00	-2.07	-2.99	32.26	-120.00	-970.00	10.00	-19.94	8.96	13.35	-20.00	-1570.00	180.00	-42.44	15.61	159.02	90.00	-810.00	180.00	-35.85	5.91	55.00
-300.00	-1010.00	-10.00	-1.77	-4.88	29.76	-100.00	-980.00	-20.00	-17.20	3.11	13.41	30.00	-1590.00	150.00	-42.44	15.61	159.02	110.00	-840.00	220.00	-6.71	28.23	42.74
-290.00	-1030.00	10.00	-1.46	-6.89	27.68	-60.00	-960.00	-60.00	-12.38	-2.01	14.76	30.00	-1590.00	150.00	-33.35	-6.22	176.16	150.00	-830.00	190.00	52.26	48.60	62.80
-290.00	-1030.00	10.00	-0.49	-8.96	26.16	-20.00	-940.00	-70.00	-6.59	-7.50	14.82	30.00	-1590.00	150.00	-33.35	-6.22	176.16	150.00	-830.00	190.00	3.41	79.51	47.32
-290.00	-1030.00	-30.00	2.93	-13.35	26.77	-30.00	-940.00	-90.00	-3.48	-10.18	15.18	140.00	-1520.00	110.00	-33.35	-6.22	176.16	-0.00	-870.00	210.00	-64.27	111.83	38.90
-330.00	-1010.00	-10.00	2.74	-13.41	28.35	-30.00	-930.00	-130.00	-3.11	-10.18	14.33	70.00	-1630.00	250.00	-29.94	-3.84	172.80	-90.00	-930.00	240.00	-21.89	102.99	79.76
-340.00	-1010.00	-0.00	2.38	-13.05	30.85	-10.00	-910.00	-160.00	-1.46	-10.06	13.17	70.00	-1630.00	250.00	-25.79	-4.21	141.65	50.00	-970.00	320.00	-21.04	68.17	102.07
-350.00	-990.00	-20.00	2.13	-12.56	33.48	10.00	-910.00	-180.00	-1.10	-10.61	13.84	160.00	-1530.00	280.00	-25.12	4.94	139.82	1310.00	-900.00	310.00	-31.16	32.62	108.84
-350.00	-1000.00	10.00	2.44	-12.80	34.02	0.00	-890.00	-180.00	-0.79	-11.28	14.33	90.00	-1260.00	440.00	-78.11	97.87	18.60	1760.00	-410.00	750.00	-31.16	32.62	108.84
-360.00	-1010.00	-0.00	2.87	-12.62	33.84	0.00	-910.00	-200.00	0.49	-12.13	14.82	90.00	-1260.00	440.00	-78.11	97.87	18.60	1630.00	-1050.00	590.00	-46.89	-12.74	124.33
-350.00	-1020.00	-10.00	3.17	-12.93	34.21	-10.00	-920.00	-160.00	0.85	-12.99	15.12	90.00	-1260.00	440.00	-78.11	97.87	18.60	650.00	-1060.00	510.00	-18.11	-17.20	115.79
-360.00	-1020.00	-20.00	3.72	-12.50	33.48	-40.00	-920.00	-130.00	1.52	-14.94	15.79	-400.00	-1140.00	380.00	-14.57	87.80	-34.94	650.00	-1060.00	510.00	-18.11	-17.20	115.79
-350.00	-1020.00	-20.00	4.94	-11.83	32.20	-30.00	-930.00	-140.00	1.83	-15.18	17.38	-400.00	-1140.00	380.00	-32.87	71.59	-83.90	30.00	-1030.00	640.00	-12.26	-13.41	106.22
-340.00	-1040.00	-10.00	5.18	-12.01	31.83	-30.00	-930.00	-120.00	2.01	-15.30	17.44	-300.00	-1010.00	370.00	-32.87	71.59	-83.90	40.00	-1210.00	750.00	32.74	-40.18	112.87
-350.00	-1050.00	-20.00	5.30	-14.15	32.26	-50.00	-920.00	-120.00	2.38	-15.06	17.74	-170.00	-1120.00	190.00	-18.17	54.15	-89.70	190.00	-1040.00	750.00	32.74	-40.18	112.87
-370.00	-1030.00	-10.00	8.48	-18.48	31.04	-30.00	-920.00	-130.00	1.28	-14.27	19.33	-170.00	-1120.00	190.00	-19.51	41.04	-103.90	200.00	-990.00	470.00	-4.76	-33.05	89.15
-380.00	-1030.00	0.00	10.00	-19.57	30.79	-40.00	-910.00	-140.00	0.12	-13.78	18.84	-170.00	-1120.00	190.00	-11.40	27.44	-122.38	210.00	-1170.00	230.00	-23.60	-27.07	69.51
-380.00	-1020.00	10.00	14.76	-19.82	29.82	-10.00	-910.00	-160.00	-1.40	-13.11	19.88	-410.00	-710.00	150.00	28.11	-5.12	-159.27	210.00	-970.00	240.00	1.52	2.38	59.94
-380.00	-1020.00	10.00	17.56	-19.70	28.05	-40.00	-900.00	-150.00	-2.44	-12.07	21.22	80.00	-930.00	180.00	49.15	-10.12	-197.07	190.00	-1020.00	330.00	1.52	2.38	59.94
-380.00	-1030.00	20.00	19.88	-19.82	26.40	-60.00	-880.00	-170.00	-2.68	-11.40	21.77	80.00	-930.00	180.00	49.15	-10.12	-197.07	-610.00	-1140.00	980.00	19.33	0.55	39.39
-400.00	-1020.00	10.00	21.77	-19.02	23.41	-50.00	-870.00	-180.00	-2.93	-9.88	22.13	260.00	-630.00	260.00	50.12	-10.06	-208.05	-590.00	-970.00	410.00	14.45	-7.01	35.43
-400.00	-1030.00	0.00	21.77	-19.02	23.41	-80.00	-860.00	-190.00	-3.72	-2.44	21.04	420.00	-540.00	70.00	55.85	-18.72	-209.39	-490.00	-1250.00	240.00	12.32	-10.61	32.07
-380.00	-1080.00	20.00	23.72	-19.88	20.55	-60.00	-860.00	-190.00	-3.72	-0.18	19.82	420.00	-540.00	70.00	55.85	-18.72	-209.39	30.00	-1270.00	100.00	11.89	-4.15	26.89
-400.00	-1060.00	20.00	25.61	-20.37	16.71	-50.00	-860.00	-200.00	-3.72	-0.18	19.82	420.00	-540.00	70.00	60.00	-21.28	-206.28	210.00	-1380.00	20.00	11.89	-4.15	26.89
-410.00	-1060.00	20.00	16.77	-12.26	12.32	-70.00	-850.00	-170.00	-4.94	1.59	20.18	290.00	-420.00	50.00	60.00	-21.28	-206.28	-60.00	-1180.00	190.00	9.70	4.15	20.91
-410.00	-1060.00	20.00	-21.59	-0.43	52.38	-90.00	-870.00	-130.00	-3.84	1.77	19.57	330.00	-390.00	40.00	57.87	-16.28	-204.45	-20.00	-1010.00	280.00	11.22	8.05	19.21
-430.00	-1050.00	30.00	2.50	-14.51	69.63	-110.00	-880.00	-120.00	-3.84	1.77	19.57	330.00	-390.00	40.00	57.87	-16.28	-204.45	-10.00	-1000.00	310.00	5.61	7.32	14.45
-420.00	-1050.00	30.00	6.46	-12.68	81.10	-130.00	-880.00	-100.00	-3.84	1.77	19.57	130.00	-530.00	110.00	53.35	-14.45	-205.06	20.00	-990.00	350.00	5.06	6.16	14.63
-420.00	-1050.00	40.00	-7.93	2.38	79.21	-130.00	-920.00	-90.00	-2.07	2.93	21.10	40.00	-790.00	110.00	61.71	-14.76	-203.72	20.00	-970.00	370.00	4.70	7.01	15.43
-400.00	-1050.00	50.00	-13.41	10.61	83.05	-100.00	-930.00	-90.00	-0.73	6.71	20.37	40.00	-790.00	110.00	61.71	-14.76	-203.72	-0.00	-970.00	380.00	2.26	11.16	15.12
-430.00	-1070.00	70.00	25.12	-28.11	123.23	-100.00	-930.00	-90.00	-0.73	6.71	20.37	40.00	-880.00	70.00	67.56	-11.52	-201.46	-0.00	-980.00	380.00	2.26	11.16	15.12
-510.00	-1070.00	80.00	25.12	-28.11	123.23	-100.00	-930.00	-90.00	-2.74	10.91	25.37	-60.00	-1060.00	-0.00	67.56	-11.52	-201.46	-20.00	-970.00	370.00	4.76	19.39	14.09
-390.00	-1020.00	60.00	55.00	-20.00	105.98	-110.00	-920.00	-110.00	-2.74	10.91	25.37	-60.00	-1060.00	-0.00	75.12	-2.93	-195.55	-10.00	-980.00	360.00	4.82	19.27	14.09
-390.00	-1020.00	60.00	56.46	-4.57	82.20	-120.00	-900.00	-130.00	-4.45	11.34	25.12	-120.00	-1160.00	20.00	76.59	-0.98	-191.40	30.00	-980.00	390.00	4.82	19.27	14.09
-470.00	-1190.00	130.00	59.21	-11.95	82.99	-120.00	-900.00	-130.00	-5.85	11.10	25.37	-130.00	-1270.00	60.00	76.59	-0.98	-191.40	20.00	-960.00	410.00	2.07	15.43	12.93
-350.00	-1160.00	160.00	64.57	-8.72	85.00	-130.00	-870.00	-110.00	-6.40	10.00	27.26	-130.00	-1270.00	60.00	81.95	-0.61	-181.95	0.00	-960.00	410.00	2.80	14.51	12.62
-350.00	-1160.00	160.00	63.72	-0.30	97.44	-90.00	-920.00	-140.00	-6.28	8.41	25.61	-160.00	-1290.00	70.00	81.95	-0.61	-181.95	10.00	-970.00	400.00	2.80	14.51	12.62
-370.00	-1220.00	120.00	46.16	13.23	109.82	-90.00	-920.00	-140.00	-5.49	8.84	22.80	-160.00	-1290.00	70.00	84.63	-2.80	-176.46	-0.00	-980.00	410.00	4.57	11.89	13.23
-410.00	-1320.00	70.00	38.72	22.99	113.23	-120.00	-930.00	-110.00	-4.88	7.32	22.01	-190.00	-1340.00	130.00	84.63	-2.80	-176.46	-30.00	-960.00	400.00	4.27	11.59	13.60
-490.00	-1200.00	140.00	38.72	22.99	113.23	-140.00	-950.00	-80.00	-4.70	3.11	22.38	-200.00	-1380.00	210.00	88.41	-14.88	-166.52	-40.00	-960.00	370.00	2.32	12.44	12.62
-350.00	-1330.00	160.00	42.13	18.23	123.17	-130.00	-990.00	-80.00	-5.00	0.55	22.62	-200.00	-1380.00	210.00	88.41	-14.88	-166.52	-60.00	-970.00	370.00	0.91	11.83	11.89
-350.00	-1330.00	160.00	29.76	28.60	118.66	-150.00	-960.00	-90.00	-4.57	-0.67	22.93	-160.00	-1500.00	300.00	88.41	-14.88	-166.52	-40.00	-980.00	370.00	-1.34	11.04	11.10
-350.00	-1350.00	100.00	23.90	35.18	113.29	-160.00	-930.00	-100.00	-3.60	-0.91	22.87	-160.00	-1500.00	300.00	79.15	-31.46	-159.51	-10.00	-980.00	400.00	-15.61	8.05	15.06
-300.00	-1220.00	140.00	30.12	24.70	104.15	-170.00	-920.00	-110.00	-2.07	-1.77	22.99	-180.00	-1510.00	280.00	79.15	-31.46	-159.51	-40.00	-970.00	400.00	-16.89	9.94	14.57
-300.00	-1220.00	140.00	38.23	-0.55	105.91	-150.00	-930.00	-150.00	-1.77	-1.22	24.21	-180.00	-1510.00	280.00	75.00	-36.10	-156.77	-60.00	-970.00	370.00	-16.95	9.88	14.82
-460.00	-1210.00	90.00	77.68	-79.51	83.66	-150.00	-920.00	-130.00	-3.29	0.79	25.55	-180.00	-1500.00	190.00	75.00	-36.10	-156.77	-70.00	-970.00	360.00	-16.40	9.09	14.76
-610.00	-1290.00	-10.00	77.68	-79.51	83.66	-150.00	-920.00	-130.00	-3.23	2.62	25.91	-160.00	-1500.00	130.00	65.85	-40.00	-148.23	-70.00	-970.00	360.00	-15.00	7.93	12.26
-640.00	-1200.00	40.00	60.24	-92.32	15.43	-160.00	-900.00	-150.00	-3.23	4.70	25.98	-160.00	-1500.00	130.00	60.73	-39.02	-142.56	-80.00	-980.00	330.00	-15.43	7.68	12.32
-470.00	-1090.00	100.00	4.88	-47.38	-7.68	-160.00	-880.00	-160.00	-3.48	5.73	25.18	-120.00	-1490.00	90.00	60.73	-39.02	-142.56	-80.00	-1000.00	320.00	-14.70	6.77	11.89
-510.00	-1000.00	50.00	28.05	-46.77	-21.10	-170.00	-880.00	-170.00	-2.50	3.78	24.45	-120.00	-1490.00	90.00	50.24	-36.71	-129.21	-90.00	-1000.00	310.00	-13.29	6.10	10.37
-340.00	-910.00	90.00	48.11	-49.76	-39.27	-150.00	-890.00	-160.00	-2.50	3.78	24.45	-120.00	-1490.00	90.00	46.28	-37.80	-123.05	-80.00	-990.00	330.00	-10.61	4.09	8.05
-340.00	-910.00	90.00	23.35	27.93	-124.51	-180.00	-890.00	-160.00	-2.13	3.17	24.09	-120.00	-1490.00	90.00	46.28	-37.80	-123.05	-100.00	-980.00	340.00	-8.78	2.62	5.30
-450.00	-770.00	40.00	23.35	27.93	-124.51	-180.00	-890.00	-150.00	-2.68	2.44	23.48	-60.00	-1430.00	50.00	46.28	-37.80	-123.05	-80.00	-980.00	350.00	-10.49	3.78	5.06
-790.00	-570.00	-190.00	31.28	62.01	-174.09	-200.00	-900.00	-130.00	-2.01	0.79	23.48	-20.00	-1370.00	40.00	42.01	-45.79	-111.65	-80.00	-990.00	330.00	-13.29	7.99	4.70
170.00	-490.00	10.00	31.28	62.01	-174.09	-200.00	-890.00	-140.00	-1.10	-0.98	23.72	-20.00	-1370.00	40.00	42.20	-50.49	-106.10	-100.00	-980.00	320.00	-13.60	10.43	4.94
490.00	-780.00	250.00	48.35	58.29	-170.73	-200.00	-890.00	-140.00	-0.61	-2.20	25.79	30.00	-1330.00	50.00	42.20	-50.49	-106.10	-120.00	-1020.00	300.00	-13.60	10.43	4.94
250.00	-710.00	290.00	51.10	71.71	-173.60	-200.00	-900.00	-140.00	-1.40	-1.65	27.26	30.00	-1330.00	50.00	39.51	-56.71	-93.05	-90.00	-1020.00	330.00	-11.77	11.89	3.60
250.00	-710.00	290.00	51.10	71.71	-173.60	-200.00	-910.00	-120.00	-2.01	-0.49	28.17	50.00	-1310.00	70.00	36.59	-59.63	-85.06	-90.00	-1020.00	330.00	-11.04	14.21	2.07
190.00	-480.00	440.00	46.89	79.02	-175.61	-200.00	-900.00	-150.00	-3.23	0.67	30.85	50.00	-1310.00	70.00	36.59	-59.63	-85.06	-110.00	-1000.00	350.00	-11.40	15.49	3.11
100.00	-430.00	490.00	35.73	84.45	-181.10	-200.00	-910.00	-150.00	-4.15	0.06	33.17	70.00	-1260.00	80.00	36.59	-59.63	-85.06	-80.00	-990.00	340.00	-22.01	19.45	14.33
-20.00	-650.00	170.00	27.32	90.61	-185.61	-200.00	-920.00	-150.00	-3.78	-1.40	34.33	90.00	-1230.00	80.00	26.16	-62.01	-65.12	-110.00	-1000.00	300.00	-26.95	16.22	18.96
-50.00	-650.00	180.00	33.35	90.49	-187.56	-190.00	-920.00	-160.00	-3.60	-1.71	35.24	90.00	-1230.00	80.00	20.85	-61.52	-52.80	-100.00	-990.00	310.00	-28.78	13.96	20.55
-160.00	-860.00	180.00	39.94	81.77	-190.06	-210.00	-910.00	-150.00	-3.11	-1.10	35.00	70.00	-1170.00	80.00	20.85	-61.52	-52.80	-120.00	-990.00	320.00	-26.89	10.79	20.67
-190.00	-890.00	230.00	39.94	81.77	-190.06	-200.00	-920.00	-150.00	-1.95	-1.65	34.88	50.00	-1130.00	60.00	11.22	-50.98	-30.61	-60.00	-1010.00	350.00	-25.55	10.30	19.33
-280.00	-900.00	250.00	39.94	81.77	-190.06	-180.00	-940.00	-160.00	-1.59	-1.65	35.00	50.00	-1130.00	60.00	6.95	-42.26	-22.80	-50.00	-1010.00	380.00	-18.11	6.22	14.09
-420.00	-920.00	250.00	26.34	66.65	-188.23	-210.00	-940.00	-160.00	-1.10	-2.50	35.49	50.00	-1130.00	60.00	6.95	-42.26	-22.80	-70.00	-1020.00	340.00	-18.11	6.22	14.09
-440.00	-930.00	160.00	12.26	59.02	-179.09	-220.00	-940.00	-150.00	-1.10	-4.94	35.79	-20.00	-1120.00	30.00	6.95	-42.26	-22.80	-60.00	-950.00	350.00	-1.77	4.39	-7.20
-350.00	-1060.00	60.00	1.16	28.72	-163.54	-240.00	-920.00	-130.00	-1.22	-8.66	37.38	-50.00	-1120.00	40.00	-1.28	-27.13	-12.13	-60.00	-950.00	350.00	4.27	3.90	-14.51
-350.00	-1140.00	-50.00	-15.12	8.05	-151.89	-250.00	-920.00	-130.00	-1.65	-10.06	39.82	-50.00	-1120.00	40.00	-1.28	-27.13	-12.13	-150.00	-1020.00	270.00	9.94	3.72	-22.26
-410.00	-1150.00	-90.00	-162.38	77.32	-130.85	-270.00	-910.00	-140.00	-1.40	-11.40	41.65	-60.00	-1090.00	50.00	-1.28	-27.13	-12.13	-150.00	-1020.00	270.00	18.23	1.34	-28.66
-410.00	-1150.00	-90.00	104.21	-70.73	50.12	-260.00	-910.00	-140.00	-1.22	-12.20	43.35	-70.00	-1050.00	60.00	0.06	-35.67	-11.28	-130.00	-990.00	270.00	22.68	0.00	-30.91
-510.00	-1190.00	-190.00	95.43	-133.66	52.68	-260.00	-930.00	-150.00	-1.52	-12.62	45.06	-70.00	-1050.00	60.00	-1.59	-36.83	-10.67	-160.00	-980.00	280.00	22.68	0.00	-30.91
-510.00	-1190.00	-190.00	-113.84	-35.12	-11.59	-250.00	-950.00	-160.00	-1.10	-13.29	46.65	-70.00	-1050.00	60.00	-1.59	-36.83	-10.67	-180.00	-960.00	230.00	22.68	0.00	-30.91
-510.00	-1190.00	-190.00	-37.20	-81.22	28.96	-260.00	-960.00	-140.00	-0.18	-13.96	48.72	-10.00	-970.00	80.00	-1.59	-36.83	-10.67	-170.00	-970.00	230.00	6.40	-0.61	-8.78
-480.00	-1140.00	-140.00	-37.20	-81.22	28.96	-260.00	-960.00	-140.00	0.85	-15.73	50.67	50.00	-930.00	80.00	-4.09	-29.94	0.98	-130.00	-940.00	270.00	4.33	3.23	-4.45
-380.00	-1130.00	-260.00	2.74	-77.26	33.78	-270.00	-960.00	-130.00	2.20	-17.50	53.29	170.00	-850.00	40.00	-4.09	-29.94	0.98	-120.00	-990.00	290.00	4.33	3.23	-4.45
-240.00	-1070.00	-350.00	-26.65	3.84	-21.04	-280.00	-950.00	-140.00	3.48	-17.99	55.67	220.00	-850.00	60.00	-4.09	-29.94	0.98	-80.00	-1010.00	300.00	5.24	4.33	-6.71
-840.00	-1310.00	-10.00	-24.63	24.57	-74.02	-300.00	-940.00	-150.00	4.33	-18.05	58.29	220.00	-850.00	60.00	-7.50	-17.07	16.34	-80.00	-1010.00	300.00	6.10	3.60	-7.01
-2000.00	-1350.00	-1440.00	20.79	-31.28	-46.95	-290.00	-940.00	-140.00	5.24	-19.15	61.10	220.00	-850.00	60.00	-7.50	-17.07	16.34	-80.00	-1010.00	300.00	5.43	2.07	-6.10
-2000.00	-730.00	1120.00	46.71	-40.67	-20.18	-300.00	-960.00	-140.00	5.55	-20.79	64.57	190.00	-850.00	90.00	-7.50	-17.07	16.34	-80.00	-1030.00	300.00	4.02	1.16	-5.55
-2000.00	-880.00	100.00	-1.52	-18.35	-22.87	-300.00	-970.00	-140.00	6.16	-22.13	68.35	190.00	-850.00	90.00	-7.50	-17.07	16.34	-80.00	-1030.00	300.00	1.65	0.12	-3.84
-1840.00	-1070.00	80.00	-17.20	-6.40	-18.23	-320.00	-990.00	-130.00	6.34	-22.38	74.39	190.00	-850.00	90.00	-11.46	-9.15	26.71	-90.00	-1000.00	300.00	-3.96	-1.22	1.71
-1850.00	-780.00	470.00	-22.01	-1.77	-11.28	-330.00	-980.00	-100.00	7.56	-23.11	78.84	130.00	-860.00	100.00	-11.46	-9.15	26.71	-80.00	-1010.00	290.00	-3.96	-1.22	1.71
-1170.00	-950.00	230.00	-17.74	-2.87	-7.01	-320.00	-990.00	-120.00	11.10	-25.43	78.11	130.00	-860.00	100.00	-11.46	-9.15	26.71	-80.00	-1000.00	310.00	-18.54	1.22	11.59
-110.00	-950.00	-80.00	-14.70	-0.61	-2.07	-330.00	-1000.00	-120.00	12.20	-28.17	81.95	130.00	-860.00	100.00	-12.13	-2.93	36.40	-90.00	-990.00	330.00	-19.33	2.93	10.30
150.00	-1300.00	-60.00	-9.45	-1.71	1.77	-350.00	-1010.00	-100.00	13.96	-30.73	85.12	130.00	-860.00	100.00	-47.99	9.76	52.68	-90.00	-990.00	330.00	-19.33	2.93	10.30
-10.00	-1080.00	190.00	-2.13	-4.88	1.95	-340.00	-1030.00	-70.00	16.52	-35.73	87.50	120.00	-880.00	110.00	-47.99	9.76	52.68	-60.00	-1000.00	340.00	-15.91	6.40	4.94
80.00	-1140.00	290.00	-2.13	-4.88	1.95	-350.00	-1060.00	-40.00	15.24	-42.26	91.52	120.00	-880.00	110.00	-47.99	9.76	52.68	-40.00	-1000.00	360.00	-16.71	6.77	5.12
-40.00	-1070.00	290.00	0.24	-6.28	-0.49	-370.00	-1120.00	-20.00	11.52	-51.04	97.07	120.00	-880.00	110.00	55.79	-5.67	86.04	-60.00	-1010.00	350.00	-17.07	6.77	4.88
-40.00	-1070.00	290.00	-0.06	-5.91	-3.05	-280.00	-1100.00	-40.00	10.98	-58.54	103.60	50.00	-930.00	140.00	55.79	-5.67	86.04	-70.00	-1000.00	350.00	-17.07	6.77	4.88
-40.00	-1050.00	180.00	0.55	-6.22	-5.30	-330.00	-1120.00	-40.00	10.43	-62.44	107.20	50.00	-930.00	140.00	55.79	-5.67	86.04	-100.00	-990.00	310.00	-16.10	6.04	4.33
-40.00	-1050.00	180.00	0.49	-7.50	-5.06	-320.00	-1130.00	-50.00	8.54	-66.10	111.83	50.00	-930.00	140.00	78.05	18.17	128.11	-110.00	-990.00	310.00	-15.00	5.30	3.96
-50.00	-1060.00	150.00	-0.37	-8.66	-4.57	-270.00	-1150.00	-50.00	3.72	-71.46	116.83	10.00	-960.00	180.00	78.05	18.17	128.11	-110.00	-990.00	310.00	-14.57	4.88	3.96
-60.00	-1040.00	100.00	-1.52	-10.18	-2.56	-230.00	-1130.00	-70.00	-3.66	-78.23	126.10	530.00	-850.00	740.00	78.05	18.17	128.11	-100.00	-1000.00	300.00	-14.21	4.63	3.66
-80.00	-1040.00	130.00	-1.52	-10.18	-2.56	-210.00	-1110.00	-30.00	-13.60	-76.40	138.17	530.00	-850.00	740.00	78.05	18.17	128.11	-100.00	-1000.00	290.00	-13.17	4.09	3.11
-80.00	-1020.00	170.00	-2.80	-10.43	1.71	-290.00	-1190.00	-30.00	-22.68	-64.27	148.84	530.00	-850.00	740.00	20.67	24.88	140.12	-100.00	-990.00	280.00	-11.95	3.66	1.95
-80.00	-1020.00	190.00	-5.61	-9.21	7.93	-160.00	-1170.00	30.00	-33.54	-47.62	156.16	1060.00	-1100.00	100.00	20.67	24.88	140.12	-100.00	-1000.00	280.00	-11.95	3.66	1.95
-70.00	-1030.00	170.00	-8.66	-7.01	14.51	-130.00	-1210.00	-90.00	-40.06	-32.99	150.24	1060.00	-1100.00	100.00	88.84	45.43	122.50	-100.00	-1000.00	280.00	-10.61	3.41	0.85
-60.00	-1040.00	180.00	-9.94	-5.43	20.85	-140.00	-1220.00	-50.00	-35.49	-18.66	124.45	1060.00	-1100.00	100.00	88.84	45.43	122.50	-110.00	-1000.00	280.00	-9.02	3.23	-0.73
-60.00	-1040.00	180.00	-10.55	-3.54	27.07	-190.00	-1200.00	-50.00	-26.40	-2.62	101.52	1060.00	-1100.00	100.00	88.84	45.43	122.50	-110.00	-1000.00	280.00	-7.32	3.05	-2.44
-50.00	-1050.00	170.00	-10.55	-3.54	27.07	-290.00	-1230.00	-70.00	-22.38	11.22	86.52	650.00	-1270.00	620.00	80.91	50.24	166.65	-110.00	-1000.00	270.00	-5.91	2.87	-3.72
-40.00	-1040.00	190.00	-10.12	-0.79	29.88	-530.00	-1240.00	-200.00	-13.41	12.26	75.98	650.00	-1270.00	620.00	80.91	50.24	166.65	-120.00	-990.00	270.00	-5.91	2.87	-3.72
-30.00	-1060.00	190.00	-8.96	0.06	29.70	-660.00	-1150.00	-200.00	1.71	-1.22	64.45	650.00	-1270.00	620.00	80.91	50.24	166.65	-120.00	-990.00	270.00	-4.39	2.50	-4.82
-30.00	-1060.00	190.00	-7.01	-0.43	27.32	-690.00	-1030.00	-160.00	-1.34	-62.74	31.04	190.00	-1320.00	260.00	-16.28	50.43	111.59	-120.00	-990.00	270.00	-2.74	2.01	-5.37
-20.00	-1080.00	180.00	-5.55	-1.34	23.72	-530.00	-810.00	-100.00	21.34	-87.13	-3.48	190.00	-1320.00	260.00	-16.28	50.43	111.59	-120.00	-990.00	270.00	-2.20	1.52	-5.24
-20.00	-1080.00	180.00	-5.55	-1.34	23.72	-460.00	-820.00	-120.00	57.32	-53.23	-20.37	190.00	-1320.00	260.00	-16.28	50.43	111.59	-120.00	-990.00	260.00	-3.41	1.40	-4.02
-30.00	-1070.00	180.00	-3.41	-2.99	11.77	-210.00	-690.00	-160.00	74.88	-49.76	-25.98	250.00	-970.00	150.00	-2.80	65.24	57.74	-120.00	-990.00	260.00	0.30	-1.16	-4.76
-60.00	-1060.00	170.00	-2.93	-3.48	7.62	40.00	-530.00	-230.00	89.63	-45.79	-22.68	250.00	-970.00	150.00	-2.80	65.24	57.74	-110.00	-990.00	250.00	2.62	-1.71	-6.40
-70.00	-1050.00	160.00	-2.93	-3.48	7.62	-210.00	310.00	-30.00	88.60	-22.99	-29.82	250.00	-970.00	150.00	-2.80	65.24	57.74	-100.00	-1020.00	240.00	0.18	-1.71	-4.39
-70.00	-1050.00	160.00	-2.56	-3.48	3.17	-30.00	-260.00	-50.00	93.84	6.59	-50.98	-210.00	-1050.00	350.00	1.65	58.23	47.38	-100.00	-1010.00	250.00	-6.59	-0.98	0.85
-90.00	-1040.00	170.00	-2.87	-3.48	3.29	120.00	-610.00	-30.00	94.94	27.74	-68.23	-210.00	-1050.00	350.00	9.21	38.35	44.57	-100.00	-1010.00	250.00	-8.84	-0.43	2.56
-100.00	-1030.00	170.00	-2.87	-3.48	3.29	280.00	-380.00	280.00	82.13	43.60	-78.72	-210.00	-1050.00	350.00	9.21	38.35	44.57	-100.00	-990.00	250.00	-11.22	0.24	4.21
-110.00	-1030.00	160.00	-10.79	2.68	17.80	-10.00	-360.00	300.00	74.70	53.54	-92.87	-50.00	-1040.00	80.00	10.85	28.66	46.71	-110.00	-1030.00	250.00	-16.46	2.26	7.50
-110.00	-1030.00	160.00	-10.37	2.44	17.80	-200.00	-430.00	360.00	66.77	64.02	-118.29	-50.00	-1040.00	80.00	10.91	18.11	39.82	-110.00	-1030.00	250.00	-16.46	2.26	7.50
-100.00	-1030.00	170.00	-9.51	2.13	15.79	-180.00	-520.00	310.00	63.05	72.32	-140.73	-60.00	-1050.00	170.00	10.91	18.11	39.82	-80.00	-1020.00	300.00	-23.29	5.24	14.27
-110.00	-1030.00	160.00	-9.21	2.44	13.29	-60.00	-580.00	260.00	60.37	77.20	-137.80	40.00	-1010.00	260.00	12.26	15.67	36.34	-90.00	-1020.00	280.00	-28.72	8.54	18.35
-100.00	-1040.00	160.00	-8.90	2.74	11.59	-50.00	-570.00	200.00	61.77	80.67	-141.28	40.00	-1010.00	260.00	12.26	15.67	36.34	-90.00	-1020.00	280.00	-37.01	15.37	24.09
-70.00	-1050.00	170.00	-8.90	2.74	11.59	-100.00	-530.00	140.00	65.79	99.09	-145.49	20.00	-1020.00	220.00	10.55	15.00	23.90	-80.00	-1010.00	270.00	-37.01	15.37	24.09
-70.00	-1050.00	170.00	-8.05	1.59	9.94	-190.00	-480.00	220.00	65.79	99.09	-145.49	20.00	-1020.00	240.00	10.55	15.00	23.90	-90.00	-1020.00	280.00	-45.43	27.32	24.33
-70.00	-1050.00	170.00	-7.50	0.79	7.62	-120.00	-610.00	150.00	65.79	99.09	-145.49	20.00	-1020.00	240.00	9.88	15.24	17.26	-80.00	-1040.00	270.00	-33.90	45.18	11.95
