LLACx	LLACy	LLACz	LLGYx	LLGYy	LLGYz	LMACx	LMACy	LMACz	LMGYx	LMGYy	LMGYz	RLACx	RLACy	RLACz	RLGYx	RLGYy	RLGYz	RMACx	RMACy	RMACz	RMGYx	RMGYy	RMGYz
50.00	-1050.00	80.00	-3.78	-1.40	1.34	160.00	-910.00	-0.00	-3.41	-0.61	0.73	-210.00	-1010.00	-120.00	-9.09	-0.49	7.01	-70.00	-1020.00	-50.00	-6.22	-1.10	4.15
-130.00	-1050.00	100.00	0.61	-0.18	0.49	0.00	-930.00	10.00	0.00	-0.37	0.00	-10.00	-1040.00	10.00	0.12	0.30	0.12	50.00	-1020.00	100.00	0.18	-0.12	0.12
-130.00	-1050.00	100.00	0.73	-0.30	0.67	0.00	-940.00	10.00	0.06	-0.24	-0.12	-10.00	-1030.00	10.00	0.12	0.43	0.06	50.00	-1030.00	100.00	0.18	-0.06	0.06
-130.00	-1050.00	100.00	0.73	-0.43	0.67	0.00	-940.00	10.00	0.00	0.00	-0.18	-10.00	-1040.00	0.00	0.18	0.49	-0.12	50.00	-1030.00	110.00	0.12	-0.18	0.06
-140.00	-1050.00	110.00	0.98	-0.55	0.73	10.00	-940.00	10.00	-0.06	0.00	0.00	-10.00	-1040.00	10.00	0.12	0.73	-0.24	50.00	-1030.00	100.00	0.12	-0.12	0.06
-140.00	-1050.00	100.00	1.16	-0.61	0.85	0.00	-930.00	10.00	-0.12	0.06	0.06	-10.00	-1040.00	0.00	0.18	0.85	-0.24	50.00	-1030.00	100.00	0.06	-0.06	0.12
-130.00	-1050.00	100.00	1.34	-0.61	0.79	0.00	-930.00	10.00	-0.18	0.30	0.06	-10.00	-1040.00	10.00	0.06	0.79	-0.24	50.00	-1020.00	110.00	0.12	-0.06	0.12
-130.00	-1050.00	100.00	1.28	-0.61	0.67	0.00	-930.00	10.00	-0.12	0.55	0.06	-10.00	-1040.00	0.00	0.00	0.85	-0.49	50.00	-1020.00	100.00	0.06	0.00	0.18
-130.00	-1050.00	110.00	1.34	-0.67	0.55	0.00	-930.00	10.00	-0.12	0.49	0.06	-10.00	-1040.00	10.00	0.00	0.85	-0.49	50.00	-1030.00	110.00	0.06	0.06	0.30
-130.00	-1050.00	110.00	1.46	-0.79	0.43	-0.00	-930.00	10.00	-0.12	0.55	-0.06	-10.00	-1040.00	10.00	0.00	0.67	-0.49	50.00	-1020.00	100.00	-0.12	0.00	0.30
-130.00	-1050.00	110.00	1.46	-0.73	0.37	0.00	-930.00	10.00	-0.06	0.55	-0.12	-10.00	-1040.00	10.00	0.06	0.73	-0.49	50.00	-1020.00	110.00	-0.18	0.06	0.30
-140.00	-1050.00	110.00	1.34	-0.73	0.24	10.00	-930.00	10.00	-0.18	0.61	-0.24	-10.00	-1040.00	10.00	0.12	0.73	-0.43	50.00	-1020.00	110.00	-0.24	0.12	0.24
-140.00	-1050.00	110.00	1.40	-0.73	0.24	0.00	-940.00	10.00	-0.30	0.67	-0.30	-10.00	-1040.00	10.00	0.12	0.61	-0.43	50.00	-1020.00	110.00	-0.12	0.06	0.37
-130.00	-1050.00	100.00	1.34	-0.79	0.24	10.00	-940.00	10.00	-0.43	0.79	-0.37	-10.00	-1040.00	10.00	0.12	0.73	-0.49	50.00	-1020.00	100.00	0.00	0.06	0.37
-140.00	-1050.00	110.00	1.34	-0.85	0.24	0.00	-930.00	10.00	-0.49	0.79	-0.49	-10.00	-1040.00	10.00	0.12	0.73	-0.43	50.00	-1020.00	100.00	0.00	-0.06	0.18
-130.00	-1050.00	110.00	1.40	-0.79	0.30	10.00	-930.00	10.00	-0.49	0.85	-0.61	-10.00	-1030.00	10.00	0.06	0.61	-0.43	50.00	-1020.00	110.00	-0.18	-0.12	0.18
-130.00	-1050.00	110.00	1.34	-0.67	0.30	0.00	-940.00	10.00	-0.55	0.98	-0.61	-10.00	-1040.00	10.00	0.00	0.67	-0.37	50.00	-1020.00	110.00	-0.18	-0.12	0.18
-130.00	-1050.00	110.00	1.34	-0.61	0.43	0.00	-930.00	20.00	-0.55	0.98	-0.49	-10.00	-1040.00	10.00	0.24	0.73	-0.37	50.00	-1020.00	100.00	-0.24	-0.18	0.18
-130.00	-1050.00	120.00	1.22	-0.55	0.43	0.00	-930.00	10.00	-0.73	0.98	-0.55	-10.00	-1040.00	10.00	0.18	0.73	-0.24	50.00	-1030.00	110.00	-0.24	-0.18	0.24
-140.00	-1050.00	110.00	1.40	-0.67	0.49	10.00	-930.00	10.00	-0.79	0.91	-0.37	-10.00	-1030.00	10.00	0.12	0.73	-0.18	40.00	-1020.00	110.00	-0.18	0.00	0.24
-120.00	-1050.00	110.00	1.40	-0.73	0.43	0.00	-930.00	10.00	-0.73	1.04	-0.30	-10.00	-1040.00	10.00	0.12	0.85	-0.18	40.00	-1020.00	100.00	-0.12	0.24	0.12
-130.00	-1060.00	110.00	1.28	-0.61	0.30	0.00	-940.00	10.00	-0.73	1.10	-0.37	-10.00	-1030.00	10.00	0.12	0.79	-0.12	50.00	-1020.00	110.00	-0.12	0.18	0.12
-130.00	-1050.00	110.00	1.40	-0.67	0.24	10.00	-940.00	10.00	-0.79	1.04	-0.37	-10.00	-1040.00	10.00	0.18	0.79	-0.18	50.00	-1020.00	100.00	-0.12	0.06	0.00
-130.00	-1060.00	110.00	1.22	-0.79	0.18	0.00	-930.00	10.00	-0.79	0.98	-0.49	-10.00	-1040.00	10.00	0.18	0.79	-0.30	50.00	-1020.00	110.00	-0.18	0.12	-0.12
-130.00	-1050.00	100.00	1.28	-0.79	0.24	0.00	-930.00	10.00	-0.67	0.98	-0.49	-10.00	-1040.00	10.00	0.24	0.79	-0.30	50.00	-1020.00	100.00	-0.06	0.06	-0.06
-130.00	-1050.00	110.00	1.16	-0.79	0.30	10.00	-930.00	10.00	-0.73	1.04	-0.49	-0.00	-1040.00	10.00	0.06	0.67	-0.24	40.00	-1020.00	110.00	0.00	0.12	-0.12
-140.00	-1050.00	100.00	1.04	-0.73	0.30	10.00	-940.00	10.00	-0.79	1.10	-0.49	-0.00	-1040.00	10.00	0.06	0.55	-0.24	50.00	-1020.00	100.00	0.30	0.24	-0.12
-130.00	-1050.00	110.00	0.91	-0.85	0.24	10.00	-940.00	10.00	-0.91	1.04	-0.43	-0.00	-1040.00	10.00	0.12	0.55	-0.24	50.00	-1020.00	100.00	0.24	0.37	-0.18
-130.00	-1050.00	110.00	0.73	-0.73	0.30	10.00	-930.00	10.00	-0.98	1.04	-0.43	-10.00	-1030.00	0.00	0.12	0.55	-0.18	50.00	-1030.00	110.00	0.06	0.30	-0.12
-130.00	-1060.00	110.00	0.55	-0.61	0.30	10.00	-940.00	10.00	-1.22	0.98	-0.49	-10.00	-1040.00	10.00	0.24	0.55	-0.30	50.00	-1020.00	110.00	-0.06	0.30	-0.18
-130.00	-1050.00	110.00	0.49	-0.55	0.37	0.00	-930.00	10.00	-1.34	1.04	-0.30	-10.00	-1030.00	10.00	0.30	0.67	-0.37	50.00	-1020.00	110.00	-0.18	0.37	-0.24
-130.00	-1050.00	110.00	0.43	-0.49	0.61	0.00	-930.00	10.00	-1.46	1.04	-0.24	-10.00	-1030.00	10.00	0.18	0.73	-0.55	50.00	-1020.00	110.00	-0.37	0.24	-0.18
-130.00	-1050.00	110.00	0.30	-0.49	0.85	0.00	-930.00	10.00	-1.40	0.91	-0.30	-0.00	-1040.00	10.00	0.24	0.73	-0.61	50.00	-1020.00	110.00	-0.55	0.24	-0.06
-130.00	-1050.00	110.00	0.37	-0.67	0.98	10.00	-930.00	10.00	-1.46	0.91	-0.12	-10.00	-1040.00	10.00	0.24	0.67	-0.67	50.00	-1020.00	110.00	-0.79	0.18	-0.06
-130.00	-1050.00	110.00	0.24	-0.73	1.16	10.00	-940.00	10.00	-1.40	0.85	0.18	-10.00	-1040.00	10.00	0.18	0.67	-0.73	50.00	-1010.00	110.00	-0.91	0.18	0.00
-130.00	-1050.00	110.00	0.00	-0.73	1.22	10.00	-940.00	10.00	-1.28	0.55	0.37	-10.00	-1030.00	10.00	0.18	0.61	-0.91	50.00	-1020.00	110.00	-0.98	0.18	0.12
-130.00	-1050.00	100.00	-0.06	-0.79	1.22	10.00	-940.00	10.00	-1.16	0.55	0.55	-10.00	-1040.00	10.00	0.24	0.61	-0.91	50.00	-1020.00	110.00	-0.98	0.18	0.12
-130.00	-1050.00	100.00	-0.06	-0.67	1.34	10.00	-940.00	10.00	-1.04	0.30	0.67	-10.00	-1040.00	10.00	-0.18	0.43	-0.73	50.00	-1020.00	110.00	-0.98	0.06	0.06
-130.00	-1060.00	110.00	-0.24	-0.49	1.28	10.00	-930.00	10.00	-0.91	0.24	0.73	-10.00	-1040.00	10.00	-0.18	0.43	-0.73	50.00	-1020.00	110.00	-0.98	0.00	0.12
-130.00	-1050.00	110.00	-0.24	-0.61	1.22	10.00	-930.00	10.00	-0.85	0.24	0.73	-10.00	-1040.00	10.00	-0.18	0.43	-0.73	50.00	-1020.00	110.00	-0.98	0.00	0.12
-130.00	-1050.00	110.00	-0.12	-0.67	1.34	10.00	-940.00	10.00	-0.79	0.24	0.67	-10.00	-1030.00	10.00	-0.30	0.49	-0.49	50.00	-1020.00	110.00	-1.04	-0.06	0.06
-130.00	-1050.00	110.00	-0.24	-0.55	1.46	10.00	-930.00	10.00	-0.85	0.18	0.67	-10.00	-1040.00	10.00	-0.30	0.49	-0.49	50.00	-1030.00	110.00	-1.10	-0.12	0.00
-130.00	-1050.00	100.00	-0.24	-0.61	1.65	10.00	-930.00	10.00	-0.79	0.24	0.61	-10.00	-1040.00	10.00	-0.30	0.49	-0.49	50.00	-1020.00	100.00	-1.10	-0.18	0.12
-130.00	-1050.00	110.00	0.00	-0.79	1.65	10.00	-930.00	0.00	-0.85	0.30	0.67	-0.00	-1040.00	20.00	-0.37	0.55	-0.49	50.00	-1030.00	110.00	-1.16	-0.12	0.12
-130.00	-1050.00	110.00	-0.43	-0.79	1.83	20.00	-940.00	0.00	-0.85	0.12	0.85	-0.00	-1040.00	10.00	-0.37	0.49	-0.55	50.00	-1020.00	100.00	-1.34	-0.18	0.06
-130.00	-1050.00	110.00	-0.43	-0.79	1.83	10.00	-930.00	0.00	-0.73	0.06	0.98	-0.00	-1040.00	10.00	-0.37	0.49	-0.55	50.00	-1020.00	110.00	-1.34	-0.24	0.12
-130.00	-1050.00	110.00	-0.30	-1.04	1.89	10.00	-930.00	10.00	-0.73	-0.18	1.16	-0.00	-1040.00	10.00	-0.43	0.49	-0.49	50.00	-1020.00	100.00	-1.40	-0.18	0.24
-130.00	-1050.00	100.00	-0.61	-0.73	2.07	10.00	-930.00	10.00	-0.67	-0.18	1.34	-0.00	-1040.00	10.00	-0.55	0.37	-0.30	50.00	-1020.00	110.00	-1.46	-0.18	0.12
-130.00	-1050.00	110.00	-0.73	-0.73	2.07	10.00	-930.00	10.00	-0.73	-0.18	1.46	-0.00	-1040.00	10.00	-0.55	0.37	-0.30	50.00	-1020.00	110.00	-1.59	-0.18	0.12
-130.00	-1050.00	110.00	-0.61	-1.04	2.01	10.00	-930.00	10.00	-0.73	-0.24	1.71	-10.00	-1040.00	10.00	-0.55	0.37	-0.30	50.00	-1020.00	110.00	-1.59	-0.18	0.30
-130.00	-1050.00	110.00	-0.55	-1.10	1.89	0.00	-930.00	10.00	-0.61	-0.43	1.77	-0.00	-1040.00	10.00	-0.55	0.24	-0.37	50.00	-1030.00	110.00	-1.65	-0.18	0.24
-130.00	-1060.00	100.00	-0.55	-1.40	1.65	10.00	-940.00	10.00	-0.37	-0.67	1.65	-0.00	-1040.00	10.00	-0.67	0.24	-0.12	50.00	-1020.00	110.00	-1.52	-0.24	0.24
-120.00	-1050.00	110.00	-0.30	-1.34	1.10	10.00	-930.00	10.00	-0.43	-0.73	1.65	-0.00	-1040.00	10.00	-0.67	0.24	-0.12	50.00	-1020.00	110.00	-1.52	-0.24	0.24
-140.00	-1060.00	100.00	-0.30	-1.34	1.10	10.00	-930.00	0.00	-0.37	-0.73	1.52	-0.00	-1040.00	10.00	-0.73	0.24	-0.06	50.00	-1030.00	110.00	-1.71	-0.37	0.18
-130.00	-1060.00	110.00	-0.06	-1.34	1.22	10.00	-930.00	10.00	-0.24	-0.73	1.34	-0.00	-1040.00	10.00	-0.61	0.37	-0.06	50.00	-1020.00	100.00	-1.59	-0.43	0.24
-130.00	-1050.00	110.00	0.24	-1.28	1.28	10.00	-940.00	10.00	-0.30	-0.61	1.22	-0.00	-1040.00	10.00	-0.85	0.37	0.00	50.00	-1020.00	100.00	-1.46	-0.43	0.18
-130.00	-1050.00	100.00	0.24	-1.34	1.10	10.00	-930.00	10.00	-0.43	-0.61	1.04	-0.00	-1040.00	10.00	-0.79	0.18	-0.06	50.00	-1020.00	110.00	-1.46	-0.55	0.24
-130.00	-1050.00	110.00	0.24	-1.34	1.10	10.00	-930.00	10.00	-0.49	-0.55	0.91	-10.00	-1040.00	20.00	-0.79	0.18	-0.06	50.00	-1020.00	110.00	-1.40	-0.73	0.24
-140.00	-1050.00	110.00	0.55	-1.22	0.91	10.00	-940.00	10.00	-0.43	-0.49	0.85	-0.00	-1040.00	10.00	-0.91	0.06	0.00	50.00	-1030.00	110.00	-1.40	-0.67	0.30
-130.00	-1050.00	110.00	0.55	-1.22	0.91	20.00	-940.00	10.00	-0.55	-0.43	0.73	-0.00	-1040.00	10.00	-0.85	-0.06	0.00	40.00	-1020.00	100.00	-1.46	-0.67	0.30
-130.00	-1050.00	110.00	0.55	-1.22	0.91	10.00	-930.00	10.00	-0.49	-0.37	0.73	-10.00	-1040.00	10.00	-0.85	-0.06	0.00	50.00	-1020.00	110.00	-1.40	-0.73	0.37
-130.00	-1050.00	110.00	0.61	-1.10	0.91	0.00	-940.00	10.00	-0.43	-0.24	0.67	-10.00	-1030.00	10.00	-0.91	-0.12	0.12	50.00	-1020.00	100.00	-1.10	-0.73	0.30
-130.00	-1050.00	110.00	0.61	-1.10	0.91	10.00	-930.00	10.00	-0.43	-0.24	0.55	-10.00	-1030.00	10.00	-0.91	-0.18	0.24	50.00	-1020.00	100.00	-1.16	-0.79	0.30
-130.00	-1050.00	100.00	0.61	-1.10	0.91	0.00	-930.00	10.00	-0.43	-0.24	0.49	-0.00	-1040.00	10.00	-0.91	-0.18	0.24	50.00	-1020.00	100.00	-1.16	-0.67	0.49
-130.00	-1050.00	100.00	0.61	-1.10	0.91	10.00	-930.00	10.00	-0.49	-0.18	0.43	-0.00	-1040.00	10.00	-0.91	-0.18	0.24	50.00	-1020.00	100.00	-1.10	-0.61	0.43
-130.00	-1050.00	100.00	0.91	-1.04	1.16	0.00	-930.00	10.00	-0.43	-0.18	0.43	-0.00	-1030.00	10.00	-0.91	0.00	0.12	50.00	-1020.00	110.00	-1.10	-0.61	0.43
-130.00	-1050.00	110.00	0.91	-1.04	1.16	10.00	-930.00	10.00	-0.43	-0.06	0.49	-0.00	-1030.00	10.00	-0.79	0.06	0.24	50.00	-1020.00	100.00	-0.73	-0.37	0.61
-130.00	-1050.00	110.00	0.85	-0.98	1.10	0.00	-930.00	10.00	-0.37	0.00	0.49	-0.00	-1030.00	10.00	-0.67	0.12	0.24	50.00	-1020.00	110.00	-0.73	-0.37	0.61
-130.00	-1050.00	100.00	0.73	-0.85	0.98	0.00	-940.00	10.00	-0.37	0.18	0.49	0.00	-1040.00	10.00	-0.61	0.06	0.24	50.00	-1020.00	110.00	-0.73	-0.37	0.61
-130.00	-1050.00	100.00	0.73	-0.85	0.98	0.00	-930.00	10.00	-0.37	0.24	0.55	-10.00	-1040.00	10.00	-0.61	0.06	0.24	50.00	-1020.00	100.00	-0.67	-0.30	0.43
-130.00	-1050.00	100.00	0.73	-0.85	0.98	0.00	-930.00	10.00	-0.37	0.18	0.55	-10.00	-1040.00	10.00	-0.43	0.24	0.24	50.00	-1020.00	100.00	-0.67	-0.30	0.43
-130.00	-1050.00	110.00	0.79	-0.79	1.04	0.00	-930.00	10.00	-0.43	0.18	0.49	-0.00	-1030.00	10.00	-0.30	0.30	0.18	50.00	-1020.00	100.00	-0.67	-0.30	0.43
-130.00	-1050.00	110.00	0.43	-0.67	1.34	0.00	-930.00	10.00	-0.43	0.30	0.37	-0.00	-1030.00	10.00	-0.30	0.30	0.18	50.00	-1020.00	100.00	-0.67	-0.30	0.43
-130.00	-1050.00	110.00	0.30	-0.98	1.40	0.00	-930.00	10.00	-0.37	0.37	0.30	-10.00	-1040.00	10.00	-0.55	0.55	0.12	50.00	-1020.00	100.00	-0.79	-0.49	0.24
-130.00	-1050.00	110.00	0.30	-0.98	1.40	0.00	-930.00	0.00	-0.43	0.43	0.24	-0.00	-1030.00	0.00	-0.37	0.43	0.12	50.00	-1020.00	100.00	-0.79	-0.49	0.24
-130.00	-1050.00	110.00	0.24	-0.79	1.40	0.00	-940.00	10.00	-0.43	0.37	0.37	-0.00	-1040.00	10.00	-0.37	0.43	0.12	50.00	-1020.00	100.00	-0.79	-0.49	0.24
-130.00	-1050.00	110.00	0.18	-0.67	1.71	10.00	-940.00	10.00	-0.37	0.37	0.49	-0.00	-1040.00	10.00	-0.37	0.43	0.00	50.00	-1020.00	100.00	-0.85	-0.24	0.24
-130.00	-1050.00	110.00	0.18	-0.67	1.71	10.00	-930.00	10.00	-0.49	0.30	0.61	-0.00	-1040.00	10.00	-0.37	0.37	0.00	50.00	-1020.00	100.00	-0.85	-0.24	0.24
-130.00	-1050.00	110.00	0.12	-0.55	1.77	0.00	-930.00	10.00	-0.43	0.30	0.67	-0.00	-1040.00	10.00	-0.37	0.37	0.00	50.00	-1020.00	110.00	-0.85	-0.24	0.24
-130.00	-1060.00	110.00	0.12	-0.55	1.77	0.00	-930.00	10.00	-0.30	0.12	0.85	-0.00	-1040.00	10.00	-0.37	0.37	-0.12	50.00	-1020.00	100.00	-0.98	-0.18	0.24
-130.00	-1060.00	110.00	0.06	-0.73	1.83	0.00	-930.00	10.00	-0.30	-0.06	0.73	-10.00	-1040.00	10.00	-0.43	0.30	-0.18	50.00	-1020.00	100.00	-1.04	-0.12	0.24
-130.00	-1050.00	110.00	0.06	-0.73	1.83	0.00	-940.00	10.00	-0.43	0.06	0.73	-10.00	-1040.00	0.00	-0.43	0.30	-0.18	50.00	-1020.00	100.00	-1.04	-0.12	0.24
-130.00	-1050.00	110.00	-0.37	-0.79	1.83	0.00	-930.00	10.00	-0.37	0.12	0.91	-10.00	-1040.00	0.00	-0.43	0.30	-0.18	50.00	-1020.00	110.00	-1.10	-0.24	0.30
-130.00	-1050.00	110.00	-0.55	-0.85	2.13	10.00	-940.00	10.00	-0.43	0.12	0.91	-0.00	-1040.00	10.00	-0.37	0.49	-0.06	50.00	-1020.00	110.00	-1.04	-0.24	0.24
-130.00	-1050.00	110.00	-0.55	-0.85	2.13	10.00	-930.00	10.00	-0.43	0.12	1.04	-10.00	-1030.00	0.00	-0.37	0.49	-0.06	50.00	-1020.00	100.00	-1.10	-0.30	0.24
-130.00	-1050.00	100.00	-0.55	-1.10	2.01	10.00	-940.00	10.00	-0.49	0.18	1.10	-10.00	-1030.00	0.00	-0.37	0.49	-0.06	50.00	-1020.00	100.00	-1.10	-0.37	0.30
-130.00	-1050.00	100.00	-0.67	-1.10	1.95	10.00	-940.00	10.00	-0.49	0.18	1.22	-10.00	-1030.00	0.00	-0.49	0.49	-0.06	50.00	-1020.00	110.00	-1.22	-0.43	0.37
-130.00	-1050.00	100.00	-0.67	-1.10	1.95	0.00	-930.00	10.00	-0.61	-0.06	1.34	-10.00	-1040.00	0.00	-0.49	0.49	-0.06	50.00	-1020.00	110.00	-1.16	-0.37	0.43
-130.00	-1060.00	100.00	-0.67	-1.16	1.95	10.00	-930.00	0.00	-0.49	-0.06	1.46	-10.00	-1040.00	10.00	-0.49	0.49	-0.06	50.00	-1020.00	110.00	-1.16	-0.30	0.49
-130.00	-1060.00	100.00	-0.67	-1.16	1.95	0.00	-940.00	0.00	-0.37	-0.18	1.40	-10.00	-1040.00	10.00	-0.55	0.43	-0.06	50.00	-1020.00	110.00	-1.10	-0.24	0.43
-140.00	-1050.00	100.00	-0.67	-1.10	2.01	10.00	-930.00	10.00	-0.43	-0.18	1.52	-0.00	-1040.00	0.00	-0.49	0.24	0.06	50.00	-1020.00	100.00	-1.22	-0.30	0.37
-140.00	-1050.00	100.00	-0.67	-1.10	2.01	0.00	-940.00	10.00	-0.43	-0.30	1.34	-0.00	-1040.00	10.00	-0.49	0.24	0.06	50.00	-1020.00	110.00	-1.16	-0.24	0.43
-140.00	-1050.00	100.00	-0.67	-0.91	2.26	10.00	-940.00	10.00	-0.24	-0.30	1.28	-0.00	-1040.00	10.00	-0.49	0.18	0.06	50.00	-1020.00	100.00	-1.16	-0.30	0.30
-140.00	-1050.00	100.00	-0.73	-0.91	2.32	0.00	-930.00	10.00	-0.30	-0.12	1.28	-10.00	-1040.00	10.00	-0.55	0.37	0.12	50.00	-1020.00	100.00	-1.22	-0.55	0.24
-140.00	-1050.00	100.00	-0.61	-1.16	2.20	10.00	-940.00	10.00	-0.43	-0.18	1.34	-0.00	-1040.00	0.00	-0.55	0.37	0.12	50.00	-1020.00	110.00	-1.10	-0.98	0.37
-140.00	-1050.00	100.00	-0.73	-0.91	2.13	10.00	-940.00	10.00	-0.49	-0.24	1.34	-0.00	-1040.00	0.00	-0.55	0.37	0.12	50.00	-1020.00	100.00	-0.79	-1.34	0.43
-130.00	-1050.00	100.00	-0.73	-0.91	2.13	10.00	-940.00	10.00	-0.43	-0.37	1.59	-0.00	-1040.00	0.00	-0.55	0.43	0.12	50.00	-1020.00	100.00	-1.59	-0.06	0.43
-130.00	-1050.00	100.00	-0.73	-0.91	2.07	10.00	-930.00	0.00	-0.61	-0.55	1.83	-10.00	-1030.00	10.00	-0.55	0.37	0.00	50.00	-1020.00	100.00	-1.71	-0.06	0.61
-140.00	-1060.00	90.00	-0.49	-1.04	2.13	10.00	-940.00	0.00	-0.67	-0.67	1.83	-10.00	-1030.00	10.00	-0.55	0.37	0.00	50.00	-1020.00	110.00	-1.65	-1.22	0.55
-140.00	-1060.00	90.00	-0.55	-1.04	2.13	0.00	-930.00	0.00	-0.67	-0.55	1.65	-10.00	-1030.00	10.00	-0.55	0.37	0.00	50.00	-1020.00	120.00	-1.65	-1.22	0.55
-130.00	-1050.00	100.00	-0.37	-1.04	2.07	0.00	-940.00	10.00	-0.67	-0.37	1.71	-10.00	-1040.00	0.00	0.12	-0.30	0.00	50.00	-1020.00	120.00	-1.65	-1.22	0.55
-130.00	-1050.00	110.00	-0.37	-1.04	2.07	0.00	-930.00	10.00	-0.61	-0.37	1.71	-10.00	-1040.00	0.00	1.77	-1.16	0.06	40.00	-1010.00	100.00	-1.65	-1.89	0.61
-140.00	-1050.00	100.00	-0.30	-0.85	2.20	0.00	-940.00	10.00	-0.67	-0.43	1.83	-10.00	-1040.00	0.00	1.77	-1.16	0.06	50.00	-1020.00	100.00	-2.44	-1.83	0.55
-140.00	-1050.00	100.00	-0.30	-0.85	2.20	10.00	-940.00	10.00	-0.61	-0.43	1.89	-0.00	-1040.00	10.00	0.91	-0.55	-0.18	50.00	-1020.00	100.00	-2.44	-1.83	0.55
-140.00	-1050.00	100.00	-0.18	-0.73	2.20	10.00	-940.00	10.00	-0.61	-0.43	1.89	-10.00	-1030.00	0.00	0.24	-0.61	0.24	40.00	-1020.00	90.00	-2.50	-1.52	0.55
-140.00	-1050.00	100.00	-0.12	-0.91	2.20	10.00	-940.00	10.00	-0.37	-0.73	1.95	-10.00	-1030.00	0.00	0.24	-0.61	0.24	50.00	-1020.00	100.00	-2.32	-1.65	0.55
-140.00	-1050.00	100.00	-0.06	-0.91	2.07	0.00	-940.00	10.00	-0.37	-0.61	1.95	-10.00	-1030.00	0.00	0.73	-1.52	0.49	50.00	-1020.00	100.00	-2.32	-1.65	0.55
-140.00	-1050.00	100.00	-0.06	-0.91	2.07	0.00	-930.00	0.00	-0.30	-0.73	1.83	-0.00	-1040.00	10.00	0.73	-2.68	1.04	50.00	-1020.00	110.00	-2.56	-2.20	0.37
-130.00	-1050.00	100.00	-0.06	-1.04	1.71	0.00	-930.00	10.00	-0.37	-0.67	1.77	-10.00	-1040.00	10.00	0.73	-2.68	1.04	50.00	-1020.00	100.00	-3.48	-2.26	-0.12
-140.00	-1050.00	100.00	-0.12	-1.10	1.59	0.00	-930.00	10.00	-0.37	-0.61	1.71	-10.00	-1040.00	10.00	0.73	-2.68	1.04	50.00	-1020.00	100.00	-3.48	-2.07	-0.37
-140.00	-1060.00	90.00	-0.12	-0.98	1.65	-0.00	-940.00	10.00	-0.49	-0.67	1.71	-10.00	-1040.00	10.00	0.06	-1.22	0.61	50.00	-1020.00	110.00	-3.05	-1.89	-0.18
-140.00	-1060.00	90.00	-0.18	-0.85	1.77	10.00	-930.00	0.00	-0.49	-0.55	1.77	0.00	-1030.00	0.00	0.06	-1.22	0.61	50.00	-1020.00	100.00	-2.74	-1.77	-0.18
-140.00	-1050.00	100.00	-0.06	-0.85	1.77	0.00	-930.00	10.00	-0.49	-0.61	1.71	0.00	-1030.00	0.00	0.49	-1.83	0.55	50.00	-1020.00	110.00	-2.44	-1.65	-0.37
-140.00	-1050.00	100.00	-0.06	-0.85	1.77	10.00	-930.00	0.00	-0.43	-0.61	1.65	0.00	-1050.00	10.00	0.00	-3.05	0.91	40.00	-1020.00	100.00	-2.26	-1.52	-0.30
-140.00	-1050.00	100.00	0.00	-0.73	1.89	-0.00	-940.00	0.00	-0.30	-0.67	1.59	0.00	-1050.00	10.00	0.00	-3.05	0.91	40.00	-1020.00	90.00	-2.13	-1.28	-0.12
-140.00	-1050.00	100.00	0.06	-0.79	1.89	0.00	-940.00	10.00	-0.30	-0.49	1.65	-10.00	-1040.00	10.00	-0.43	-2.62	0.91	50.00	-1030.00	90.00	-2.20	-1.16	0.00
-140.00	-1050.00	100.00	0.06	-1.04	1.83	0.00	-930.00	0.00	-0.30	-0.49	1.46	-10.00	-1040.00	10.00	-0.43	-2.62	0.91	40.00	-1020.00	90.00	-2.13	-1.10	0.00
-140.00	-1050.00	100.00	0.06	-1.04	1.83	0.00	-930.00	10.00	-0.43	-0.37	1.46	-10.00	-1040.00	20.00	-0.79	-1.77	0.30	40.00	-1030.00	90.00	-2.13	-1.04	0.06
-140.00	-1060.00	100.00	0.24	-1.16	1.77	0.00	-930.00	10.00	-0.49	-0.37	1.52	-0.00	-1040.00	10.00	-0.79	-1.77	0.30	50.00	-1030.00	90.00	-2.01	-0.91	0.06
-140.00	-1060.00	100.00	0.43	-1.04	1.52	-0.00	-930.00	10.00	-0.37	-0.24	1.59	-0.00	-1040.00	10.00	-0.67	-1.46	0.24	40.00	-1020.00	90.00	-1.71	-0.73	0.24
-140.00	-1060.00	100.00	0.49	-0.98	1.52	0.00	-940.00	10.00	-0.37	-0.37	1.46	-0.00	-1050.00	20.00	-0.49	-0.85	0.18	50.00	-1020.00	90.00	-1.65	-0.67	0.30
-140.00	-1050.00	100.00	0.43	-0.98	1.28	0.00	-930.00	0.00	-0.30	-0.49	1.40	-10.00	-1030.00	0.00	-0.49	-0.85	0.18	40.00	-1020.00	90.00	-1.77	-0.79	0.24
-140.00	-1050.00	90.00	0.55	-0.91	1.16	-0.00	-930.00	10.00	-0.24	-0.43	1.28	-10.00	-1030.00	0.00	-0.55	-0.61	0.18	40.00	-1020.00	90.00	-1.65	-1.04	0.30
-140.00	-1050.00	100.00	0.67	-0.73	1.22	-0.00	-930.00	0.00	-0.30	-0.43	1.16	-10.00	-1030.00	10.00	-0.55	-0.61	0.18	50.00	-1030.00	90.00	-1.65	-1.16	0.43
-140.00	-1050.00	100.00	0.67	-0.73	1.22	-0.00	-930.00	0.00	-0.30	-0.43	1.16	-10.00	-1030.00	0.00	-0.91	-0.18	0.24	50.00	-1020.00	90.00	-2.20	-0.91	0.43
-140.00	-1050.00	100.00	0.73	-0.67	1.28	-0.00	-930.00	10.00	-0.24	-0.24	1.22	-10.00	-1030.00	0.00	-1.10	0.00	0.18	50.00	-1020.00	90.00	-2.07	-0.73	0.49
-140.00	-1050.00	100.00	0.73	-0.73	1.22	-0.00	-930.00	0.00	-0.24	-0.24	1.28	-10.00	-1030.00	-0.00	-1.10	0.00	0.18	50.00	-1020.00	90.00	-1.71	-0.55	0.55
-140.00	-1050.00	100.00	0.73	-0.73	1.22	0.00	-930.00	10.00	-0.37	-0.24	1.28	-10.00	-1030.00	-0.00	-1.28	0.49	0.12	50.00	-1030.00	100.00	-1.59	-0.43	0.61
-140.00	-1050.00	100.00	0.61	-0.85	1.22	-0.00	-930.00	0.00	-0.37	-0.12	1.34	-10.00	-1040.00	0.00	-1.28	0.49	0.12	50.00	-1020.00	110.00	-1.59	-0.49	0.61
-140.00	-1050.00	100.00	0.55	-0.67	1.22	-0.00	-930.00	0.00	-0.30	-0.24	1.34	-10.00	-1040.00	10.00	-1.34	0.43	0.24	50.00	-1020.00	100.00	-1.65	-0.55	0.55
-140.00	-1050.00	100.00	0.49	-0.73	1.28	-0.00	-930.00	10.00	-0.24	-0.37	1.34	-10.00	-1040.00	10.00	-1.34	0.43	0.24	50.00	-1020.00	100.00	-1.65	-0.73	0.55
-140.00	-1050.00	100.00	0.49	-0.73	1.28	-0.00	-940.00	10.00	-0.12	-0.43	1.34	-10.00	-1040.00	10.00	-1.10	-0.43	0.43	50.00	-1020.00	100.00	-1.46	-0.73	0.43
-140.00	-1050.00	100.00	0.30	-0.67	1.40	-0.00	-930.00	10.00	-0.12	-0.43	1.28	-10.00	-1040.00	10.00	-1.10	-0.43	0.43	50.00	-1020.00	90.00	-1.22	-0.61	0.43
-140.00	-1050.00	100.00	0.18	-0.73	1.65	-0.00	-930.00	10.00	-0.12	-0.37	1.34	-10.00	-1030.00	10.00	-1.04	0.24	0.55	40.00	-1020.00	90.00	-1.04	-0.49	0.43
-140.00	-1050.00	100.00	0.37	-0.91	1.59	-10.00	-940.00	10.00	-0.12	-0.18	1.16	-10.00	-1030.00	10.00	-0.91	0.43	0.43	40.00	-1020.00	90.00	-1.04	-0.43	0.43
-140.00	-1050.00	100.00	0.37	-0.91	1.59	-0.00	-930.00	10.00	-0.24	0.00	1.10	-10.00	-1040.00	10.00	-0.91	0.43	0.43	40.00	-1020.00	90.00	-1.16	-0.30	0.49
-140.00	-1050.00	100.00	0.06	-0.73	1.59	-0.00	-940.00	10.00	-0.30	0.00	0.98	-0.00	-1040.00	0.00	-0.91	0.43	0.43	50.00	-1020.00	90.00	-1.10	-0.12	0.55
-140.00	-1050.00	100.00	0.06	-0.73	1.59	-0.00	-940.00	10.00	-0.30	0.00	0.73	-0.00	-1040.00	0.00	-0.85	0.55	0.43	50.00	-1030.00	90.00	-1.22	-0.12	0.49
-140.00	-1050.00	100.00	0.06	-0.79	1.65	-0.00	-940.00	0.00	-0.24	0.18	0.55	-0.00	-1040.00	20.00	-0.91	0.37	0.55	50.00	-1020.00	90.00	-1.34	-0.06	0.49
-140.00	-1050.00	90.00	-0.12	-0.55	1.65	-0.00	-930.00	0.00	-0.24	0.18	0.55	-0.00	-1040.00	20.00	-0.91	0.37	0.55	50.00	-1020.00	100.00	-1.10	0.12	0.55
-140.00	-1050.00	100.00	-0.12	-0.55	1.65	-0.00	-930.00	0.00	-0.24	0.12	0.55	-10.00	-1040.00	20.00	-0.98	0.30	0.55	50.00	-1030.00	100.00	-0.91	0.30	0.61
-140.00	-1050.00	100.00	-0.12	-0.55	1.65	-0.00	-930.00	10.00	-0.24	0.24	0.49	-10.00	-1040.00	10.00	-0.85	0.37	0.49	50.00	-1020.00	90.00	-0.73	0.12	0.49
-140.00	-1050.00	100.00	0.06	-0.73	1.40	-10.00	-940.00	10.00	-0.30	0.30	0.49	-10.00	-1040.00	0.00	-0.85	0.37	0.49	40.00	-1020.00	90.00	-0.30	-0.67	0.37
-150.00	-1050.00	100.00	-0.12	-0.85	1.52	-10.00	-940.00	0.00	-0.37	0.30	0.49	-10.00	-1040.00	0.00	-0.85	0.37	0.49	50.00	-1020.00	90.00	-0.55	-1.28	0.43
-140.00	-1050.00	100.00	-0.12	-0.85	1.52	-0.00	-930.00	10.00	-0.43	0.30	0.55	-10.00	-1040.00	0.00	-0.98	0.55	0.24	50.00	-1020.00	90.00	-1.22	-0.91	0.12
-140.00	-1050.00	100.00	-0.24	-1.04	1.65	-10.00	-930.00	0.00	-0.43	0.24	0.49	-10.00	-1040.00	0.00	-1.04	0.67	0.24	40.00	-1020.00	80.00	-1.52	-0.18	0.00
-140.00	-1050.00	100.00	-0.24	-1.04	1.65	-10.00	-930.00	10.00	-0.43	0.18	0.61	-10.00	-1040.00	0.00	-1.04	0.67	0.24	50.00	-1020.00	80.00	-1.22	0.55	0.37
-140.00	-1050.00	100.00	-0.37	-0.85	1.59	-10.00	-930.00	10.00	-0.43	0.18	0.67	-10.00	-1040.00	0.00	-1.10	0.91	0.12	50.00	-1030.00	90.00	-1.04	0.79	0.49
-150.00	-1050.00	100.00	-0.37	-0.91	1.59	-10.00	-930.00	10.00	-0.37	0.06	0.79	-10.00	-1030.00	0.00	-1.34	1.10	0.24	50.00	-1020.00	120.00	-0.91	0.55	0.30
-140.00	-1050.00	100.00	-0.37	-0.91	1.59	-0.00	-930.00	0.00	-0.37	-0.12	0.91	-10.00	-1030.00	0.00	-1.34	1.10	0.24	50.00	-1020.00	110.00	-1.04	-0.43	-0.06
-140.00	-1050.00	100.00	-0.30	-0.98	1.71	-0.00	-930.00	10.00	-0.37	-0.18	1.10	-10.00	-1030.00	0.00	-1.34	1.10	0.24	50.00	-1020.00	100.00	-1.04	-0.85	-0.30
-130.00	-1060.00	100.00	-0.30	-0.98	1.71	-0.00	-930.00	10.00	-0.43	-0.18	1.10	-10.00	-1040.00	0.00	-1.59	1.77	0.12	50.00	-1030.00	100.00	-1.04	-0.85	-0.30
-150.00	-1050.00	100.00	-0.24	-0.79	1.71	-10.00	-930.00	10.00	-0.49	-0.18	1.04	-10.00	-1040.00	0.00	-1.59	1.77	0.12	50.00	-1020.00	90.00	-1.04	0.06	0.43
-140.00	-1050.00	90.00	-0.24	-0.79	1.71	-0.00	-940.00	10.00	-0.55	0.00	0.98	-10.00	-1040.00	0.00	-1.59	1.77	0.12	40.00	-1030.00	70.00	-1.04	0.06	0.43
-150.00	-1050.00	100.00	-0.12	-0.79	1.83	-10.00	-940.00	10.00	-0.55	0.00	0.91	-10.00	-1040.00	0.00	0.12	-1.28	0.43	40.00	-1020.00	80.00	-1.46	0.12	0.30
-150.00	-1050.00	100.00	0.00	-0.73	2.01	-0.00	-940.00	10.00	-0.49	0.06	0.91	-10.00	-1040.00	0.00	0.00	-1.59	0.73	50.00	-1030.00	80.00	-1.46	-0.18	0.37
-140.00	-1050.00	100.00	0.00	-0.73	2.01	-0.00	-940.00	0.00	-0.55	0.12	0.98	-10.00	-1030.00	-10.00	0.00	-1.59	0.73	50.00	-1030.00	80.00	-1.46	-0.18	0.37
-140.00	-1050.00	100.00	-0.06	-0.73	1.95	0.00	-940.00	10.00	-0.67	0.00	0.98	-10.00	-1030.00	-10.00	0.00	-1.59	0.73	50.00	-1020.00	90.00	-1.16	-0.73	0.18
-140.00	-1050.00	100.00	-0.06	-0.73	1.95	0.00	-940.00	0.00	-0.55	0.06	0.91	-10.00	-1040.00	-0.00	-0.24	0.91	-0.73	50.00	-1020.00	100.00	-1.16	-0.73	0.18
-150.00	-1050.00	100.00	-0.24	-0.67	1.89	-0.00	-940.00	10.00	-0.37	0.00	0.98	0.00	-1040.00	-10.00	-0.24	0.91	-0.73	50.00	-1020.00	90.00	-1.28	-0.37	0.30
-150.00	-1050.00	100.00	-0.24	-0.67	1.89	-0.00	-940.00	10.00	-0.43	-0.06	0.98	0.00	-1040.00	-10.00	-0.24	0.91	-0.73	50.00	-1030.00	90.00	-1.28	0.06	0.49
-150.00	-1050.00	100.00	-0.24	-0.61	1.77	-10.00	-940.00	10.00	-0.37	-0.18	0.85	0.00	-1040.00	-10.00	-0.18	0.24	-0.49	50.00	-1030.00	90.00	-1.28	0.06	0.49
-140.00	-1060.00	90.00	-0.12	-0.61	1.77	-10.00	-930.00	10.00	-0.37	-0.12	0.91	-20.00	-1040.00	20.00	-0.18	0.24	-0.49	50.00	-1030.00	90.00	-1.28	0.06	0.55
-150.00	-1060.00	100.00	-0.18	-0.85	1.77	-10.00	-930.00	10.00	-0.49	-0.18	0.98	-20.00	-1040.00	20.00	-0.18	0.24	-0.49	50.00	-1030.00	90.00	-1.28	0.06	0.55
-150.00	-1060.00	100.00	-0.18	-0.85	1.77	-0.00	-930.00	10.00	-0.55	-0.30	1.16	-20.00	-1040.00	20.00	-0.18	0.24	-0.49	50.00	-1020.00	100.00	-1.46	-0.37	0.49
-140.00	-1050.00	100.00	-0.18	-0.85	1.77	-0.00	-930.00	10.00	-0.55	-0.43	1.34	-10.00	-1040.00	-10.00	-0.24	-0.73	-0.12	50.00	-1020.00	100.00	-1.46	-0.37	0.49
-150.00	-1050.00	90.00	0.00	-0.85	2.38	-0.00	-930.00	0.00	-0.79	-0.43	1.34	-10.00	-1040.00	-10.00	-0.24	-0.73	-0.12	50.00	-1020.00	100.00	-1.46	-0.61	0.30
-150.00	-1050.00	90.00	0.00	-0.85	2.38	-10.00	-930.00	0.00	-0.73	-0.37	1.40	-10.00	-1040.00	-10.00	-0.24	-0.73	-0.12	50.00	-1020.00	90.00	-1.46	-1.04	0.12
-150.00	-1050.00	90.00	0.06	-0.91	2.44	-10.00	-930.00	10.00	-0.73	-0.30	1.28	-10.00	-1030.00	0.00	-0.55	0.37	-0.37	50.00	-1020.00	90.00	-1.46	-1.04	0.12
-150.00	-1050.00	90.00	0.18	-0.91	2.56	-10.00	-930.00	0.00	-0.85	-0.18	1.22	-10.00	-1030.00	0.00	-0.55	0.37	-0.37	40.00	-1020.00	90.00	-1.46	-1.04	0.12
-140.00	-1050.00	100.00	0.18	-0.91	2.56	-0.00	-930.00	0.00	-0.98	-0.12	1.22	-10.00	-1030.00	0.00	-0.55	0.37	-0.37	40.00	-1030.00	80.00	-1.52	-0.98	0.24
-140.00	-1050.00	90.00	0.12	-1.04	2.68	-0.00	-930.00	10.00	-0.98	-0.12	1.22	-20.00	-1040.00	10.00	-0.61	0.61	-0.43	40.00	-1030.00	80.00	-1.65	-0.73	0.37
-140.00	-1050.00	90.00	0.24	-1.46	2.87	-0.00	-940.00	10.00	-0.98	0.12	1.22	-20.00	-1040.00	10.00	-0.98	0.49	-0.18	50.00	-1020.00	90.00	-1.65	-0.73	0.37
-140.00	-1060.00	90.00	0.12	-1.34	2.99	-10.00	-940.00	10.00	-0.91	0.00	1.16	-20.00	-1040.00	10.00	-0.98	0.49	-0.18	50.00	-1020.00	90.00	-1.65	-0.73	0.37
-140.00	-1050.00	100.00	0.12	-1.34	2.99	-0.00	-940.00	10.00	-0.85	0.00	1.22	-20.00	-1040.00	10.00	-0.79	0.24	-0.12	50.00	-1020.00	100.00	-1.89	-0.73	0.49
-150.00	-1060.00	100.00	-0.12	-0.67	3.17	-0.00	-940.00	10.00	-0.73	-0.06	1.16	-10.00	-1040.00	10.00	-0.12	-0.30	-0.18	50.00	-1020.00	100.00	-1.89	-0.73	0.49
-150.00	-1060.00	90.00	-0.18	-0.61	3.29	-10.00	-940.00	0.00	-0.67	-0.12	1.16	-10.00	-1040.00	10.00	-0.12	-0.30	-0.18	50.00	-1020.00	100.00	-1.89	-0.73	0.49
-140.00	-1060.00	100.00	-0.12	-0.55	3.35	-0.00	-930.00	0.00	-0.67	-0.06	1.10	-10.00	-1040.00	-0.00	0.12	-0.37	-0.12	50.00	-1020.00	90.00	-1.89	-0.73	0.49
-150.00	-1060.00	90.00	-0.24	-1.04	2.93	-10.00	-940.00	10.00	-0.61	-0.06	1.22	-10.00	-1030.00	0.00	-0.24	-0.12	-0.06	50.00	-1020.00	90.00	-1.89	-0.91	0.24
-150.00	-1060.00	90.00	0.00	-0.91	2.62	-10.00	-940.00	10.00	-0.55	-0.18	1.22	-10.00	-1030.00	0.00	-0.37	0.18	-0.06	50.00	-1020.00	90.00	-1.89	-0.91	0.24
-140.00	-1060.00	90.00	0.00	-0.85	2.38	-10.00	-940.00	0.00	-0.49	-0.12	1.22	-0.00	-1040.00	0.00	-0.55	0.49	-0.30	50.00	-1020.00	90.00	-1.89	-0.91	0.24
-150.00	-1050.00	90.00	0.06	-1.22	2.07	-0.00	-930.00	10.00	-0.67	-0.18	1.34	-10.00	-1040.00	10.00	-0.61	0.55	-0.24	50.00	-1020.00	90.00	-1.34	-0.61	0.12
-150.00	-1050.00	100.00	0.06	-1.16	1.89	-0.00	-930.00	10.00	-0.85	-0.30	1.28	-10.00	-1040.00	10.00	-0.79	0.49	-0.18	50.00	-1020.00	90.00	-1.34	-0.61	0.12
-150.00	-1050.00	90.00	0.06	-1.16	1.89	-10.00	-930.00	0.00	-0.79	-0.18	1.22	-10.00	-1040.00	10.00	-1.04	0.24	-0.06	50.00	-1020.00	90.00	-1.34	-0.61	0.12
-150.00	-1050.00	100.00	-0.06	-1.16	1.71	-10.00	-930.00	0.00	-0.61	-0.12	1.16	-10.00	-1030.00	10.00	-1.16	0.00	0.12	40.00	-1020.00	80.00	-1.16	-0.73	0.24
-160.00	-1050.00	90.00	0.06	-1.22	1.59	-10.00	-930.00	0.00	-0.61	-0.24	1.04	-20.00	-1030.00	0.00	-1.10	-0.30	0.18	40.00	-1020.00	80.00	-1.83	-0.85	-0.06
-160.00	-1050.00	90.00	0.18	-1.16	1.46	-0.00	-930.00	10.00	-0.67	-0.24	0.98	-10.00	-1030.00	-0.00	-1.10	-0.49	0.18	40.00	-1020.00	80.00	-1.83	-0.85	-0.06
-150.00	-1050.00	90.00	0.18	-1.16	1.46	-10.00	-930.00	10.00	-0.73	-0.18	1.10	-10.00	-1030.00	-0.00	-0.91	-0.43	0.18	40.00	-1020.00	80.00	-1.83	-0.85	-0.06
-150.00	-1050.00	90.00	0.61	-0.91	1.22	-10.00	-940.00	10.00	-0.67	-0.24	1.22	-10.00	-1030.00	-0.00	-0.67	-0.24	0.18	50.00	-1020.00	90.00	-2.74	-1.40	0.00
-150.00	-1050.00	90.00	0.73	-0.98	1.04	-10.00	-940.00	10.00	-0.73	-0.18	1.28	-10.00	-1030.00	-0.00	-0.67	-0.12	0.00	50.00	-1020.00	90.00	-2.74	-1.40	0.00
-160.00	-1040.00	90.00	0.73	-0.98	1.04	-10.00	-930.00	10.00	-0.67	-0.18	1.46	-10.00	-1040.00	-10.00	-0.55	0.00	-0.12	50.00	-1020.00	100.00	-2.74	-1.40	0.00
-150.00	-1040.00	90.00	0.67	-0.98	0.79	-10.00	-930.00	10.00	-0.61	-0.24	1.46	-10.00	-1040.00	0.00	-0.67	0.00	0.06	50.00	-1020.00	100.00	-2.74	-1.40	0.00
-150.00	-1050.00	90.00	0.85	-1.04	0.73	-0.00	-930.00	10.00	-0.61	-0.30	1.65	-10.00	-1040.00	0.00	-0.73	-0.06	0.06	50.00	-1020.00	100.00	-3.11	-1.71	0.00
-150.00	-1050.00	90.00	1.04	-1.10	0.61	-10.00	-930.00	10.00	-0.73	-0.37	1.83	-10.00	-1040.00	10.00	-0.79	-0.18	0.06	50.00	-1020.00	100.00	-3.11	-1.71	0.00
-150.00	-1050.00	80.00	1.04	-1.10	0.61	-10.00	-930.00	10.00	-0.91	-0.30	1.89	-20.00	-1040.00	10.00	-0.85	-0.43	0.12	50.00	-1020.00	100.00	-3.11	-1.71	0.00
-150.00	-1040.00	90.00	1.10	-0.73	0.73	-10.00	-930.00	0.00	-1.04	-0.37	2.01	-10.00	-1040.00	10.00	-0.91	-0.43	0.06	60.00	-1020.00	80.00	-2.44	-1.46	0.30
-160.00	-1050.00	90.00	1.10	-0.73	0.73	-10.00	-930.00	-0.00	-1.28	-0.61	2.13	-10.00	-1040.00	0.00	-0.98	-0.18	0.06	60.00	-1020.00	80.00	-2.44	-1.46	0.30
-160.00	-1050.00	90.00	1.10	-0.61	0.67	-10.00	-930.00	-0.00	-1.40	-0.85	2.38	-20.00	-1040.00	-0.00	-0.98	0.12	0.06	60.00	-1020.00	80.00	-2.44	-1.46	0.30
-150.00	-1050.00	100.00	1.10	-0.61	0.67	-10.00	-930.00	0.00	-1.46	-1.04	2.56	-10.00	-1030.00	0.00	-1.04	0.30	-0.12	50.00	-1030.00	80.00	-2.44	-1.46	0.30
-150.00	-1050.00	100.00	0.98	-0.43	0.55	-10.00	-940.00	0.00	-1.59	-0.73	2.74	-20.00	-1040.00	-0.00	-0.79	0.18	-0.18	50.00	-1030.00	80.00	-1.95	-1.16	0.18
-150.00	-1050.00	100.00	0.98	-0.43	0.61	-0.00	-940.00	0.00	-1.52	-0.67	2.68	-10.00	-1030.00	-10.00	-0.61	-0.06	-0.18	50.00	-1030.00	80.00	-1.95	-1.16	0.18
-150.00	-1040.00	100.00	0.98	-0.43	0.61	-10.00	-940.00	10.00	-1.52	-0.37	2.68	-10.00	-1040.00	-0.00	-0.37	-0.18	-0.18	50.00	-1030.00	80.00	-1.95	-1.16	0.18
-150.00	-1050.00	100.00	1.04	-0.79	0.73	-10.00	-940.00	0.00	-1.34	-0.49	2.56	-10.00	-1040.00	-10.00	-0.37	-0.30	-0.12	50.00	-1030.00	70.00	-1.59	-0.67	0.37
-150.00	-1050.00	90.00	1.04	-0.79	0.73	-10.00	-940.00	0.00	-1.28	-0.61	2.38	-20.00	-1030.00	-10.00	-0.43	-0.24	-0.18	50.00	-1030.00	70.00	-1.40	-0.43	0.30
-150.00	-1050.00	90.00	0.98	-0.73	0.73	-0.00	-940.00	10.00	-0.98	-0.67	2.26	-10.00	-1040.00	-0.00	-0.30	-0.18	-0.30	50.00	-1030.00	70.00	-1.40	-0.43	0.30
-150.00	-1060.00	90.00	0.98	-0.73	0.73	-0.00	-940.00	-0.00	-0.79	-0.61	2.01	-0.00	-1040.00	10.00	0.30	-0.30	-0.43	50.00	-1030.00	80.00	-1.28	-0.24	0.37
-150.00	-1050.00	90.00	0.85	-0.85	0.85	-10.00	-940.00	10.00	-0.79	-0.73	1.83	-10.00	-1040.00	10.00	0.30	-0.73	-0.18	50.00	-1020.00	80.00	-1.10	-0.12	0.43
-150.00	-1050.00	90.00	0.85	-0.85	0.85	-20.00	-940.00	10.00	-0.67	-0.61	1.59	-10.00	-1040.00	10.00	0.00	-1.04	0.06	50.00	-1020.00	80.00	-1.10	-0.30	0.30
-150.00	-1060.00	90.00	0.55	-0.85	0.61	-10.00	-930.00	0.00	-0.61	-0.49	1.34	-10.00	-1040.00	10.00	-0.12	-1.04	0.00	40.00	-1020.00	80.00	-1.10	-0.49	0.30
-150.00	-1050.00	90.00	0.49	-0.98	0.43	-10.00	-940.00	10.00	-0.67	-0.30	1.22	-0.00	-1040.00	10.00	0.43	-1.59	-0.12	40.00	-1020.00	70.00	-0.73	0.24	0.49
-150.00	-1050.00	90.00	0.49	-0.98	0.43	-20.00	-930.00	0.00	-0.67	-0.18	1.04	-10.00	-1040.00	10.00	0.61	-1.52	-0.06	40.00	-1020.00	70.00	-0.43	0.43	0.61
-150.00	-1060.00	100.00	0.30	-0.98	0.18	-20.00	-930.00	0.00	-0.55	0.06	0.79	-10.00	-1040.00	10.00	0.49	-1.52	0.24	40.00	-1020.00	70.00	-0.43	0.43	0.61
-150.00	-1060.00	100.00	0.30	-0.98	0.18	-20.00	-930.00	-0.00	-0.49	0.00	0.67	-10.00	-1040.00	0.00	0.12	-1.40	0.37	40.00	-1020.00	80.00	-0.43	0.43	0.61
-150.00	-1050.00	90.00	0.18	-0.67	-0.06	-20.00	-930.00	0.00	-0.37	0.06	0.55	-10.00	-1040.00	10.00	-0.12	-0.98	0.37	40.00	-1020.00	80.00	0.18	0.18	0.55
-150.00	-1050.00	90.00	-0.12	0.91	-0.37	-20.00	-930.00	-0.00	-0.24	0.06	0.43	-0.00	-1040.00	0.00	-0.24	-0.67	0.37	40.00	-1020.00	80.00	0.18	0.18	0.55
-150.00	-1050.00	100.00	-1.28	2.13	-1.34	-20.00	-930.00	0.00	-0.18	0.12	0.30	-10.00	-1050.00	10.00	-0.24	-0.73	0.37	50.00	-1020.00	80.00	-0.18	0.18	0.30
-150.00	-1050.00	100.00	0.55	0.91	-1.40	-20.00	-940.00	0.00	-0.12	0.18	0.18	-10.00	-1040.00	0.00	-0.49	-0.67	0.37	40.00	-1030.00	70.00	-0.18	0.18	0.30
-150.00	-1050.00	90.00	0.55	0.91	-1.40	-20.00	-930.00	0.00	-0.06	0.06	0.12	-20.00	-1040.00	-0.00	-0.55	-0.43	0.24	50.00	-1030.00	70.00	-0.12	0.55	0.49
-150.00	-1050.00	90.00	0.61	0.24	-1.40	-20.00	-930.00	10.00	0.00	0.30	-0.06	-10.00	-1040.00	-0.00	-0.67	0.00	0.30	50.00	-1030.00	70.00	0.18	0.55	0.30
-150.00	-1050.00	90.00	1.28	-0.61	-1.40	-20.00	-930.00	0.00	0.00	0.55	-0.12	-10.00	-1030.00	-20.00	-0.79	0.18	0.18	50.00	-1020.00	90.00	0.18	0.55	0.30
-150.00	-1040.00	100.00	1.28	-0.61	-1.40	-20.00	-920.00	-0.00	-0.06	0.55	-0.12	-20.00	-1040.00	-10.00	-0.85	0.73	0.00	50.00	-1020.00	90.00	0.24	0.06	0.43
-150.00	-1040.00	100.00	1.28	-0.79	-1.22	-20.00	-930.00	0.00	0.06	0.43	-0.18	-10.00	-1040.00	-0.00	-0.98	1.04	-0.06	50.00	-1020.00	90.00	0.24	0.06	0.43
-150.00	-1060.00	90.00	1.28	-0.79	-1.22	-20.00	-930.00	-0.00	0.00	0.49	0.00	-20.00	-1030.00	-0.00	-0.98	1.04	0.00	50.00	-1020.00	80.00	-0.55	-0.37	0.06
-150.00	-1060.00	90.00	1.28	-0.73	-1.10	-20.00	-930.00	-0.00	0.06	0.37	0.06	-20.00	-1030.00	-0.00	-1.16	0.91	0.12	50.00	-1020.00	90.00	-0.55	-0.37	0.06
-140.00	-1060.00	90.00	1.28	-0.73	-1.10	-20.00	-940.00	10.00	0.12	0.30	0.12	-10.00	-1030.00	-0.00	-1.22	0.67	0.24	50.00	-1020.00	90.00	-0.61	-0.24	0.00
-140.00	-1050.00	90.00	1.28	-0.49	-1.28	-20.00	-930.00	0.00	0.12	0.37	0.30	-20.00	-1030.00	-0.00	-1.34	0.43	0.37	50.00	-1020.00	90.00	-0.43	0.24	0.18
-140.00	-1050.00	90.00	0.98	-0.12	-1.46	-20.00	-940.00	0.00	0.18	0.18	0.30	-10.00	-1030.00	-10.00	-1.46	0.43	0.49	50.00	-1020.00	90.00	-0.43	0.24	0.18
-140.00	-1050.00	90.00	0.85	0.18	-1.52	-10.00	-930.00	10.00	0.30	0.00	0.30	-10.00	-1030.00	-10.00	-1.46	0.67	0.43	50.00	-1020.00	90.00	-0.43	0.24	0.18
-140.00	-1050.00	100.00	0.85	0.18	-1.52	-20.00	-940.00	0.00	0.24	-0.06	0.43	-20.00	-1030.00	-10.00	-1.52	0.91	0.43	40.00	-1030.00	90.00	-0.24	0.24	0.24
-140.00	-1050.00	100.00	1.22	1.40	-2.38	-10.00	-930.00	0.00	0.12	-0.18	0.43	-10.00	-1030.00	-0.00	-1.65	1.40	0.37	40.00	-1030.00	90.00	0.12	1.04	0.61
-140.00	-1040.00	100.00	1.22	1.40	-2.38	-20.00	-930.00	0.00	0.12	-0.18	0.30	-10.00	-1030.00	0.00	-1.59	1.65	0.43	50.00	-1030.00	80.00	0.12	1.04	0.61
-140.00	-1040.00	100.00	1.22	1.40	-2.38	-10.00	-940.00	10.00	0.12	-0.30	0.12	-10.00	-1030.00	0.00	-1.46	1.34	0.37	50.00	-1030.00	80.00	0.18	1.40	0.73
-140.00	-1050.00	90.00	-0.91	11.52	-7.32	-10.00	-940.00	0.00	0.06	-0.24	0.00	-10.00	-1030.00	-10.00	-1.04	0.79	0.37	40.00	-1020.00	80.00	0.18	1.40	0.73
-140.00	-1050.00	90.00	-0.91	11.95	-7.38	-10.00	-940.00	0.00	-0.06	-0.24	0.00	-20.00	-1040.00	-0.00	-0.55	0.73	0.43	40.00	-1020.00	80.00	0.55	1.52	0.85
-150.00	-1040.00	100.00	-0.91	11.95	-7.38	-10.00	-940.00	0.00	-0.18	-0.06	-0.06	-20.00	-1030.00	-10.00	-0.67	0.85	0.37	40.00	-1030.00	80.00	0.55	1.52	0.85
-130.00	-1040.00	100.00	-0.79	11.89	-6.95	-10.00	-940.00	0.00	-0.24	-0.12	-0.18	-20.00	-1040.00	-10.00	-0.67	1.34	0.12	50.00	-1030.00	80.00	0.49	1.16	0.67
-130.00	-1040.00	100.00	-0.98	10.61	-5.12	-10.00	-940.00	0.00	-0.37	0.00	-0.18	-10.00	-1040.00	-10.00	-0.55	1.65	-0.12	40.00	-1030.00	70.00	0.30	0.18	0.43
-130.00	-1040.00	100.00	-0.98	10.61	-5.12	-10.00	-940.00	10.00	-0.49	0.06	-0.24	-0.00	-1040.00	-0.00	-0.49	1.89	-0.24	40.00	-1030.00	70.00	-0.12	-0.18	0.61
-150.00	-1030.00	110.00	-1.59	10.12	-4.02	-10.00	-940.00	0.00	-0.79	-0.12	-0.43	-10.00	-1040.00	10.00	0.00	1.34	-0.24	50.00	-1030.00	70.00	-0.12	-0.18	0.61
-150.00	-1030.00	110.00	-1.71	8.96	-3.60	-20.00	-930.00	10.00	-0.85	-1.52	-0.98	-10.00	-1040.00	-0.00	0.37	0.49	-0.18	40.00	-1020.00	80.00	-0.12	-0.18	0.61
-140.00	-1050.00	100.00	-1.40	7.93	-3.48	-20.00	-940.00	10.00	-0.30	-2.44	-1.71	-20.00	-1040.00	0.00	0.43	0.06	0.12	40.00	-1020.00	80.00	-0.79	-0.06	0.49
-120.00	-1060.00	100.00	-1.40	7.93	-3.48	-20.00	-940.00	0.00	-0.06	-2.50	-2.13	-20.00	-1040.00	10.00	0.30	-0.18	0.18	40.00	-1020.00	80.00	-0.79	-0.06	0.49
-120.00	-1060.00	90.00	-1.59	7.93	-3.29	-10.00	-940.00	0.00	0.18	-2.13	-2.26	-20.00	-1030.00	-0.00	0.24	-0.06	0.06	40.00	-1020.00	80.00	-0.79	-0.06	0.49
-120.00	-1060.00	90.00	-1.28	7.26	-2.99	-10.00	-940.00	0.00	0.24	-1.65	-2.62	-10.00	-1040.00	-10.00	0.12	0.24	-0.12	50.00	-1020.00	100.00	-0.85	-0.18	0.49
-130.00	-1080.00	80.00	-0.55	6.10	-2.44	-20.00	-930.00	10.00	0.06	-0.98	-2.80	-10.00	-1050.00	0.00	0.12	0.43	-0.24	40.00	-1020.00	100.00	-0.24	-0.85	0.67
-130.00	-1070.00	100.00	-0.55	6.10	-2.44	-20.00	-930.00	0.00	0.06	-0.37	-2.80	-10.00	-1040.00	0.00	0.06	0.55	-0.37	40.00	-1020.00	100.00	-0.24	-0.85	0.67
-130.00	-1070.00	100.00	1.04	4.33	-0.12	-20.00	-930.00	0.00	0.12	-0.30	-2.68	-20.00	-1040.00	-0.00	0.12	0.49	-0.37	50.00	-1020.00	80.00	-0.49	-0.73	0.79
-130.00	-1070.00	80.00	2.26	3.35	1.28	-20.00	-930.00	10.00	0.00	-0.06	-2.38	-20.00	-1040.00	0.00	0.00	0.30	-0.18	50.00	-1020.00	80.00	-0.49	-0.73	0.79
-110.00	-1070.00	70.00	2.26	3.35	1.28	-20.00	-930.00	10.00	-0.06	0.37	-2.13	-20.00	-1040.00	-0.00	-0.12	0.06	-0.18	50.00	-1030.00	70.00	-0.79	-0.24	1.59
-100.00	-1080.00	60.00	2.93	2.32	3.17	-10.00	-930.00	10.00	0.06	0.67	-1.89	-10.00	-1040.00	-10.00	-0.06	0.00	-0.18	40.00	-1030.00	80.00	-0.79	-0.24	1.59
-100.00	-1080.00	60.00	4.02	0.73	5.30	-20.00	-940.00	10.00	0.00	0.67	-1.77	-20.00	-1040.00	-10.00	-0.06	0.06	-0.12	40.00	-1030.00	90.00	-2.32	-0.12	3.48
-110.00	-1090.00	50.00	5.12	-0.98	7.74	-20.00	-940.00	0.00	-0.06	0.61	-1.65	-10.00	-1040.00	-0.00	-0.12	0.30	0.00	40.00	-1030.00	90.00	-2.32	-0.12	3.48
-100.00	-1090.00	60.00	5.12	-0.98	7.74	-10.00	-930.00	0.00	-0.06	0.12	-1.71	-20.00	-1040.00	-0.00	-0.12	0.55	0.00	50.00	-1030.00	90.00	-3.05	-0.24	4.33
-90.00	-1090.00	50.00	7.44	-3.05	12.99	-10.00	-930.00	-0.00	-0.37	-0.49	-1.89	-10.00	-1040.00	0.00	-0.06	1.16	0.00	40.00	-1020.00	80.00	-3.96	-0.43	6.52
-90.00	-1090.00	50.00	8.41	-3.54	15.43	-10.00	-940.00	0.00	-0.43	-0.91	-2.20	-10.00	-1040.00	0.00	-0.06	2.01	-0.18	40.00	-1030.00	80.00	-3.96	-0.43	6.52
-90.00	-1100.00	60.00	8.41	-3.54	15.43	-10.00	-940.00	0.00	-0.49	-1.04	-2.50	-10.00	-1040.00	0.00	-0.18	2.50	-0.18	50.00	-1030.00	90.00	-4.39	-0.37	7.50
-80.00	-1110.00	50.00	8.41	-3.54	15.43	-10.00	-930.00	0.00	-0.49	-0.79	-2.93	-20.00	-1040.00	0.00	-0.18	2.93	-0.18	50.00	-1030.00	90.00	-4.76	-0.55	8.90
-80.00	-1110.00	50.00	10.49	-1.59	20.79	-0.00	-930.00	0.00	-0.49	-1.34	-3.48	-10.00	-1030.00	-0.00	0.00	2.93	-0.06	50.00	-1030.00	90.00	-4.94	-0.85	10.24
-90.00	-1130.00	50.00	12.20	-1.28	23.66	-0.00	-930.00	10.00	-0.79	-1.89	-3.78	-20.00	-1040.00	-0.00	0.18	2.44	0.00	50.00	-1030.00	80.00	-4.94	-0.85	10.24
-80.00	-1120.00	80.00	12.20	-1.28	23.66	-0.00	-940.00	0.00	-0.98	-4.82	-4.45	-20.00	-1040.00	-0.00	0.24	1.89	0.12	50.00	-1030.00	80.00	-5.61	-1.34	11.16
-90.00	-1150.00	70.00	17.80	-3.23	28.96	-10.00	-940.00	10.00	-1.28	-10.85	-5.91	-10.00	-1030.00	-0.00	0.37	1.10	0.55	50.00	-1030.00	80.00	-5.67	-2.56	12.99
-90.00	-1150.00	70.00	17.80	-3.23	28.96	-10.00	-930.00	0.00	-0.73	-11.95	-6.95	-20.00	-1030.00	-0.00	1.04	0.67	0.67	50.00	-1040.00	80.00	-5.67	-2.56	12.99
-100.00	-1180.00	80.00	22.20	-4.82	33.17	-10.00	-930.00	10.00	-0.43	-10.73	-7.68	-10.00	-1040.00	-20.00	1.40	0.24	0.49	40.00	-1030.00	80.00	-5.67	-2.56	12.99
-100.00	-1180.00	80.00	22.20	-4.82	33.17	-10.00	-930.00	0.00	-0.55	-8.35	-7.87	-10.00	-1040.00	-10.00	1.40	0.79	0.30	40.00	-1030.00	80.00	-6.22	-2.62	14.45
-120.00	-1160.00	90.00	40.61	-5.85	62.80	-10.00	-930.00	0.00	-0.55	-8.54	-8.48	-0.00	-1040.00	-0.00	1.28	0.73	0.37	30.00	-1040.00	80.00	-6.10	-2.07	15.06
-120.00	-1160.00	90.00	40.61	-5.85	62.80	-20.00	-930.00	10.00	-0.37	-15.30	-9.88	-10.00	-1040.00	10.00	0.79	0.73	0.43	40.00	-1030.00	90.00	-6.10	-2.07	15.06
-110.00	-1180.00	100.00	41.40	-7.56	68.60	-10.00	-930.00	20.00	0.12	-16.59	-10.61	-10.00	-1030.00	0.00	0.61	0.73	0.37	30.00	-1030.00	100.00	-5.43	-1.34	15.43
-110.00	-1200.00	100.00	44.09	-9.15	83.96	-10.00	-930.00	20.00	0.30	-13.54	-10.98	-10.00	-1030.00	10.00	0.73	0.55	0.43	30.00	-1030.00	100.00	-6.16	1.40	15.79
-110.00	-1200.00	100.00	50.18	-14.82	112.01	0.00	-930.00	40.00	0.30	-9.57	-10.67	-10.00	-1040.00	20.00	0.73	0.37	0.61	30.00	-1030.00	100.00	-6.04	2.74	16.28
-90.00	-1230.00	140.00	51.10	-17.68	123.41	-20.00	-920.00	10.00	0.61	-6.59	-9.82	-20.00	-1040.00	0.00	0.67	0.00	0.67	30.00	-1010.00	90.00	-6.04	2.74	16.28
-60.00	-1270.00	130.00	51.10	-17.68	123.41	-10.00	-920.00	10.00	0.79	-5.06	-8.35	-20.00	-1030.00	10.00	0.67	-0.30	0.91	30.00	-1010.00	90.00	-7.68	-1.22	12.32
-50.00	-1320.00	160.00	53.05	-21.28	147.26	-30.00	-920.00	10.00	0.98	-5.06	-6.71	-20.00	-1040.00	0.00	0.91	-0.61	1.10	30.00	-1010.00	90.00	-7.13	3.29	12.87
-50.00	-1320.00	160.00	56.04	-22.87	160.73	-10.00	-930.00	10.00	1.22	-5.91	-5.67	-10.00	-1040.00	-10.00	0.98	-0.61	1.28	10.00	-1010.00	80.00	-7.13	3.29	12.87
50.00	-1500.00	150.00	56.04	-22.87	160.73	10.00	-940.00	50.00	1.59	-6.65	-5.06	-10.00	-1040.00	-10.00	0.91	-0.55	1.46	-0.00	-990.00	80.00	-6.65	2.01	13.11
50.00	-1500.00	150.00	60.37	-25.98	184.15	-30.00	-920.00	-10.00	1.95	-6.77	-4.51	-20.00	-1030.00	-10.00	0.73	-0.43	1.77	-0.00	-990.00	80.00	-7.44	1.40	12.26
170.00	-1630.00	90.00	60.37	-25.98	184.15	-10.00	-920.00	0.00	2.50	-5.79	-3.60	-10.00	-1040.00	-0.00	0.43	-0.49	2.13	10.00	-1020.00	50.00	-7.44	1.40	12.26
170.00	-1630.00	90.00	63.90	-28.17	196.04	-20.00	-930.00	-10.00	3.17	-4.88	-2.50	-10.00	-1040.00	0.00	-0.18	-0.67	2.80	-10.00	-1010.00	60.00	-7.44	1.40	12.26
220.00	-1650.00	20.00	63.90	-28.17	196.04	10.00	-940.00	0.00	4.21	-4.21	-0.91	-20.00	-1050.00	0.00	-0.98	-0.79	3.84	-10.00	-1010.00	60.00	-7.01	0.49	13.11
220.00	-1650.00	20.00	65.91	-24.76	212.44	40.00	-940.00	10.00	4.94	-3.35	0.79	-10.00	-1040.00	-0.00	-1.77	-0.91	5.06	-10.00	-1000.00	70.00	-8.29	1.22	11.71
160.00	-1680.00	-140.00	65.91	-24.76	212.44	40.00	-940.00	-10.00	5.85	-2.62	2.87	-20.00	-1050.00	10.00	-2.68	-1.52	6.77	-10.00	-1010.00	70.00	-8.29	1.22	11.71
60.00	-1630.00	-200.00	66.10	-31.16	213.90	30.00	-950.00	0.00	7.13	-2.07	5.00	-20.00	-1040.00	-0.00	-3.11	-2.38	8.54	10.00	-1020.00	70.00	-7.26	2.38	10.85
60.00	-1630.00	-200.00	59.21	-41.83	198.78	30.00	-950.00	10.00	7.99	-1.89	7.32	-20.00	-1050.00	-0.00	-3.29	-2.87	10.49	10.00	-1020.00	70.00	-7.26	2.38	10.85
-320.00	-1630.00	-190.00	59.21	-41.83	198.78	20.00	-940.00	0.00	9.02	-2.01	10.06	-10.00	-1050.00	10.00	-2.99	-3.05	12.32	-20.00	-1000.00	60.00	-5.91	2.44	9.76
-320.00	-1630.00	-190.00	51.40	-50.61	180.06	30.00	-930.00	-20.00	10.61	-2.07	12.87	-10.00	-1050.00	0.00	-2.74	-2.87	14.09	-30.00	-1010.00	50.00	-5.91	2.44	9.76
-290.00	-1510.00	-180.00	51.40	-50.61	180.06	40.00	-930.00	-20.00	11.89	-1.89	15.49	-10.00	-1060.00	-0.00	-3.60	-2.68	15.91	-30.00	-1010.00	50.00	-4.51	2.20	6.71
-290.00	-1510.00	-180.00	31.22	-78.90	109.02	50.00	-940.00	-30.00	13.29	-1.46	17.87	-10.00	-1050.00	0.00	-4.76	-2.62	17.87	-30.00	-1010.00	50.00	-4.51	2.20	6.71
-220.00	-1040.00	-200.00	31.22	-78.90	109.02	50.00	-950.00	-20.00	15.37	-0.85	20.79	-10.00	-1050.00	-10.00	-6.04	-3.48	20.00	-40.00	-1040.00	10.00	5.49	4.09	7.01
-220.00	-1040.00	-200.00	25.43	-118.23	53.17	70.00	-940.00	-30.00	17.74	-0.12	23.78	-10.00	-1040.00	-10.00	-7.13	-4.63	21.95	-30.00	-1030.00	30.00	5.49	4.09	7.01
-300.00	-710.00	-230.00	-0.12	-103.23	-37.13	70.00	-950.00	-20.00	18.78	1.28	26.16	-10.00	-1050.00	0.00	-7.80	-5.37	23.72	-30.00	-1030.00	30.00	5.30	5.43	7.13
-10.00	-480.00	-490.00	-0.12	-103.23	-37.13	70.00	-950.00	-30.00	18.66	2.50	28.41	-10.00	-1060.00	-20.00	-8.29	-5.85	25.12	-20.00	-1070.00	-20.00	3.23	6.52	4.15
-10.00	-480.00	-490.00	-15.37	-71.04	-64.15	70.00	-950.00	-10.00	20.00	4.33	31.65	-20.00	-1060.00	-0.00	-8.66	-6.28	26.40	-20.00	-1070.00	-20.00	3.23	6.52	4.15
710.00	-330.00	-410.00	-15.37	-71.04	-64.15	80.00	-970.00	-10.00	22.50	7.26	35.91	-20.00	-1060.00	-10.00	-9.27	-6.65	27.26	-30.00	-1060.00	-10.00	4.88	12.68	3.35
710.00	-330.00	-410.00	-53.05	-39.15	-109.33	60.00	-980.00	0.00	24.94	9.88	40.91	-30.00	-1060.00	0.00	-9.33	-6.95	28.05	-10.00	-1040.00	50.00	4.88	12.68	3.35
710.00	-110.00	-210.00	-53.05	-39.15	-109.33	70.00	-990.00	10.00	27.44	10.18	46.40	-30.00	-1050.00	0.00	-9.15	-8.05	28.41	-30.00	-1030.00	70.00	7.68	14.70	-2.44
710.00	-110.00	-210.00	-71.34	-21.22	-125.43	80.00	-1000.00	10.00	28.90	9.82	53.05	-40.00	-1050.00	0.00	-9.76	-8.72	28.29	-30.00	-1030.00	70.00	7.68	14.70	-2.44
810.00	-250.00	-160.00	-104.63	12.93	-166.22	50.00	-1020.00	-0.00	31.22	7.62	59.02	-50.00	-1050.00	10.00	-9.51	-8.17	28.29	-10.00	-1060.00	20.00	9.76	15.00	-3.35
540.00	-230.00	-80.00	-104.63	12.93	-166.22	40.00	-1010.00	30.00	31.71	4.51	65.18	-50.00	-1050.00	0.00	-9.02	-8.90	28.11	-10.00	-1060.00	20.00	12.38	14.57	-4.88
540.00	-230.00	-80.00	-104.63	12.93	-166.22	10.00	-990.00	10.00	31.10	2.74	72.20	-60.00	-1030.00	-0.00	-9.02	-9.21	28.48	-80.00	-1050.00	20.00	12.38	14.57	-4.88
500.00	-290.00	-110.00	-116.40	29.88	-184.57	20.00	-1000.00	10.00	31.65	1.28	80.79	-70.00	-1020.00	-10.00	-8.78	-8.90	28.72	-30.00	-1040.00	50.00	11.04	6.40	-7.38
500.00	-290.00	-110.00	-133.54	50.49	-218.90	0.00	-1010.00	20.00	32.32	-1.40	90.49	-70.00	-1010.00	-10.00	-9.02	-9.45	28.35	-30.00	-1040.00	50.00	11.04	6.40	-7.38
460.00	-470.00	-150.00	-133.54	50.49	-218.90	40.00	-1050.00	40.00	34.02	-3.90	100.24	-70.00	-1010.00	-10.00	-9.76	-12.32	26.77	-40.00	-1040.00	40.00	10.30	3.29	-6.77
390.00	-580.00	-130.00	-137.80	52.50	-233.17	20.00	-1050.00	50.00	35.43	-6.83	111.83	-70.00	-1010.00	-10.00	-10.79	-13.78	26.95	-40.00	-1040.00	40.00	7.50	5.43	-4.51
340.00	-680.00	-100.00	-140.00	49.94	-244.82	80.00	-1120.00	70.00	36.40	-9.51	123.48	-80.00	-1010.00	-10.00	-10.79	-12.26	26.83	-60.00	-1010.00	70.00	7.50	5.43	-4.51
290.00	-790.00	-70.00	-139.82	41.83	-253.84	120.00	-1160.00	90.00	35.98	-12.38	136.65	-90.00	-1000.00	-10.00	-10.98	-11.77	26.95	-60.00	-1010.00	70.00	7.50	5.43	-4.51
290.00	-790.00	-70.00	-139.82	41.83	-253.84	90.00	-1130.00	60.00	37.99	-14.09	150.55	-90.00	-1000.00	-20.00	-10.55	-12.80	27.44	-40.00	-1030.00	110.00	6.59	5.55	-3.17
240.00	-920.00	-60.00	-138.60	30.00	-260.49	130.00	-1210.00	70.00	39.39	-15.79	165.85	-110.00	-1020.00	-40.00	-8.90	-14.21	29.76	-40.00	-1030.00	110.00	4.15	12.93	-1.77
120.00	-1210.00	-10.00	-135.24	7.80	-268.35	130.00	-1230.00	70.00	40.91	-14.88	182.62	-110.00	-1010.00	-20.00	-10.00	-11.83	27.62	-10.00	-1030.00	140.00	4.15	12.93	-1.77
120.00	-1210.00	-10.00	-135.24	7.80	-268.35	190.00	-1250.00	70.00	42.01	-14.63	198.35	-110.00	-1010.00	-20.00	-10.18	-12.44	26.46	0.00	-1050.00	120.00	4.82	14.45	-1.83
120.00	-1210.00	-10.00	-135.24	7.80	-268.35	180.00	-1260.00	80.00	42.62	-14.57	215.73	-110.00	-1020.00	-20.00	-11.22	-12.87	26.04	0.00	-1050.00	120.00	5.37	12.20	0.12
50.00	-1470.00	90.00	-134.45	-9.39	-273.23	230.00	-1320.00	90.00	38.96	-15.85	230.73	-110.00	-1030.00	-30.00	-10.85	-13.23	24.63	10.00	-1030.00	120.00	5.37	12.20	0.12
-20.00	-1560.00	120.00	-134.15	-18.48	-274.27	280.00	-1310.00	100.00	37.26	-21.83	240.67	-130.00	-1060.00	-40.00	-11.04	-13.96	24.45	0.00	-1070.00	70.00	5.37	12.20	0.12
-20.00	-1560.00	120.00	-134.15	-18.48	-274.27	320.00	-1350.00	100.00	39.70	-35.43	241.59	-140.00	-970.00	-20.00	-10.37	-14.51	23.29	0.00	-1070.00	70.00	4.27	10.24	1.22
-80.00	-1640.00	120.00	-134.15	-18.48	-274.27	350.00	-1350.00	100.00	42.32	-56.71	235.00	-140.00	-1010.00	-50.00	-9.70	-16.77	22.32	0.00	-1070.00	70.00	1.28	8.11	0.43
-90.00	-1780.00	150.00	-122.62	-20.85	-246.22	370.00	-1370.00	30.00	45.79	-84.88	223.90	-130.00	-1000.00	-60.00	-8.54	-15.98	21.71	-0.00	-1080.00	60.00	1.28	8.11	0.43
-90.00	-1780.00	150.00	-117.20	-12.07	-240.61	410.00	-1380.00	-60.00	40.24	-104.39	205.61	-140.00	-990.00	-70.00	-6.46	-16.22	20.24	-10.00	-1040.00	90.00	-0.37	7.62	0.37
-90.00	-1780.00	150.00	-117.20	-12.07	-240.61	380.00	-1400.00	-140.00	28.78	-100.98	180.79	-150.00	-1020.00	-70.00	-5.12	-17.50	19.70	-10.00	-1040.00	90.00	-2.50	10.79	-0.12
-90.00	-2000.00	280.00	-97.62	-4.76	-228.60	330.00	-1390.00	-240.00	16.52	-94.70	142.50	-140.00	-1010.00	-100.00	-4.21	-19.09	19.39	-20.00	-1020.00	100.00	-2.50	10.79	-0.12
-140.00	-2000.00	300.00	-90.67	4.82	-218.35	150.00	-1380.00	-300.00	9.45	-85.06	83.35	-170.00	-1020.00	-120.00	-3.29	-18.96	18.23	-20.00	-1020.00	110.00	-2.50	10.79	-0.12
-140.00	-2000.00	300.00	-90.67	4.82	-218.35	-80.00	-1470.00	-340.00	4.82	-80.49	15.49	-180.00	-1010.00	-100.00	-1.52	-21.04	15.67	-20.00	-1020.00	110.00	-1.89	11.16	-0.06
-170.00	-1980.00	310.00	-84.45	19.57	-203.96	-100.00	-1370.00	-300.00	-7.80	-69.88	-33.41	-180.00	-1040.00	-60.00	0.85	-23.78	13.05	-20.00	-1020.00	110.00	-2.68	10.49	0.55
-210.00	-1880.00	320.00	-81.10	33.41	-183.78	-60.00	-1360.00	-250.00	-6.71	-60.67	-68.96	-160.00	-1040.00	-40.00	2.74	-20.24	10.37	-40.00	-990.00	120.00	-2.68	10.49	0.55
-280.00	-1800.00	300.00	-81.65	35.30	-157.62	50.00	-1260.00	-260.00	-16.65	-44.02	-90.30	-170.00	-1030.00	-40.00	5.12	-16.59	7.68	-10.00	-1030.00	80.00	-2.68	10.49	0.55
-280.00	-1800.00	300.00	-81.65	35.30	-157.62	-90.00	-1170.00	-280.00	-18.90	-33.66	-114.63	-180.00	-1020.00	-50.00	7.80	-14.27	5.98	-10.00	-1030.00	80.00	-4.21	7.13	2.20
-890.00	-1480.00	200.00	-58.66	-23.84	-86.34	-40.00	-840.00	-280.00	-37.68	-28.90	-127.56	-180.00	-1030.00	-90.00	9.94	-12.93	4.45	-10.00	-1030.00	80.00	-8.17	4.76	5.67
-1270.00	-1370.00	440.00	-43.84	-34.45	-44.94	120.00	-490.00	-250.00	-51.28	-15.43	-145.55	-250.00	-1010.00	-80.00	11.04	-12.87	3.41	-0.00	-1010.00	90.00	-9.88	5.43	7.56
-1270.00	-1370.00	440.00	-43.84	-34.45	-44.94	590.00	-500.00	-310.00	-66.10	-1.34	-164.82	-240.00	-1020.00	-60.00	11.28	-14.15	3.60	-0.00	-1010.00	90.00	-14.51	9.15	12.44
-1270.00	-1370.00	440.00	-43.84	-34.45	-44.94	740.00	-230.00	-330.00	-75.85	15.61	-183.90	-230.00	-1010.00	-50.00	11.16	-14.45	4.45	-0.00	-1010.00	90.00	-14.51	9.15	12.44
-1290.00	-1260.00	720.00	-2.20	4.39	32.99	540.00	-570.00	-320.00	-82.20	30.98	-203.23	-230.00	-1000.00	-60.00	11.40	-15.85	5.00	-0.00	-1010.00	90.00	-14.51	9.15	12.44
-920.00	-1330.00	780.00	19.15	16.65	59.45	600.00	20.00	-110.00	-87.99	42.62	-221.65	-220.00	-1000.00	-60.00	11.16	-16.04	5.06	10.00	-1000.00	150.00	-16.46	11.34	14.02
-920.00	-1330.00	780.00	19.15	16.65	59.45	760.00	-380.00	-140.00	-94.51	49.94	-239.02	-200.00	-1010.00	-40.00	9.94	-13.72	5.12	-10.00	-980.00	150.00	-18.11	9.82	15.24
-660.00	-1260.00	680.00	42.20	11.28	88.17	530.00	-350.00	-20.00	-101.22	51.65	-253.60	-200.00	-1010.00	-30.00	8.66	-11.28	5.06	-20.00	-1000.00	110.00	-18.11	9.82	15.24
-660.00	-1260.00	680.00	42.20	11.28	88.17	390.00	-410.00	-100.00	-105.12	48.35	-264.51	-180.00	-1010.00	-30.00	7.38	-7.26	4.63	-30.00	-1010.00	110.00	-18.11	9.82	15.24
-570.00	-1160.00	570.00	46.71	10.49	95.79	370.00	-420.00	-70.00	-106.52	42.01	-271.22	-190.00	-1020.00	-10.00	6.95	-4.09	4.39	-30.00	-1010.00	110.00	-26.22	7.74	18.35
-570.00	-1160.00	570.00	46.71	10.49	95.79	260.00	-420.00	-120.00	-105.73	35.79	-275.67	-190.00	-1060.00	20.00	7.26	-1.22	4.02	-30.00	-1020.00	70.00	-36.83	2.62	23.41
-410.00	-1080.00	410.00	56.52	22.26	124.82	250.00	-470.00	-130.00	-102.87	30.12	-278.66	-190.00	-1080.00	20.00	7.99	1.04	3.72	-10.00	-980.00	130.00	-37.20	0.24	26.89
-330.00	-1130.00	460.00	50.55	32.13	107.44	280.00	-550.00	-80.00	-99.39	24.09	-280.79	-220.00	-1060.00	10.00	7.74	1.22	3.66	-10.00	-980.00	130.00	-37.20	0.24	26.89
-330.00	-1130.00	460.00	50.55	32.13	107.44	300.00	-650.00	-50.00	-98.05	17.93	-282.44	-220.00	-1070.00	20.00	7.07	-0.37	4.27	-10.00	-980.00	130.00	-35.12	-0.79	34.57
1710.00	-1190.00	-290.00	30.43	22.74	193.54	330.00	-730.00	-20.00	-98.41	12.74	-283.78	-220.00	-1040.00	-0.00	6.16	-2.26	4.82	-60.00	-930.00	120.00	-35.61	-3.48	39.02
1710.00	-1190.00	-290.00	30.43	22.74	193.54	340.00	-820.00	-10.00	-100.06	8.48	-283.54	-240.00	-1040.00	-40.00	4.70	-3.72	4.76	-40.00	-1030.00	50.00	-35.61	-3.48	39.02
2000.00	-1430.00	-1090.00	30.43	12.93	200.12	320.00	-920.00	-0.00	-101.16	8.60	-280.30	-220.00	-1050.00	-50.00	3.78	-3.78	4.51	-10.00	-1050.00	30.00	-33.60	-7.93	47.32
2000.00	-1430.00	-1090.00	30.43	12.93	200.12	280.00	-1030.00	20.00	-98.41	11.77	-273.23	-190.00	-1060.00	-50.00	2.80	-2.38	2.44	-10.00	-1050.00	30.00	-29.76	-9.76	50.49
-300.00	-1190.00	400.00	40.67	8.29	105.43	240.00	-1150.00	50.00	-93.72	16.04	-263.41	-180.00	-1050.00	-20.00	1.59	-0.98	1.95	-30.00	-1040.00	30.00	-29.76	-9.76	50.49
-300.00	-1190.00	400.00	40.67	8.29	105.43	210.00	-1300.00	80.00	-88.23	18.48	-254.27	-180.00	-1040.00	-20.00	1.10	0.55	1.83	-20.00	-1050.00	10.00	-29.76	-9.76	50.49
-560.00	-1550.00	200.00	48.48	11.59	89.57	140.00	-1410.00	80.00	-84.76	21.10	-246.71	-210.00	-1030.00	-0.00	1.22	1.52	1.40	-20.00	-1050.00	10.00	-23.66	-9.63	57.87
30.00	-1160.00	240.00	35.37	-24.45	70.37	90.00	-1540.00	70.00	-81.46	23.48	-241.34	-230.00	-1040.00	0.00	1.77	0.61	1.10	-20.00	-1050.00	10.00	-24.27	-10.12	60.55
30.00	-1160.00	240.00	35.37	-24.45	70.37	50.00	-1630.00	90.00	-77.07	25.91	-237.07	-240.00	-1010.00	10.00	1.83	-0.18	1.89	-50.00	-1110.00	-50.00	-24.27	-10.12	60.55
-220.00	-1110.00	100.00	18.11	-41.83	46.40	40.00	-1630.00	80.00	-70.91	36.16	-230.91	-240.00	-1040.00	10.00	1.04	0.18	2.87	-60.00	-1130.00	-40.00	-23.35	-9.39	65.43
-220.00	-1110.00	100.00	18.11	-41.83	46.40	30.00	-1660.00	60.00	-62.93	47.20	-220.00	-240.00	-1020.00	-0.00	0.12	-0.37	4.39	-60.00	-1130.00	-40.00	-23.35	-9.39	65.43
-260.00	-870.00	-40.00	19.94	-19.57	35.98	40.00	-1690.00	60.00	-57.99	55.55	-200.91	-220.00	-1020.00	-20.00	-0.49	-1.40	5.79	-70.00	-1120.00	30.00	-22.93	-8.60	69.63
-260.00	-870.00	-40.00	14.02	7.38	41.46	10.00	-1740.00	90.00	-59.09	56.83	-176.10	-200.00	-1010.00	-20.00	-1.89	-0.73	7.62	-70.00	-1120.00	30.00	-22.93	-8.60	69.63
20.00	-1080.00	-90.00	0.49	17.01	51.04	-30.00	-1820.00	150.00	-61.77	41.16	-146.83	-210.00	-1040.00	-10.00	-3.29	0.37	9.33	-120.00	-1150.00	-0.00	-22.50	-1.10	84.88
210.00	-1080.00	30.00	0.49	17.01	51.04	-80.00	-1840.00	180.00	-61.04	7.80	-118.41	-200.00	-1030.00	-10.00	-5.61	0.98	10.67	-120.00	-1150.00	-0.00	-22.50	-1.10	84.88
210.00	-1080.00	30.00	0.49	17.01	51.04	-140.00	-1820.00	190.00	-67.26	-19.39	-84.76	-190.00	-1020.00	-20.00	-6.77	-0.79	12.20	-110.00	-1150.00	10.00	-26.89	2.50	93.17
210.00	-1080.00	30.00	0.98	15.43	44.94	-250.00	-1730.00	160.00	-59.94	-26.83	-44.02	-190.00	-1020.00	10.00	-7.62	-2.01	13.84	-100.00	-1200.00	-50.00	-46.83	12.44	101.16
180.00	-1010.00	80.00	3.66	26.10	47.87	-330.00	-1650.00	180.00	-26.95	-16.71	-4.45	-180.00	-1040.00	20.00	-9.76	-1.10	16.28	-100.00	-1200.00	-50.00	-46.83	12.44	101.16
30.00	-1070.00	100.00	3.66	26.10	47.87	-390.00	-1560.00	130.00	7.62	-0.55	30.49	-210.00	-1040.00	40.00	-11.59	-0.12	17.93	-130.00	-1310.00	-130.00	-51.40	14.76	109.57
30.00	-1070.00	100.00	4.82	20.67	44.15	-460.00	-1450.00	40.00	26.83	6.52	56.22	-190.00	-1060.00	50.00	-12.87	1.28	19.51	-130.00	-1310.00	-130.00	-61.40	16.28	137.32
70.00	-1040.00	-40.00	0.67	-11.04	26.04	-590.00	-1370.00	30.00	32.13	6.83	71.95	-190.00	-1040.00	40.00	-13.48	2.93	21.40	-90.00	-1310.00	-160.00	-80.37	6.77	185.06
-10.00	-1090.00	-150.00	0.67	-11.04	26.04	-750.00	-1370.00	230.00	33.23	6.83	82.93	-190.00	-1050.00	70.00	-13.78	3.29	23.72	-60.00	-1410.00	-160.00	-80.37	6.77	185.06
-10.00	-1090.00	-150.00	0.67	-11.04	26.04	-1090.00	-1250.00	390.00	35.43	9.27	89.94	-210.00	-1050.00	40.00	-15.00	2.68	26.71	-60.00	-1410.00	-160.00	-82.87	2.56	202.68
-10.00	-1090.00	-150.00	-0.43	-1.65	27.38	-1290.00	-950.00	430.00	42.62	3.54	95.85	-220.00	-1030.00	10.00	-16.65	2.93	29.76	-50.00	-1550.00	-210.00	-77.56	0.91	245.06
-130.00	-1000.00	-230.00	4.76	6.77	23.35	-1260.00	-800.00	450.00	10.85	-29.57	114.02	-240.00	-1030.00	0.00	-18.48	3.84	32.32	-50.00	-1550.00	-210.00	-77.56	0.91	245.06
90.00	-990.00	-70.00	4.76	6.77	23.35	-1010.00	-830.00	490.00	-10.37	-28.96	112.93	-240.00	-1040.00	-20.00	-20.91	5.06	34.09	70.00	-1660.00	-210.00	-72.20	5.06	271.40
90.00	-990.00	-70.00	5.85	7.62	19.51	-760.00	-930.00	470.00	22.99	-42.07	137.13	-200.00	-1060.00	20.00	-22.20	5.98	36.46	370.00	-1590.00	-20.00	-72.20	5.06	271.40
90.00	-990.00	-70.00	8.54	-1.40	14.45	-540.00	-990.00	410.00	17.44	-39.27	208.96	-210.00	-1050.00	40.00	-23.41	6.65	38.23	370.00	-1590.00	-20.00	-20.06	8.48	302.74
-50.00	-1050.00	-60.00	8.54	-1.40	14.45	-430.00	-960.00	280.00	6.83	-22.93	201.52	-210.00	-1030.00	40.00	-24.51	6.28	40.00	400.00	-1580.00	70.00	-20.06	8.48	302.74
-50.00	-1050.00	-60.00	8.54	-1.40	14.45	-240.00	-1210.00	300.00	12.38	1.52	175.37	-230.00	-1030.00	20.00	-24.45	4.33	43.84	460.00	-1520.00	270.00	-13.78	20.37	316.28
-50.00	-1050.00	-60.00	10.00	-7.01	12.56	720.00	-1350.00	160.00	8.35	8.96	170.06	-240.00	-1020.00	-0.00	-25.61	3.05	47.62	460.00	-1520.00	270.00	-34.21	42.74	314.76
-70.00	-1010.00	-120.00	13.29	-8.78	17.26	1310.00	-560.00	-130.00	23.23	29.63	147.74	-230.00	-1030.00	-30.00	-26.77	2.26	50.49	250.00	-1490.00	430.00	-7.87	80.12	231.77
-30.00	-1060.00	-90.00	13.29	-8.78	17.26	2000.00	-910.00	-690.00	22.93	38.78	114.76	-240.00	-1040.00	-50.00	-28.72	6.95	58.17	-310.00	-1480.00	260.00	-7.87	80.12	231.77
-30.00	-1060.00	-90.00	13.29	-8.78	17.26	950.00	-1230.00	-270.00	11.71	37.38	98.35	-200.00	-1050.00	-60.00	-28.72	6.95	58.17	-310.00	-1480.00	260.00	-29.15	59.33	151.95
10.00	-1080.00	-80.00	15.06	-10.18	21.16	-560.00	-1390.00	170.00	-6.71	41.59	89.33	-200.00	-1060.00	-40.00	-28.72	6.95	58.17	-310.00	-1480.00	260.00	-34.39	43.17	-27.07
10.00	-1080.00	-100.00	15.43	-9.27	26.22	-280.00	-1600.00	-40.00	-24.39	23.41	81.77	-240.00	-1050.00	-60.00	-31.77	19.33	64.15	-520.00	-1520.00	160.00	-34.39	43.17	-27.07
-10.00	-1050.00	-80.00	15.55	-9.82	27.93	-130.00	-1100.00	-180.00	-16.22	-10.06	72.93	-250.00	-1040.00	-60.00	-31.77	19.33	64.15	-600.00	-220.00	230.00	-34.39	43.17	-27.07
-10.00	-1050.00	-80.00	15.55	-9.82	27.93	-100.00	-1200.00	-470.00	-2.38	-24.94	56.71	-290.00	-1040.00	-100.00	-31.77	19.33	64.15	-600.00	-220.00	230.00	-19.76	50.85	-75.06
-30.00	-1030.00	-50.00	16.95	-7.44	31.65	-520.00	-1390.00	-320.00	0.61	-22.07	41.52	-310.00	-1110.00	-80.00	-32.93	27.87	77.93	-100.00	-480.00	70.00	45.00	-24.09	-154.27
-30.00	-1050.00	-20.00	17.62	-5.79	32.93	-150.00	-1180.00	310.00	-0.43	-14.76	37.74	-310.00	-1110.00	-80.00	-32.93	27.87	77.93	-100.00	-480.00	70.00	45.00	-24.09	-154.27
-20.00	-1050.00	20.00	17.62	-5.79	32.93	240.00	-1260.00	140.00	5.67	-7.13	42.38	-310.00	-1110.00	-80.00	-32.93	27.87	77.93	310.00	-670.00	-10.00	50.55	-35.79	-185.91
-20.00	-1050.00	20.00	17.99	-3.96	33.90	300.00	-1030.00	70.00	2.62	-5.98	45.43	-400.00	-1150.00	-60.00	-34.63	31.10	83.96	310.00	-670.00	-10.00	53.60	-44.94	-212.87
-20.00	-1050.00	20.00	19.94	-3.96	36.40	190.00	-900.00	-40.00	-4.21	-4.82	44.88	-400.00	-1150.00	-60.00	-40.43	30.43	96.22	380.00	-520.00	240.00	58.23	-54.39	-228.78
-30.00	-1070.00	-0.00	19.94	-3.96	36.40	-60.00	-890.00	-130.00	-3.66	-4.76	38.05	-400.00	-1150.00	-60.00	-40.43	30.43	96.22	260.00	-730.00	40.00	58.23	-54.39	-228.78
-30.00	-1070.00	-0.00	19.94	-3.96	36.40	-50.00	-920.00	-90.00	-4.88	-1.77	33.96	-420.00	-1120.00	10.00	-43.05	29.27	104.15	-10.00	-600.00	110.00	63.48	-59.39	-236.83
-30.00	-1070.00	-0.00	21.40	-6.16	37.07	250.00	-830.00	-210.00	-3.90	2.93	34.45	-400.00	-1170.00	-160.00	-46.10	28.84	121.40	-10.00	-600.00	110.00	70.61	-55.18	-255.43
-70.00	-1070.00	-40.00	22.44	-7.56	37.26	240.00	-880.00	-110.00	0.24	1.28	35.61	-400.00	-1170.00	-160.00	-46.10	28.84	121.40	130.00	-610.00	120.00	70.61	-55.18	-255.43
-90.00	-1060.00	-10.00	22.44	-7.56	37.26	230.00	-1010.00	0.00	0.79	-8.48	34.63	-400.00	-1190.00	-230.00	-51.52	28.54	130.67	300.00	-700.00	150.00	72.44	-49.39	-267.13
-90.00	-1060.00	-10.00	22.44	-7.56	37.26	170.00	-980.00	20.00	9.02	-18.48	29.33	-410.00	-1330.00	-280.00	-54.02	22.62	139.45	300.00	-700.00	150.00	75.18	-41.16	-277.68
-110.00	-1060.00	-0.00	23.66	-6.83	37.01	120.00	-940.00	10.00	15.43	-18.29	26.16	-410.00	-1330.00	-280.00	-52.74	18.96	149.88	270.00	-730.00	180.00	80.12	-33.84	-286.52
-120.00	-1050.00	20.00	24.57	-5.98	37.99	70.00	-910.00	-80.00	13.17	-10.06	26.04	-350.00	-1390.00	-280.00	-56.22	16.59	161.52	220.00	-760.00	180.00	80.12	-33.84	-286.52
-100.00	-1060.00	40.00	24.57	-5.98	37.99	200.00	-870.00	-220.00	10.18	-6.65	25.37	-360.00	-1520.00	-330.00	-55.85	13.84	173.41	170.00	-810.00	170.00	84.94	-25.85	-293.29
-100.00	-1060.00	40.00	26.28	-6.65	41.65	210.00	-890.00	-210.00	9.76	-5.73	23.90	-280.00	-1600.00	-360.00	-56.77	12.38	184.45	170.00	-810.00	170.00	97.20	-15.49	-302.87
-120.00	-1060.00	30.00	27.56	-8.05	44.70	270.00	-860.00	-280.00	10.12	-5.18	22.01	-250.00	-1630.00	-410.00	-56.34	10.12	194.45	150.00	-920.00	120.00	97.20	-15.49	-302.87
-110.00	-1070.00	40.00	27.56	-8.05	44.70	160.00	-780.00	-280.00	8.11	-4.94	20.06	-240.00	-1670.00	-350.00	-53.66	11.89	204.15	120.00	-1090.00	60.00	97.20	-15.49	-302.87
-110.00	-1070.00	40.00	27.56	-8.05	44.70	80.00	-840.00	-150.00	3.23	-4.02	17.99	-160.00	-1740.00	-300.00	-51.65	13.17	213.90	120.00	-1090.00	60.00	108.11	-12.74	-307.13
-110.00	-1070.00	40.00	29.94	-4.27	51.34	50.00	-890.00	-140.00	2.44	-5.55	14.45	-90.00	-1770.00	-160.00	-49.21	8.23	221.34	60.00	-1190.00	40.00	111.34	-12.32	-304.02
-120.00	-1100.00	30.00	31.52	-2.38	54.94	120.00	-920.00	-110.00	4.27	-4.76	11.59	-20.00	-1800.00	-100.00	-45.30	6.04	228.35	-30.00	-1290.00	20.00	111.34	-12.32	-304.02
-90.00	-1090.00	60.00	31.52	-2.38	54.94	140.00	-910.00	-80.00	7.07	-2.26	11.34	50.00	-1780.00	0.00	-45.67	13.35	230.37	-80.00	-1370.00	-20.00	115.00	-12.32	-292.68
-90.00	-1090.00	60.00	34.21	0.24	61.71	80.00	-920.00	-50.00	8.41	0.18	12.93	60.00	-1780.00	110.00	-57.62	18.72	231.16	-80.00	-1370.00	-20.00	113.11	-15.67	-291.40
-120.00	-1120.00	80.00	34.21	0.24	61.71	80.00	-950.00	-40.00	10.30	0.12	14.51	80.00	-1710.00	200.00	-70.98	24.27	227.62	-130.00	-1580.00	-70.00	113.11	-15.67	-291.40
-120.00	-1120.00	80.00	35.61	-0.43	65.30	80.00	-910.00	-110.00	12.26	1.46	15.98	-30.00	-1670.00	290.00	-69.15	21.52	214.02	-170.00	-1720.00	-60.00	97.56	5.18	-288.41
-120.00	-1130.00	90.00	35.61	-0.43	65.30	70.00	-860.00	-170.00	14.09	1.52	16.89	-470.00	-1530.00	160.00	-62.32	28.54	191.04	-170.00	-1720.00	-60.00	106.22	8.11	-284.39
-120.00	-1130.00	90.00	43.60	3.29	82.87	80.00	-850.00	-160.00	15.85	0.61	17.32	-570.00	-1500.00	130.00	-56.89	33.54	162.93	-410.00	-1900.00	-70.00	106.22	8.11	-284.39
-170.00	-1190.00	50.00	43.60	3.29	82.87	110.00	-880.00	-140.00	16.89	0.98	18.72	-700.00	-1510.00	60.00	-44.45	49.02	131.89	-430.00	-2000.00	-200.00	106.22	8.11	-284.39
-180.00	-1210.00	80.00	46.46	4.09	88.05	130.00	-890.00	-140.00	16.16	1.40	20.85	-470.00	-1370.00	150.00	-9.82	115.30	91.28	-430.00	-2000.00	-200.00	83.17	-2.56	-267.62
-180.00	-1210.00	80.00	52.13	-0.98	105.67	140.00	-890.00	-150.00	15.91	0.61	22.68	-310.00	-1120.00	260.00	-3.23	117.20	36.95	-430.00	-2000.00	-200.00	74.02	-10.98	-241.16
-140.00	-1270.00	140.00	52.13	-0.98	105.67	120.00	-880.00	-140.00	16.40	-0.67	23.96	-280.00	-890.00	330.00	-3.72	79.51	-1.89	-760.00	-2000.00	-430.00	74.02	-10.98	-241.16
-70.00	-1490.00	110.00	57.68	-3.35	116.46	100.00	-890.00	-110.00	16.22	-0.30	25.43	-230.00	-760.00	210.00	-5.49	53.17	-37.87	-960.00	-1780.00	-320.00	78.17	-11.04	-171.77
-100.00	-1460.00	130.00	57.68	-3.35	116.46	120.00	-910.00	-90.00	15.67	-1.04	26.46	-710.00	-440.00	370.00	6.10	20.00	-63.96	-960.00	-1780.00	-320.00	78.17	-11.04	-171.77
-100.00	-1460.00	130.00	61.83	-8.90	142.26	130.00	-940.00	-40.00	15.73	-1.59	27.80	-310.00	-220.00	470.00	15.55	-2.20	-86.71	-1080.00	-1640.00	-240.00	80.37	-6.83	-134.02
20.00	-1630.00	160.00	61.83	-8.90	142.26	140.00	-950.00	-50.00	16.04	-0.73	29.39	410.00	-630.00	-180.00	21.46	-22.87	-108.48	-1110.00	-1680.00	-240.00	80.37	-6.83	-134.02
130.00	-1750.00	110.00	65.00	-19.57	155.91	120.00	-920.00	-60.00	16.59	-1.89	29.88	310.00	-480.00	200.00	32.26	-42.44	-133.23	-1110.00	-1680.00	-240.00	52.38	3.23	-58.54
130.00	-1750.00	110.00	69.82	-47.32	182.74	120.00	-940.00	-40.00	17.56	-1.04	31.04	620.00	-530.00	70.00	39.57	-53.54	-160.18	-1110.00	-1680.00	-240.00	-19.51	-27.20	113.90
160.00	-1830.00	-50.00	69.82	-47.32	182.74	110.00	-940.00	-30.00	18.66	-2.01	31.04	520.00	-380.00	30.00	44.88	-57.44	-185.61	-1350.00	-1360.00	-190.00	-19.51	-27.20	113.90
160.00	-1830.00	-50.00	69.27	-55.30	193.84	100.00	-930.00	-30.00	18.96	-2.50	30.98	300.00	-470.00	-20.00	50.43	-63.05	-206.22	-1530.00	-1210.00	-390.00	-39.39	-29.76	150.73
220.00	-1860.00	-120.00	69.27	-55.30	193.84	110.00	-940.00	-60.00	19.27	-2.80	31.40	200.00	-380.00	-20.00	56.28	-65.85	-221.46	-1530.00	-1210.00	-390.00	-61.40	68.17	114.63
220.00	-1860.00	-120.00	77.80	-61.34	216.77	90.00	-920.00	-100.00	18.66	-1.83	31.89	170.00	-380.00	40.00	62.74	-62.93	-233.66	-1810.00	-840.00	-670.00	-61.40	68.17	114.63
340.00	-1690.00	-130.00	77.80	-61.34	216.77	80.00	-920.00	-80.00	17.20	0.79	32.68	140.00	-480.00	90.00	69.45	-56.22	-246.34	-1810.00	-840.00	-670.00	-42.13	23.96	210.73
340.00	-1690.00	-130.00	75.85	-45.85	226.95	60.00	-910.00	-70.00	16.52	0.24	33.29	210.00	-550.00	120.00	75.06	-45.67	-257.44	-1150.00	-770.00	-150.00	-42.13	23.96	210.73
310.00	-1700.00	-130.00	76.28	-29.45	231.65	70.00	-930.00	-50.00	15.98	0.79	35.37	260.00	-610.00	130.00	80.18	-34.09	-267.99	-320.00	-1420.00	-410.00	-32.26	-59.09	272.68
-120.00	-1740.00	-230.00	76.28	-29.45	231.65	20.00	-920.00	-20.00	15.18	1.95	38.72	210.00	-690.00	140.00	91.40	-11.71	-284.02	-320.00	-1420.00	-410.00	-32.26	-59.09	272.68
-120.00	-1740.00	-230.00	76.28	-29.45	231.65	40.00	-940.00	-30.00	15.49	1.65	42.38	140.00	-720.00	160.00	98.29	-0.67	-290.91	1800.00	-1570.00	210.00	-16.28	-41.04	189.88
-120.00	-1740.00	-230.00	76.65	-32.93	218.48	40.00	-940.00	-40.00	16.59	3.54	46.10	60.00	-790.00	170.00	98.29	-0.67	-290.91	230.00	-1330.00	-320.00	-20.00	-84.82	144.76
-320.00	-1760.00	-210.00	59.88	-36.65	173.17	20.00	-940.00	-30.00	15.91	5.43	50.30	0.00	-860.00	150.00	112.01	12.99	-303.29	230.00	-1330.00	-320.00	-20.00	-84.82	144.76
-160.00	-1340.00	-300.00	59.88	-36.65	173.17	60.00	-940.00	-40.00	15.24	6.77	55.12	-40.00	-920.00	100.00	119.27	17.38	-307.44	-740.00	-1550.00	-310.00	-52.07	-57.93	94.63
-160.00	-1340.00	-300.00	59.88	-36.65	173.17	50.00	-950.00	-50.00	14.63	6.77	60.43	-70.00	-970.00	70.00	119.27	17.38	-307.44	-280.00	-1490.00	70.00	-52.07	-57.93	94.63
-180.00	-1030.00	-320.00	32.13	-130.98	19.15	30.00	-940.00	-20.00	14.45	5.18	65.55	-140.00	-1100.00	0.00	132.13	23.72	-307.32	-280.00	-1490.00	70.00	14.15	-56.28	55.12
-360.00	-540.00	-260.00	32.13	-130.98	19.15	30.00	-960.00	-10.00	14.33	2.13	72.07	-140.00	-1100.00	0.00	135.67	26.40	-304.21	-910.00	-1350.00	-220.00	14.15	-56.28	55.12
-360.00	-540.00	-260.00	32.13	-130.98	19.15	30.00	-990.00	-10.00	15.67	-2.87	77.74	-170.00	-1180.00	-30.00	135.67	26.40	-304.21	-910.00	-1350.00	-220.00	19.33	-45.73	62.07
-360.00	-540.00	-260.00	32.13	-130.98	19.15	30.00	-990.00	-0.00	19.70	-7.87	80.98	-240.00	-1340.00	-100.00	137.13	26.65	-301.46	-340.00	-1550.00	-490.00	-0.85	-36.95	27.99
-300.00	-340.00	-560.00	3.66	-70.85	-75.00	30.00	-1000.00	-30.00	25.00	-9.33	84.45	-290.00	-1440.00	-130.00	116.16	41.16	-283.41	60.00	-1100.00	-50.00	-0.85	-36.95	27.99
630.00	-530.00	-290.00	3.66	-70.85	-75.00	30.00	-1030.00	-30.00	27.38	-11.22	88.84	-290.00	-1440.00	-130.00	107.38	34.70	-273.29	60.00	-1100.00	-50.00	-0.85	-36.95	27.99
630.00	-530.00	-290.00	3.66	-70.85	-75.00	40.00	-1050.00	-20.00	29.76	-13.41	93.23	-330.00	-1570.00	-150.00	107.38	34.70	-273.29	60.00	-1100.00	-50.00	-13.35	-25.00	16.95
630.00	-530.00	-290.00	-53.11	-23.11	-129.70	30.00	-1070.00	10.00	35.85	-15.43	100.73	-400.00	-1710.00	-170.00	83.35	12.74	-233.84	-160.00	-840.00	220.00	4.21	-6.52	23.72
450.00	-250.00	-30.00	-53.11	-23.11	-129.70	40.00	-1140.00	70.00	36.95	-20.00	110.85	-490.00	-1830.00	-200.00	66.77	9.21	-100.00	10.00	-1000.00	250.00	4.21	-6.52	23.72
450.00	-250.00	-30.00	-53.11	-23.11	-129.70	30.00	-1160.00	80.00	42.87	-19.57	122.50	-590.00	-1950.00	-270.00	66.77	9.21	-100.00	10.00	-1000.00	250.00	-1.46	-30.73	6.59
450.00	-250.00	-30.00	-53.11	-23.11	-129.70	70.00	-1270.00	60.00	44.09	-20.43	136.16	-790.00	-2000.00	-420.00	66.77	9.21	-100.00	40.00	-980.00	210.00	-1.46	-30.73	6.59
270.00	-270.00	-60.00	-98.72	27.38	-190.43	80.00	-1210.00	10.00	47.38	-20.73	150.00	-1040.00	-1860.00	-510.00	29.82	-4.63	-17.50	90.00	-1030.00	150.00	-1.46	-30.73	6.59
270.00	-270.00	-60.00	-98.72	27.38	-190.43	130.00	-1340.00	80.00	50.24	-25.12	166.10	-1040.00	-1860.00	-510.00	2.32	-28.23	25.12	90.00	-1030.00	150.00	-0.30	3.78	29.33
270.00	-270.00	-60.00	-98.72	27.38	-190.43	140.00	-1320.00	60.00	47.74	-36.83	183.23	-1040.00	-1860.00	-510.00	2.32	-28.23	25.12	90.00	-1030.00	150.00	-0.30	3.78	29.33
310.00	-460.00	-110.00	-125.67	52.38	-230.06	200.00	-1430.00	90.00	49.57	-46.83	203.41	-1790.00	-960.00	-880.00	-57.99	-52.38	130.61	80.00	-1010.00	260.00	-0.30	3.78	29.33
310.00	-460.00	-110.00	-125.67	52.38	-230.06	270.00	-1490.00	70.00	51.28	-52.99	224.02	-1790.00	-960.00	-880.00	-57.99	-52.38	130.61	80.00	-1010.00	260.00	-3.05	4.94	27.32
310.00	-460.00	-110.00	-125.67	52.38	-230.06	370.00	-1530.00	40.00	48.05	-62.01	244.02	-1790.00	-960.00	-880.00	-57.99	-52.38	130.61	80.00	-1000.00	260.00	-9.02	-4.21	22.56
310.00	-460.00	-110.00	-125.67	52.38	-230.06	500.00	-1610.00	-20.00	42.01	-66.95	264.02	-1700.00	-1020.00	-930.00	-7.68	-39.57	166.34	-30.00	-1000.00	130.00	-9.02	-4.21	22.56
10.00	-740.00	-150.00	-135.85	29.45	-252.13	570.00	-1570.00	-110.00	42.93	-60.18	274.76	-1390.00	-1320.00	-620.00	-7.68	-39.57	166.34	-30.00	-1000.00	130.00	-8.78	-9.21	20.43
10.00	-740.00	-150.00	-140.30	17.38	-260.12	630.00	-1470.00	-130.00	54.15	-66.52	268.66	-1390.00	-1320.00	-620.00	-7.68	-39.57	166.34	-40.00	-1030.00	70.00	-8.54	-10.55	20.30
10.00	-740.00	-150.00	-141.71	-14.02	-267.01	640.00	-1410.00	-110.00	65.79	-84.63	254.21	620.00	-1620.00	-120.00	-21.22	-50.06	180.91	-60.00	-1080.00	0.00	-4.39	-7.32	21.83
-60.00	-990.00	-110.00	-142.20	-26.10	-265.73	560.00	-1430.00	-130.00	65.24	-96.04	235.85	620.00	-1620.00	-120.00	-16.28	-54.76	138.72	-60.00	-1080.00	0.00	-4.39	-7.32	21.83
-110.00	-1120.00	-60.00	-142.20	-26.10	-265.73	390.00	-1330.00	-230.00	52.38	-92.44	210.73	620.00	-1620.00	-120.00	-16.28	-54.76	138.72	-60.00	-1080.00	0.00	-1.46	-1.46	24.15
-110.00	-1120.00	-60.00	-147.07	-38.29	-254.21	-20.00	-1450.00	-410.00	41.77	-79.09	178.29	1770.00	-1640.00	90.00	-16.28	-54.76	138.72	-40.00	-1070.00	20.00	0.18	4.82	27.07
-160.00	-1470.00	120.00	-159.15	-50.06	-240.37	-290.00	-1450.00	-380.00	36.34	-75.00	149.15	-600.00	-1130.00	-730.00	-9.02	-61.95	113.35	10.00	-1040.00	120.00	-4.51	2.56	23.78
-160.00	-1470.00	120.00	-158.96	-52.01	-232.99	-260.00	-1470.00	-370.00	32.50	-73.35	92.50	-600.00	-1130.00	-730.00	-5.61	6.83	44.15	10.00	-1040.00	120.00	-4.51	2.56	23.78
-160.00	-1470.00	120.00	-156.77	-32.93	-216.95	-70.00	-1370.00	-420.00	22.07	-73.11	27.68	-600.00	-1130.00	-730.00	-5.61	6.83	44.15	0.00	-1050.00	140.00	-4.51	2.56	23.78
-340.00	-1970.00	250.00	-156.77	-32.93	-216.95	-60.00	-1230.00	-400.00	17.87	-68.78	-28.90	-180.00	-1370.00	130.00	-1.04	10.18	30.24	-40.00	-1030.00	130.00	-5.18	1.95	20.55
-460.00	-2000.00	320.00	-129.51	-10.73	-195.55	-90.00	-1060.00	-350.00	19.76	-60.67	-60.91	-180.00	-1370.00	130.00	-1.71	-20.61	39.94	-110.00	-1000.00	70.00	-5.18	1.95	20.55
-460.00	-2000.00	320.00	-112.01	-6.16	-189.57	-100.00	-740.00	-310.00	22.99	-39.21	-81.34	-180.00	-1370.00	130.00	-1.71	-20.61	39.94	-100.00	-1010.00	60.00	-5.18	1.95	20.55
-760.00	-2000.00	420.00	-112.01	-6.16	-189.57	130.00	-500.00	-240.00	11.16	-36.16	-95.73	-1220.00	-1330.00	20.00	-6.77	-33.66	51.10	-100.00	-1010.00	60.00	-6.83	4.94	19.39
-870.00	-2000.00	530.00	-71.22	52.20	-128.66	480.00	-570.00	-340.00	-1.65	-30.24	-110.98	-140.00	-1130.00	-320.00	-6.77	-33.66	51.10	-100.00	-1010.00	80.00	-8.66	5.49	18.29
-790.00	-1900.00	750.00	-71.22	52.20	-128.66	490.00	-610.00	-430.00	-14.63	-21.83	-130.49	-250.00	-1060.00	130.00	-4.45	-18.90	42.13	-90.00	-1000.00	110.00	-8.66	5.49	18.29
-700.00	-1840.00	720.00	-71.22	52.20	-128.66	220.00	-220.00	-200.00	-33.96	-9.33	-149.88	-250.00	-1060.00	130.00	-4.45	-18.90	42.13	-90.00	-1000.00	110.00	-8.66	5.49	18.29
-700.00	-1840.00	720.00	-34.82	-12.44	-33.29	510.00	-190.00	-190.00	-46.95	7.68	-172.32	-110.00	-1050.00	80.00	-3.48	0.18	30.79	-100.00	-1000.00	120.00	-9.33	6.77	16.83
-1420.00	-1530.00	580.00	-16.77	-15.18	17.74	510.00	-360.00	-100.00	-55.91	25.12	-192.68	-50.00	-1070.00	-110.00	-3.48	0.18	30.79	-100.00	-1010.00	90.00	-9.76	7.01	15.24
-1840.00	-1320.00	820.00	-16.77	-15.18	17.74	280.00	-350.00	-50.00	-63.78	40.55	-209.82	-40.00	-1110.00	-10.00	-6.10	11.59	22.74	-100.00	-1010.00	90.00	-9.76	7.01	15.24
-1840.00	-1320.00	820.00	29.63	40.18	103.35	270.00	-430.00	-70.00	-72.13	50.55	-225.12	-140.00	-1020.00	120.00	-8.35	2.13	30.43	-100.00	-1010.00	90.00	-11.89	8.41	13.41
-1480.00	-1280.00	1030.00	29.63	40.18	103.35	170.00	-410.00	-50.00	-81.40	52.50	-237.99	-140.00	-1020.00	120.00	-8.35	2.13	30.43	-120.00	-1020.00	60.00	-10.24	9.39	15.98
-940.00	-1480.00	990.00	50.06	56.40	126.89	90.00	-390.00	-100.00	-89.09	46.77	-250.06	-320.00	-1080.00	200.00	-11.16	-10.18	41.89	-120.00	-1020.00	60.00	-10.24	9.39	15.98
-940.00	-1480.00	990.00	50.06	56.40	126.89	110.00	-380.00	-110.00	-94.21	38.66	-261.95	-200.00	-1030.00	100.00	-8.05	-0.06	36.34	-120.00	-1020.00	60.00	-10.24	9.39	15.98
-940.00	-1480.00	990.00	70.24	3.66	144.09	150.00	-410.00	-90.00	-96.28	30.24	-273.29	-200.00	-1030.00	100.00	-5.85	8.05	31.77	-120.00	-1020.00	60.00	-9.82	15.73	25.91
-660.00	-1350.00	880.00	48.60	-12.38	68.60	210.00	-480.00	-70.00	-97.74	21.10	-282.87	-90.00	-1070.00	-40.00	-4.39	11.71	27.99	-50.00	-1060.00	100.00	-8.05	16.71	29.09
-660.00	-1290.00	820.00	48.60	-12.38	68.60	240.00	-570.00	-80.00	-100.30	11.89	-288.11	-120.00	-1050.00	-80.00	-5.24	10.73	28.05	-40.00	-1050.00	110.00	-8.05	16.71	29.09
-660.00	-1290.00	820.00	30.98	37.80	181.28	240.00	-640.00	-110.00	-103.78	3.66	-287.99	-120.00	-1050.00	-80.00	-6.59	8.66	29.76	-40.00	-1050.00	110.00	-6.34	15.30	34.51
2000.00	-1370.00	-1280.00	30.98	37.80	181.28	180.00	-710.00	-130.00	-108.05	-1.89	-283.23	-120.00	-1050.00	-80.00	-7.80	6.04	30.73	-70.00	-1060.00	50.00	-6.34	15.30	34.51
2000.00	-1370.00	-1280.00	-7.62	44.45	139.39	140.00	-800.00	-120.00	-111.89	-6.46	-275.67	-250.00	-1030.00	60.00	-9.15	3.96	30.91	-90.00	-1050.00	70.00	-9.15	12.44	34.88
2000.00	-1490.00	-960.00	-7.62	44.45	139.39	130.00	-930.00	-60.00	-116.95	-8.90	-266.40	-220.00	-1030.00	40.00	-9.94	2.68	30.98	-90.00	-1050.00	70.00	-9.15	12.44	34.88
2000.00	-1490.00	-960.00	43.60	16.71	72.32	110.00	-1070.00	-20.00	-121.89	-6.22	-257.74	-220.00	-1030.00	40.00	-9.94	2.68	30.98	-90.00	-1050.00	70.00	-14.70	10.30	36.83
-1680.00	-1280.00	310.00	43.60	16.71	72.32	50.00	-1220.00	30.00	-120.85	-2.62	-248.78	-210.00	-1020.00	10.00	-10.43	1.95	30.61	-110.00	-1010.00	120.00	-14.70	10.30	36.83
-1680.00	-1280.00	310.00	22.93	-39.94	40.73	-20.00	-1330.00	90.00	-118.66	-1.22	-238.29	-220.00	-1000.00	-20.00	-11.83	-0.55	28.72	-130.00	-1020.00	110.00	-16.34	21.83	37.26
-1550.00	-1510.00	-190.00	22.93	-39.94	40.73	-60.00	-1430.00	110.00	-117.80	-0.12	-229.51	-220.00	-1000.00	-20.00	-11.83	-0.55	28.72	-130.00	-1020.00	110.00	-16.34	21.83	37.26
860.00	-1380.00	300.00	11.34	10.12	36.89	-120.00	-1530.00	90.00	-119.33	1.22	-223.72	-240.00	-1010.00	-30.00	-12.62	-1.04	28.72	-130.00	-1030.00	100.00	-14.39	25.67	39.76
-660.00	-1080.00	-100.00	11.34	10.12	36.89	-180.00	-1590.00	50.00	-119.21	1.89	-220.49	-250.00	-1010.00	-20.00	-13.17	-0.67	28.54	-130.00	-1030.00	100.00	-16.65	36.52	45.79
-660.00	-1080.00	-100.00	9.21	13.78	48.11	-160.00	-1620.00	60.00	-117.01	4.27	-218.29	-250.00	-1000.00	-20.00	-14.70	3.23	27.44	-190.00	-1020.00	10.00	-16.65	36.52	45.79
140.00	-1020.00	-70.00	5.73	16.22	35.43	-180.00	-1750.00	80.00	-112.62	2.68	-216.22	-250.00	-1010.00	10.00	-14.70	3.23	27.44	-150.00	-1080.00	70.00	-18.96	35.37	48.54
220.00	-1010.00	-80.00	5.73	16.22	35.43	-340.00	-1870.00	110.00	-101.52	7.68	-211.34	-260.00	-1010.00	20.00	-15.00	4.76	29.21	-160.00	-1080.00	20.00	-18.96	35.37	48.54
220.00	-1010.00	-80.00	5.73	16.22	35.43	-520.00	-1970.00	110.00	-86.77	29.21	-198.84	-260.00	-1010.00	10.00	-13.41	9.39	34.39	-160.00	-1080.00	20.00	-24.21	32.93	57.68
60.00	-1080.00	-40.00	8.11	13.29	29.02	-720.00	-2000.00	140.00	-68.23	51.28	-176.71	-260.00	-1010.00	10.00	-13.41	9.39	34.39	-210.00	-1180.00	-150.00	-24.21	32.93	57.68
60.00	-1080.00	-40.00	-0.98	13.96	28.54	-880.00	-2000.00	200.00	-54.27	64.94	-143.78	-280.00	-1010.00	-10.00	-13.35	12.13	36.46	-180.00	-1210.00	-100.00	-26.89	31.71	66.59
-20.00	-1030.00	-140.00	-0.98	13.96	28.54	-920.00	-1940.00	360.00	-39.70	48.78	-110.37	-300.00	-1000.00	-40.00	-14.15	14.39	38.90	-180.00	-1210.00	-100.00	-42.99	22.44	82.74
-20.00	-1030.00	-140.00	-3.23	-1.34	19.45	-990.00	-1790.00	450.00	-41.95	12.93	-74.88	-280.00	-1030.00	-40.00	-17.01	13.17	41.71	-140.00	-1300.00	-130.00	-42.99	22.44	82.74
90.00	-980.00	-40.00	-5.37	-8.78	16.95	-1040.00	-1570.00	480.00	-51.71	-10.30	-29.63	-290.00	-1070.00	20.00	-17.01	13.17	41.71	-140.00	-1300.00	-130.00	-45.00	26.22	98.11
-120.00	-1080.00	-180.00	-5.37	-8.78	16.95	-1080.00	-1390.00	410.00	-38.48	-10.49	23.72	-280.00	-1050.00	-10.00	-24.76	9.57	45.61	-140.00	-1370.00	-110.00	-46.89	38.17	138.11
-120.00	-1080.00	-180.00	-5.37	-8.78	16.95	-1230.00	-1300.00	240.00	4.21	6.04	72.99	-280.00	-1040.00	-40.00	-25.85	9.27	45.61	-140.00	-1370.00	-110.00	-46.89	38.17	138.11
-120.00	-1080.00	-180.00	-0.49	-7.50	21.28	-1320.00	-1340.00	320.00	39.09	29.63	111.46	-310.00	-1040.00	-40.00	-25.85	9.27	45.61	60.00	-1530.00	140.00	-56.83	40.12	152.68
50.00	-1020.00	-70.00	-0.49	-7.50	21.28	-1460.00	-1350.00	530.00	52.68	42.50	135.43	-310.00	-1040.00	-40.00	-25.55	11.40	45.61	60.00	-1530.00	140.00	-56.83	40.12	152.68
50.00	-1120.00	-100.00	-0.49	-7.50	21.28	-1620.00	-1200.00	650.00	55.43	1.52	138.35	-280.00	-1030.00	-60.00	-25.55	11.40	45.61	120.00	-1630.00	-10.00	-51.89	36.95	179.02
50.00	-1120.00	-100.00	-0.49	-7.50	21.28	-1570.00	-890.00	640.00	-16.59	-52.20	117.99	-290.00	-1050.00	-10.00	-25.00	20.43	46.16	90.00	-1560.00	-90.00	-51.89	36.95	179.02
50.00	-1120.00	-100.00	3.90	-4.94	23.29	-1360.00	-820.00	650.00	3.48	-38.90	71.28	-290.00	-1050.00	-10.00	-26.28	23.11	45.79	90.00	-1560.00	-90.00	-54.27	34.02	189.88
50.00	-1070.00	-90.00	3.90	-4.94	23.29	-1110.00	-940.00	680.00	36.10	-12.87	148.48	-380.00	-960.00	-100.00	-26.28	23.11	45.79	80.00	-1560.00	-0.00	-42.26	27.56	218.78
40.00	-1040.00	-70.00	3.90	-4.94	23.29	-840.00	-1070.00	710.00	4.15	4.09	188.78	-420.00	-1010.00	-50.00	-33.48	11.40	53.54	130.00	-1380.00	30.00	-42.26	27.56	218.78
40.00	-1040.00	-70.00	3.90	-4.94	23.29	610.00	-1870.00	560.00	3.66	33.54	152.74	-440.00	-1020.00	-50.00	-33.48	11.40	53.54	130.00	-1380.00	30.00	-42.26	27.56	218.78
40.00	-1040.00	-70.00	6.52	-8.11	17.99	1750.00	-1320.00	-120.00	27.20	42.99	85.91	-440.00	-1020.00	-50.00	-31.59	-9.63	76.34	130.00	-1380.00	30.00	-31.59	28.48	225.12
-0.00	-1040.00	-80.00	6.52	-8.11	17.99	2000.00	-330.00	-740.00	35.67	17.26	46.59	-410.00	-1000.00	-190.00	-31.59	-9.63	76.34	-140.00	-1290.00	130.00	-16.52	39.94	229.21
-0.00	-1040.00	-80.00	6.52	-8.11	17.99	1810.00	-800.00	-10.00	4.57	32.50	66.83	-410.00	-1000.00	-190.00	-33.78	-1.46	104.02	-140.00	-1290.00	130.00	-16.52	39.94	229.21
-0.00	-1040.00	-80.00	3.90	-4.09	14.51	-1040.00	-1440.00	10.00	-16.04	36.40	79.82	-370.00	-1070.00	-270.00	-36.34	13.78	116.52	-340.00	-1200.00	130.00	-22.99	39.21	227.68
-10.00	-1070.00	-40.00	3.90	-4.09	14.51	-1470.00	-1600.00	-430.00	-28.84	-2.32	75.79	-370.00	-1070.00	-270.00	-36.34	13.78	116.52	-550.00	-1080.00	30.00	-15.12	66.22	195.00
-10.00	-1070.00	-40.00	3.90	-4.09	14.51	-1630.00	-1590.00	-290.00	-9.76	-22.80	57.68	-330.00	-1250.00	-280.00	-38.11	26.22	138.11	-550.00	-1080.00	30.00	-15.12	66.22	195.00
-10.00	-1070.00	-40.00	3.90	-4.09	14.51	690.00	-1330.00	460.00	13.60	-22.01	40.06	-380.00	-1630.00	-80.00	-38.11	26.22	138.11	-550.00	-1080.00	30.00	-15.12	66.22	195.00
-0.00	-1060.00	-10.00	3.78	-7.99	12.13	610.00	-1200.00	120.00	8.17	-18.35	36.77	-380.00	-1630.00	-80.00	-36.28	28.48	147.87	-460.00	-1010.00	80.00	-19.82	64.02	180.18
-20.00	-1040.00	-80.00	3.78	-7.99	12.13	420.00	-1070.00	200.00	2.68	-11.95	35.06	-400.00	-1650.00	-160.00	-36.28	28.48	147.87	-540.00	-780.00	30.00	-24.15	45.67	-64.57
-20.00	-1040.00	-80.00	3.78	-7.99	12.13	140.00	-970.00	-130.00	3.23	-2.01	33.05	-400.00	-1650.00	-160.00	-39.70	21.28	160.67	-540.00	-780.00	30.00	-24.15	45.67	-64.57
-20.00	-1040.00	-80.00	3.60	-8.48	12.50	-220.00	-810.00	-310.00	-3.35	3.41	29.88	-310.00	-1680.00	-220.00	-35.55	16.28	163.54	-540.00	-780.00	30.00	-24.15	45.67	-64.57
-20.00	-1050.00	-50.00	3.54	-7.13	13.41	10.00	-750.00	-190.00	-1.89	4.88	24.63	-310.00	-1680.00	-220.00	-35.55	16.28	163.54	-530.00	-490.00	60.00	-20.49	36.52	-107.13
-20.00	-1050.00	-50.00	3.54	-7.13	13.41	200.00	-850.00	-140.00	-3.05	6.16	23.84	-170.00	-1600.00	-160.00	-31.52	6.95	167.62	70.00	-390.00	-30.00	-20.49	19.15	-112.07
-20.00	-1050.00	-50.00	5.91	-5.00	14.63	160.00	-890.00	-150.00	-8.35	1.77	22.68	-130.00	-1530.00	-140.00	-31.52	6.95	167.62	70.00	-390.00	-30.00	-20.49	19.15	-112.07
-20.00	-1050.00	-50.00	5.91	-5.00	14.63	150.00	-980.00	-90.00	-1.04	-6.16	19.51	-130.00	-1530.00	-140.00	-26.83	9.02	169.94	200.00	-380.00	-90.00	-14.15	9.45	-135.43
-20.00	-1050.00	-40.00	5.91	-5.00	14.63	90.00	-860.00	-160.00	4.70	-10.37	17.68	-110.00	-1390.00	-0.00	-26.83	9.02	169.94	-100.00	-430.00	-130.00	2.13	-22.87	-172.80
-20.00	-1050.00	-40.00	8.29	-5.61	14.51	140.00	-820.00	-230.00	1.10	-8.35	17.99	-110.00	-1390.00	-0.00	-40.85	7.07	169.21	-100.00	-430.00	-130.00	2.13	-22.87	-172.80
-20.00	-1050.00	-40.00	8.96	-5.49	13.66	190.00	-900.00	-100.00	0.24	-5.61	18.54	-230.00	-1310.00	10.00	-47.62	1.52	164.02	-100.00	-430.00	-130.00	2.13	-22.87	-172.80
-30.00	-1050.00	-60.00	8.96	-5.49	13.66	200.00	-860.00	-200.00	1.83	-4.21	19.27	-230.00	-1310.00	10.00	-47.62	1.52	164.02	-20.00	-410.00	-50.00	15.49	-48.23	-194.39
-30.00	-1050.00	-60.00	8.96	-5.49	13.66	250.00	-860.00	-240.00	2.93	-2.32	20.30	-460.00	-1100.00	50.00	-46.52	-8.66	131.71	-10.00	-420.00	-40.00	20.37	-49.70	-204.63
-30.00	-1050.00	-60.00	10.30	-2.99	10.98	170.00	-890.00	-130.00	4.70	0.43	20.55	-610.00	-1140.00	-50.00	-46.52	-8.66	131.71	-10.00	-420.00	-40.00	20.37	-49.70	-204.63
-50.00	-1020.00	-40.00	10.30	-2.99	10.98	150.00	-920.00	-130.00	5.61	4.15	19.82	-610.00	-1140.00	-50.00	-46.71	-4.09	113.11	20.00	-490.00	-20.00	20.37	-49.70	-204.63
-50.00	-1020.00	-40.00	10.30	-2.99	10.98	170.00	-910.00	-160.00	7.38	5.61	18.29	-530.00	-950.00	-10.00	-46.71	-4.09	113.11	-50.00	-610.00	0.00	28.17	-38.72	-225.00
-50.00	-1020.00	-40.00	11.71	-1.83	9.27	180.00	-890.00	-160.00	9.63	5.55	16.77	-530.00	-950.00	-10.00	-16.40	53.29	-44.88	-50.00	-610.00	0.00	33.54	-33.78	-229.88
-50.00	-1010.00	-30.00	12.38	-1.95	8.60	150.00	-860.00	-160.00	10.85	5.24	15.91	-490.00	-800.00	-20.00	-12.07	39.21	-70.37	-50.00	-610.00	0.00	33.54	-33.78	-229.88
-60.00	-1020.00	-50.00	12.38	-1.95	8.60	120.00	-890.00	-140.00	10.73	5.79	15.91	-490.00	-800.00	-20.00	-12.07	39.21	-70.37	-110.00	-700.00	-40.00	41.46	-31.65	-232.80
-60.00	-1020.00	-50.00	12.38	-1.95	8.60	120.00	-880.00	-140.00	9.70	5.37	15.12	-650.00	-500.00	50.00	-0.12	4.21	-103.60	-160.00	-760.00	-60.00	44.09	-33.60	-235.18
-60.00	-1020.00	-50.00	12.38	-4.57	7.56	110.00	-870.00	-150.00	9.15	4.33	13.60	-760.00	-290.00	200.00	6.04	-6.77	-126.65	-160.00	-760.00	-60.00	44.09	-33.60	-235.18
-70.00	-1050.00	-60.00	11.95	-2.87	6.59	130.00	-890.00	-150.00	6.77	4.76	13.05	-760.00	-290.00	200.00	6.04	-6.77	-126.65	-160.00	-760.00	-60.00	44.09	-33.60	-235.18
-80.00	-1040.00	-20.00	11.95	-2.87	6.59	160.00	-910.00	-140.00	4.39	5.91	12.68	100.00	-510.00	230.00	8.29	-18.29	-147.50	-340.00	-920.00	-110.00	48.05	-49.82	-241.10
-80.00	-1040.00	-20.00	7.87	-0.24	1.71	160.00	-940.00	-100.00	2.62	8.29	12.38	390.00	-410.00	-160.00	9.15	-33.72	-166.16	-450.00	-990.00	-140.00	48.84	-61.77	-240.30
-30.00	-1070.00	30.00	6.71	0.79	-2.20	130.00	-920.00	-90.00	1.28	10.18	12.56	180.00	-220.00	-210.00	12.07	-45.55	-181.34	-450.00	-990.00	-140.00	48.84	-61.77	-240.30
-60.00	-1030.00	50.00	6.04	-4.94	-10.00	130.00	-940.00	-80.00	1.46	9.39	11.40	180.00	-220.00	-210.00	17.50	-48.66	-193.84	-530.00	-1130.00	-120.00	48.17	-84.70	-229.45
-60.00	-1030.00	50.00	5.43	-7.13	-14.70	120.00	-940.00	-60.00	2.26	8.23	10.85	100.00	-270.00	-120.00	25.06	-45.49	-204.70	-560.00	-1210.00	-120.00	48.17	-84.70	-229.45
-70.00	-1010.00	80.00	5.43	-7.13	-14.70	120.00	-940.00	-60.00	3.72	7.13	10.98	150.00	-380.00	-90.00	32.87	-38.35	-213.35	-560.00	-1210.00	-120.00	47.56	-94.63	-222.93
-90.00	-1030.00	-10.00	6.59	-8.90	-17.13	120.00	-920.00	-80.00	4.15	6.22	11.34	150.00	-430.00	-80.00	32.87	-38.35	-213.35	-560.00	-1210.00	-120.00	47.56	-94.63	-222.93
-150.00	-990.00	-70.00	4.63	-0.73	-12.44	120.00	-900.00	-130.00	5.00	7.56	13.29	60.00	-440.00	-50.00	41.04	-24.82	-224.27	-650.00	-1340.00	-100.00	45.37	-103.05	-199.33
-130.00	-1010.00	-60.00	4.63	-0.73	-12.44	130.00	-900.00	-130.00	4.45	5.55	13.05	-60.00	-470.00	-10.00	42.62	-21.22	-228.54	-650.00	-1410.00	-80.00	46.59	-104.82	-181.22
-130.00	-1010.00	-60.00	5.06	1.04	-9.88	130.00	-900.00	-140.00	4.63	3.96	12.50	-60.00	-470.00	-10.00	42.62	-21.22	-228.54	-650.00	-1410.00	-80.00	46.59	-104.82	-181.22
-80.00	-1040.00	-70.00	5.73	2.74	-5.67	130.00	-900.00	-120.00	4.45	3.29	13.11	-160.00	-490.00	-10.00	43.96	-20.37	-237.80	-690.00	-1440.00	110.00	3.41	-90.55	-97.68
-50.00	-1040.00	-20.00	5.73	2.74	-5.67	130.00	-920.00	-120.00	5.61	2.68	13.66	-230.00	-550.00	-20.00	43.48	-25.43	-242.38	-690.00	-1440.00	110.00	3.41	-90.55	-97.68
-30.00	-1050.00	20.00	5.67	-2.99	-5.91	180.00	-970.00	-80.00	7.56	1.40	14.51	-260.00	-640.00	-40.00	43.48	-25.43	-242.38	-710.00	-1430.00	160.00	42.07	-160.00	91.52
30.00	-1080.00	-20.00	5.79	-2.20	-2.50	130.00	-900.00	-90.00	8.29	-1.71	14.63	-410.00	-850.00	-150.00	41.71	-31.95	-244.21	-710.00	-1430.00	160.00	42.07	-160.00	91.52
30.00	-1080.00	-30.00	5.79	-2.20	-2.50	110.00	-920.00	-90.00	8.84	-5.24	13.90	-410.00	-850.00	-150.00	39.88	-51.59	-240.49	-1980.00	-1440.00	-480.00	-32.07	-213.11	142.80
30.00	-1080.00	-30.00	6.28	-1.83	-0.49	110.00	-910.00	-90.00	9.02	-5.43	13.23	-450.00	-910.00	-200.00	39.88	-51.59	-240.49	-1980.00	-1440.00	-480.00	-32.07	-213.11	142.80
-40.00	-1060.00	-50.00	6.28	-0.79	4.15	120.00	-900.00	-110.00	9.27	-4.94	12.32	-540.00	-1090.00	-200.00	39.15	-61.34	-236.40	-2000.00	-1350.00	-110.00	-50.49	-208.78	62.62
-10.00	-1050.00	-10.00	4.39	-1.65	7.68	130.00	-910.00	-100.00	9.63	-4.45	11.04	-540.00	-1090.00	-200.00	39.88	-72.80	-231.04	-2000.00	-1050.00	-390.00	4.70	123.90	-28.66
-10.00	-1050.00	-10.00	5.67	-3.23	7.01	110.00	-890.00	-100.00	10.30	-5.61	10.12	-560.00	-1140.00	-200.00	39.88	-79.57	-222.87	-2000.00	-1050.00	-390.00	27.32	18.90	26.46
0.00	-1070.00	-0.00	5.67	-3.23	7.01	110.00	-900.00	-90.00	11.89	-7.87	9.57	-630.00	-1200.00	-200.00	39.88	-79.57	-222.87	-2000.00	-1050.00	-390.00	27.32	18.90	26.46
0.00	-1070.00	-0.00	8.23	-0.49	6.10	80.00	-900.00	-100.00	13.23	-11.89	9.76	-690.00	-1230.00	-200.00	38.54	-78.78	-211.40	-640.00	-1980.00	-570.00	16.65	-3.05	14.82
20.00	-1060.00	-10.00	8.23	-0.49	6.10	70.00	-890.00	-80.00	14.21	-13.11	9.88	-690.00	-1230.00	-200.00	34.88	-61.28	-176.95	-480.00	-1040.00	10.00	11.89	0.49	-11.89
-30.00	-1050.00	-20.00	7.99	0.18	5.61	70.00	-880.00	-90.00	14.57	-15.37	9.21	-750.00	-1300.00	-160.00	34.88	-61.28	-176.95	-480.00	-1040.00	10.00	11.89	0.49	-11.89
-30.00	-1050.00	-20.00	7.87	1.65	5.55	70.00	-890.00	-90.00	14.15	-18.66	8.72	-930.00	-1420.00	-50.00	25.85	-80.00	-141.83	-480.00	-1040.00	10.00	11.89	0.49	-11.89
-30.00	-1050.00	-20.00	7.87	1.65	5.55	90.00	-890.00	-110.00	10.00	-15.91	-3.23	-930.00	-1420.00	-50.00	-4.39	-131.71	-85.43	-180.00	-1020.00	-10.00	15.49	5.18	-6.83
-40.00	-1040.00	10.00	7.93	1.89	5.24	120.00	-910.00	-80.00	10.00	-15.91	-3.23	-1030.00	-1480.00	50.00	-15.98	-159.94	-36.22	60.00	-1000.00	60.00	4.76	-13.17	-6.40
-40.00	-1040.00	10.00	7.01	-0.06	3.54	80.00	-920.00	-70.00	10.00	-15.91	-3.23	-1080.00	-1480.00	70.00	-15.98	-159.94	-36.22	60.00	-1000.00	60.00	4.76	-13.17	-6.40
-30.00	-1050.00	10.00	7.01	-0.06	3.54	100.00	-950.00	-10.00	12.38	-16.71	-14.70	-590.00	-1830.00	-440.00	-26.46	-189.82	19.57	0.00	-970.00	130.00	4.76	-13.17	-6.40
-40.00	-1050.00	10.00	6.77	-0.18	3.41	100.00	-970.00	-10.00	12.38	-16.71	-14.70	-590.00	-1830.00	-440.00	-35.37	172.01	46.28	-50.00	-1030.00	-30.00	7.56	-3.17	-3.23
-40.00	-1050.00	10.00	6.83	-0.37	4.09	80.00	-950.00	10.00	12.38	-16.71	-14.70	-1860.00	-1930.00	-470.00	-35.37	172.01	46.28	-50.00	-1030.00	-30.00	7.56	-3.17	-3.23
-40.00	-1050.00	10.00	6.83	-0.37	4.09	0.00	-870.00	-110.00	11.04	-10.24	-13.54	-2000.00	-1670.00	-720.00	-5.91	165.37	52.93	-50.00	-1030.00	-30.00	7.56	-3.17	-3.23
-40.00	-1050.00	10.00	6.34	0.49	4.51	0.00	-870.00	-110.00	11.04	-10.24	-13.54	-2000.00	-1670.00	-720.00	20.37	-20.00	-50.49	0.00	-1030.00	10.00	7.56	-3.17	-3.23
-40.00	-1050.00	20.00	6.28	0.55	5.00	0.00	-870.00	-110.00	11.04	-10.24	-13.54	-2000.00	-1130.00	0.00	20.37	-20.00	-50.49	80.00	-1050.00	-20.00	10.30	14.33	9.94
-40.00	-1060.00	10.00	6.28	0.55	5.00	70.00	-900.00	-80.00	11.04	-10.24	-13.54	190.00	-650.00	-1290.00	25.67	37.13	-9.27	80.00	-1050.00	-20.00	10.30	14.33	9.94
-40.00	-1060.00	10.00	6.10	0.37	5.12	70.00	-900.00	-80.00	7.87	0.43	-6.59	190.00	-650.00	-1290.00	25.67	37.13	-9.27	80.00	-1050.00	-20.00	10.30	14.33	9.94
-30.00	-1060.00	20.00	5.67	-0.30	4.82	70.00	-900.00	-80.00	7.87	0.43	-6.59	1180.00	-930.00	-260.00	25.43	-21.77	-10.61	-10.00	-990.00	-30.00	1.77	2.07	5.67
-30.00	-1060.00	20.00	5.67	-0.30	4.82	70.00	-900.00	-80.00	7.87	0.43	-6.59	1180.00	-930.00	-260.00	25.43	-21.77	-10.61	-10.00	-990.00	-30.00	1.77	2.07	5.67
-40.00	-1060.00	20.00	5.55	0.00	4.70	110.00	-940.00	-40.00	5.85	3.23	-4.33	-10.00	-1280.00	-120.00	23.78	-9.02	-7.80	-10.00	-990.00	-30.00	1.77	2.07	5.67
