LLACx	LLACy	LLACz	LLGYx	LLGYy	LLGYz	LMACx	LMACy	LMACz	LMGYx	LMGYy	LMGYz	RLACx	RLACy	RLACz	RLGYx	RLGYy	RLGYz	RMACx	RMACy	RMACz	RMGYx	RMGYy	RMGYz
20.00	-1050.00	70.00	-2.20	-1.04	0.73	130.00	-920.00	10.00	-3.17	-0.06	-0.43	-210.00	-1030.00	-20.00	-1.83	1.04	-2.50	-50.00	-1030.00	90.00	-2.80	0.85	-1.16
30.00	-1050.00	60.00	1.46	-0.67	0.73	260.00	-880.00	-60.00	0.43	-0.55	-0.18	-380.00	-950.00	-210.00	0.91	-0.73	0.30	-190.00	-1010.00	-90.00	1.52	-0.49	1.10
170.00	-1020.00	-20.00	1.71	-1.04	0.67	260.00	-880.00	-60.00	0.49	-0.55	-0.12	-380.00	-940.00	-210.00	0.85	0.12	0.67	-180.00	-1010.00	-90.00	1.95	-0.24	1.83
170.00	-1020.00	-20.00	1.95	-1.22	0.67	260.00	-880.00	-50.00	0.49	-0.37	0.00	-380.00	-950.00	-200.00	1.34	-0.67	0.79	-170.00	-1010.00	-80.00	1.83	0.24	1.71
170.00	-1020.00	-20.00	1.83	-1.34	0.61	260.00	-880.00	-60.00	0.55	-0.18	0.06	-380.00	-940.00	-200.00	1.71	-0.49	0.67	-170.00	-1020.00	-90.00	2.07	0.43	1.77
180.00	-1010.00	-20.00	1.71	-1.46	0.67	260.00	-880.00	-50.00	0.73	-0.06	0.37	-370.00	-940.00	-210.00	2.13	0.06	0.61	-180.00	-1010.00	-80.00	1.83	0.37	1.83
180.00	-1020.00	-20.00	1.83	-1.34	0.79	260.00	-880.00	-50.00	0.79	0.06	0.61	-380.00	-950.00	-200.00	2.44	0.18	0.43	-160.00	-1020.00	-90.00	1.34	0.37	1.52
170.00	-1020.00	-20.00	1.89	-1.10	0.91	260.00	-880.00	-60.00	0.91	0.18	0.55	-390.00	-960.00	-200.00	2.56	0.30	0.18	-170.00	-1020.00	-90.00	1.16	0.43	1.34
170.00	-1010.00	-20.00	1.83	-0.85	1.22	260.00	-880.00	-50.00	1.16	0.06	0.67	-370.00	-950.00	-200.00	2.38	0.37	0.12	-180.00	-1020.00	-90.00	1.10	0.55	1.34
170.00	-1020.00	-20.00	1.52	-0.55	1.40	260.00	-880.00	-60.00	1.34	-0.12	0.79	-400.00	-960.00	-200.00	2.26	0.37	0.00	-180.00	-1010.00	-90.00	0.85	0.61	1.34
170.00	-1010.00	-10.00	1.46	-0.43	1.46	260.00	-880.00	-50.00	1.52	-0.12	0.73	-380.00	-950.00	-200.00	2.38	0.67	-0.06	-180.00	-1010.00	-80.00	0.79	0.55	1.46
180.00	-1010.00	-10.00	1.28	-0.37	1.71	260.00	-880.00	-60.00	1.59	-0.30	0.73	-380.00	-950.00	-190.00	2.26	0.79	-0.12	-180.00	-1000.00	-80.00	0.67	0.55	1.52
170.00	-1020.00	-10.00	1.22	-0.37	2.26	270.00	-880.00	-50.00	1.28	-0.30	0.85	-380.00	-950.00	-190.00	2.01	0.85	-0.06	-190.00	-1010.00	-80.00	0.55	0.30	1.59
180.00	-1010.00	-10.00	1.46	-0.55	2.38	260.00	-880.00	-60.00	1.16	0.00	0.85	-380.00	-950.00	-190.00	1.95	0.85	0.12	-180.00	-1010.00	-80.00	0.43	0.30	1.89
180.00	-1010.00	-10.00	1.65	-0.73	2.38	260.00	-880.00	-60.00	0.98	0.18	0.85	-390.00	-950.00	-190.00	1.71	0.61	0.43	-180.00	-1010.00	-80.00	0.37	0.37	2.20
180.00	-1010.00	-10.00	1.59	-0.85	2.38	260.00	-880.00	-60.00	0.61	0.43	0.91	-380.00	-940.00	-190.00	1.40	0.43	0.79	-180.00	-1010.00	-80.00	0.37	0.37	2.56
180.00	-1010.00	-10.00	1.52	-1.10	2.26	260.00	-880.00	-60.00	0.49	0.73	1.04	-380.00	-950.00	-190.00	1.28	0.30	1.04	-180.00	-1000.00	-80.00	0.06	0.67	2.87
170.00	-1010.00	-10.00	1.40	-1.22	2.20	260.00	-880.00	-40.00	0.24	1.16	1.22	-380.00	-950.00	-200.00	1.22	0.49	1.28	-170.00	-1010.00	-80.00	-0.12	0.91	2.99
170.00	-1010.00	-30.00	1.22	-1.22	2.20	260.00	-880.00	-50.00	0.24	1.34	1.40	-380.00	-950.00	-190.00	0.98	0.61	1.40	-180.00	-1010.00	-80.00	-0.18	0.91	3.11
170.00	-1010.00	-10.00	0.91	-1.16	2.26	260.00	-880.00	-50.00	0.49	1.28	1.52	-380.00	-940.00	-200.00	0.67	0.98	1.40	-180.00	-1020.00	-80.00	-0.12	1.10	3.11
170.00	-1010.00	-10.00	0.85	-1.04	2.38	260.00	-880.00	-40.00	0.61	1.16	1.46	-380.00	-950.00	-200.00	0.43	1.16	1.40	-170.00	-1010.00	-80.00	-0.12	1.16	2.99
170.00	-1010.00	-20.00	0.73	-0.91	2.32	260.00	-880.00	-40.00	0.73	0.91	1.59	-380.00	-950.00	-190.00	0.43	1.04	1.34	-180.00	-1010.00	-70.00	-0.24	1.10	2.87
170.00	-1010.00	-10.00	0.49	-0.91	2.26	260.00	-880.00	-50.00	0.61	0.85	1.65	-380.00	-950.00	-190.00	0.30	1.22	1.22	-180.00	-1010.00	-70.00	-0.43	0.98	2.56
170.00	-1010.00	-10.00	0.24	-0.91	2.20	250.00	-880.00	-50.00	0.55	0.55	1.65	-380.00	-950.00	-180.00	0.24	1.46	1.04	-180.00	-1010.00	-70.00	-0.55	0.79	2.26
170.00	-1020.00	-10.00	0.18	-0.98	1.95	270.00	-880.00	-50.00	0.43	0.43	1.46	-380.00	-950.00	-180.00	0.12	1.40	0.98	-180.00	-1010.00	-80.00	-0.79	0.55	1.89
170.00	-1010.00	-10.00	0.00	-1.04	1.95	260.00	-880.00	-50.00	0.18	0.49	1.46	-380.00	-950.00	-190.00	-0.06	1.22	0.85	-190.00	-1010.00	-80.00	-1.04	0.37	1.40
170.00	-1010.00	-0.00	-0.30	-0.91	1.71	260.00	-880.00	-50.00	-0.18	0.67	1.46	-380.00	-950.00	-190.00	-0.12	0.98	0.73	-190.00	-1000.00	-80.00	-1.22	0.37	1.04
170.00	-1010.00	-10.00	-0.55	-0.91	1.46	260.00	-880.00	-50.00	-0.30	0.67	1.46	-390.00	-950.00	-190.00	-0.30	0.91	0.49	-190.00	-1000.00	-80.00	-1.46	0.24	0.73
170.00	-1010.00	-10.00	-0.55	-0.91	1.46	260.00	-880.00	-50.00	-0.43	0.55	1.34	-380.00	-940.00	-190.00	-0.55	0.98	0.30	-190.00	-1000.00	-80.00	-1.46	0.12	0.43
170.00	-1010.00	-10.00	-0.61	-0.73	1.34	260.00	-880.00	-50.00	-0.61	0.43	1.28	-380.00	-940.00	-190.00	-0.73	0.98	0.00	-190.00	-1000.00	-80.00	-1.59	0.18	0.12
170.00	-1010.00	-10.00	-0.55	-0.79	1.04	250.00	-880.00	-40.00	-0.79	0.30	1.22	-380.00	-940.00	-200.00	-1.04	1.04	-0.18	-200.00	-1000.00	-80.00	-1.52	0.49	0.12
170.00	-1010.00	-10.00	-0.55	-0.79	1.04	260.00	-890.00	-40.00	-0.91	0.24	1.10	-380.00	-930.00	-190.00	-1.16	0.61	-0.43	-190.00	-1000.00	-80.00	-1.34	0.98	0.00
170.00	-1010.00	-10.00	-0.67	-1.04	0.91	260.00	-880.00	-40.00	-1.04	0.12	0.91	-390.00	-940.00	-190.00	-1.46	-0.12	-0.49	-190.00	-1000.00	-80.00	-1.34	0.98	-0.24
170.00	-1020.00	-10.00	-0.67	-1.04	0.91	260.00	-880.00	-50.00	-1.10	0.00	0.73	-380.00	-940.00	-180.00	-1.77	-0.98	-0.73	-190.00	-1000.00	-80.00	-1.59	0.67	-0.49
170.00	-1020.00	-10.00	-0.61	-1.04	0.91	260.00	-880.00	-40.00	-1.28	0.00	0.67	-390.00	-940.00	-190.00	-1.46	-1.28	-1.04	-190.00	-1000.00	-80.00	-1.65	0.49	-0.73
170.00	-1010.00	-10.00	-0.67	-1.04	0.85	250.00	-880.00	-40.00	-1.40	0.06	0.49	-390.00	-940.00	-190.00	-1.28	-1.22	-1.16	-190.00	-1000.00	-80.00	-1.46	0.18	-0.98
170.00	-1010.00	-10.00	-0.55	-0.91	0.85	250.00	-880.00	-40.00	-1.52	0.12	0.30	-380.00	-940.00	-190.00	-1.34	-1.22	-1.16	-190.00	-1000.00	-80.00	-1.46	0.18	-0.98
170.00	-1010.00	-10.00	-0.61	-0.73	1.16	250.00	-880.00	-40.00	-1.52	0.06	0.18	-390.00	-940.00	-200.00	-1.22	-0.91	-1.16	-190.00	-1000.00	-80.00	-1.46	0.18	-0.98
170.00	-1020.00	-10.00	-0.61	-0.73	1.16	250.00	-880.00	-40.00	-1.52	-0.06	0.06	-390.00	-940.00	-190.00	-1.10	-0.43	-1.16	-190.00	-1000.00	-90.00	-1.46	-0.91	-2.13
170.00	-1020.00	-10.00	-0.49	-0.55	1.22	260.00	-880.00	-50.00	-1.65	-0.12	0.06	-380.00	-940.00	-200.00	-1.16	0.00	-1.22	-190.00	-1010.00	-80.00	-1.46	-0.91	-2.13
170.00	-1020.00	-10.00	-0.67	-0.73	1.10	260.00	-880.00	-40.00	-1.71	-0.24	0.06	-380.00	-940.00	-200.00	-1.10	0.30	-1.40	-190.00	-1010.00	-80.00	-1.46	-0.91	-2.13
170.00	-1020.00	-10.00	-0.67	-0.67	1.04	250.00	-880.00	-40.00	-1.59	-0.37	0.18	-390.00	-950.00	-190.00	-1.04	0.61	-1.59	-190.00	-1000.00	-80.00	-1.59	-1.52	-2.99
170.00	-1010.00	-10.00	-0.73	-0.37	0.79	250.00	-880.00	-50.00	-1.65	-0.43	0.18	-390.00	-950.00	-190.00	-1.10	0.79	-1.65	-190.00	-1000.00	-80.00	-1.77	-1.77	-3.23
170.00	-1020.00	-10.00	-0.73	-0.37	0.79	260.00	-880.00	-50.00	-1.71	-0.49	0.12	-390.00	-950.00	-190.00	-1.04	0.85	-1.95	-190.00	-1000.00	-80.00	-1.77	-1.77	-3.23
170.00	-1020.00	-10.00	-0.73	-0.37	0.79	250.00	-880.00	-50.00	-1.71	-0.43	0.24	-390.00	-950.00	-190.00	-0.98	0.98	-2.13	-190.00	-1000.00	-80.00	-1.77	-1.77	-3.23
170.00	-1020.00	-10.00	-0.79	-0.37	0.67	260.00	-880.00	-50.00	-1.77	-0.43	0.18	-390.00	-950.00	-200.00	-1.10	0.98	-2.26	-190.00	-1000.00	-80.00	-2.93	-2.07	-2.38
170.00	-1010.00	-20.00	-0.73	-0.30	0.67	260.00	-880.00	-50.00	-1.71	-0.37	0.18	-380.00	-940.00	-190.00	-1.16	0.91	-2.32	-190.00	-1000.00	-80.00	-3.23	-1.77	-1.71
170.00	-1020.00	-20.00	-0.61	-0.67	0.00	260.00	-880.00	-50.00	-1.71	-0.24	0.24	-380.00	-940.00	-200.00	-1.22	0.91	-2.32	-190.00	-1000.00	-80.00	-3.23	-1.77	-1.71
170.00	-1020.00	-20.00	-0.61	-0.67	0.00	260.00	-880.00	-50.00	-1.71	-0.18	0.18	-380.00	-940.00	-200.00	-1.34	0.91	-2.26	-190.00	-1000.00	-80.00	-2.99	-1.46	-1.10
170.00	-1020.00	-20.00	-0.61	-0.67	0.00	250.00	-880.00	-40.00	-1.65	-0.18	0.18	-380.00	-940.00	-200.00	-1.52	1.10	-2.13	-190.00	-1000.00	-80.00	-2.80	-1.28	-0.91
170.00	-1010.00	-20.00	-0.18	-1.34	-0.37	260.00	-880.00	-50.00	-1.59	-0.12	0.00	-380.00	-940.00	-200.00	-1.77	1.04	-1.95	-190.00	-1000.00	-80.00	-2.80	-1.28	-0.91
170.00	-1020.00	-10.00	-0.18	-1.34	-0.37	260.00	-880.00	-50.00	-1.65	0.00	0.06	-380.00	-940.00	-200.00	-2.01	0.73	-1.59	-190.00	-1000.00	-80.00	-2.80	-1.28	-0.91
170.00	-1020.00	-10.00	-0.18	-1.34	-0.37	260.00	-880.00	-50.00	-1.59	0.06	-0.06	-380.00	-940.00	-190.00	-2.26	0.61	-1.04	-170.00	-1020.00	-90.00	-2.20	-1.16	-0.98
170.00	-1020.00	-10.00	-0.18	-1.34	-0.37	260.00	-880.00	-50.00	-1.52	0.18	-0.12	-380.00	-940.00	-190.00	-2.13	-0.06	-0.49	-170.00	-1020.00	-90.00	-0.91	-0.85	-0.61
170.00	-1010.00	-20.00	-0.18	-1.34	-0.37	260.00	-880.00	-50.00	-1.46	0.30	-0.18	-370.00	-940.00	-190.00	-2.07	-0.06	-0.24	-170.00	-1020.00	-90.00	-0.73	-0.85	-0.55
160.00	-1020.00	-20.00	0.00	-1.46	-0.24	260.00	-880.00	-50.00	-1.34	0.30	-0.24	-370.00	-950.00	-190.00	-2.20	0.37	0.12	-180.00	-1010.00	-90.00	-0.61	-1.04	-0.49
160.00	-1020.00	-20.00	0.00	-1.46	-0.24	250.00	-880.00	-50.00	-1.22	0.18	-0.24	-370.00	-950.00	-190.00	-2.01	0.55	0.06	-180.00	-1010.00	-90.00	-0.61	-1.04	-0.49
160.00	-1020.00	-20.00	0.00	-1.46	-0.24	260.00	-880.00	-50.00	-1.16	-0.06	-0.49	-370.00	-960.00	-190.00	-1.71	0.79	-0.12	-180.00	-1010.00	-90.00	-0.61	-0.91	-0.43
170.00	-1020.00	-20.00	0.06	-1.40	-0.37	260.00	-880.00	-60.00	-1.16	-0.43	-0.49	-380.00	-960.00	-190.00	-1.46	0.73	-0.24	-180.00	-1010.00	-90.00	-0.61	-0.98	-0.37
170.00	-1020.00	-20.00	0.37	-1.28	-0.06	250.00	-880.00	-60.00	-1.04	-0.73	-0.43	-380.00	-960.00	-200.00	-1.10	0.37	-0.37	-170.00	-1010.00	-90.00	-0.55	-0.98	-0.18
170.00	-1020.00	-20.00	0.37	-1.28	-0.06	250.00	-880.00	-50.00	-0.98	-0.91	-0.49	-380.00	-950.00	-200.00	-0.85	0.00	-0.24	-170.00	-1010.00	-90.00	-0.55	-0.98	-0.18
170.00	-1020.00	-20.00	0.37	-1.28	-0.06	260.00	-880.00	-60.00	-0.85	-1.04	-0.55	-380.00	-960.00	-200.00	-0.55	0.00	-0.30	-180.00	-1010.00	-80.00	-0.30	-0.67	0.06
170.00	-1020.00	-20.00	0.61	-0.98	0.30	260.00	-880.00	-50.00	-0.67	-1.04	-0.61	-380.00	-950.00	-200.00	-0.18	0.06	-0.49	-180.00	-1000.00	-90.00	-0.30	-0.55	0.18
170.00	-1020.00	-20.00	0.61	-0.98	0.30	260.00	-880.00	-50.00	-0.73	-1.10	-0.43	-380.00	-950.00	-210.00	-0.12	0.12	-0.55	-180.00	-1010.00	-90.00	-0.30	-0.55	0.18
170.00	-1020.00	-20.00	0.61	-0.98	0.30	260.00	-880.00	-50.00	-0.49	-1.04	-0.30	-380.00	-940.00	-210.00	0.00	0.12	-0.49	-170.00	-1010.00	-90.00	0.00	-0.43	0.49
170.00	-1020.00	-20.00	0.61	-0.98	0.30	260.00	-880.00	-50.00	-0.49	-0.98	-0.37	-380.00	-950.00	-210.00	-0.18	-0.06	-0.43	-170.00	-1010.00	-90.00	0.00	-0.43	0.49
170.00	-1020.00	-20.00	0.79	-1.04	0.61	260.00	-880.00	-60.00	-0.49	-1.16	-0.24	-380.00	-950.00	-200.00	-0.06	-0.06	-0.37	-180.00	-1010.00	-90.00	0.00	-0.30	0.73
170.00	-1010.00	-20.00	0.73	-1.10	0.85	260.00	-880.00	-50.00	-0.43	-1.22	-0.24	-380.00	-950.00	-200.00	0.06	-0.24	-0.30	-170.00	-1010.00	-90.00	0.00	-0.30	0.73
170.00	-1010.00	-20.00	0.73	-1.10	0.85	260.00	-880.00	-50.00	-0.37	-0.98	-0.18	-380.00	-950.00	-190.00	-0.06	-0.18	-0.24	-170.00	-1010.00	-90.00	-0.12	-0.24	1.04
170.00	-1010.00	-20.00	0.73	-1.10	0.85	260.00	-880.00	-60.00	-0.24	-0.91	-0.18	-380.00	-950.00	-200.00	-0.06	-0.24	-0.12	-170.00	-1010.00	-80.00	-0.12	-0.24	1.04
170.00	-1010.00	-20.00	0.85	-0.85	1.10	260.00	-880.00	-60.00	-0.18	-0.73	-0.24	-380.00	-950.00	-190.00	0.00	-0.61	-0.06	-170.00	-1010.00	-80.00	-0.12	-0.12	0.91
170.00	-1010.00	-20.00	0.85	-0.85	1.10	260.00	-880.00	-50.00	-0.12	-0.49	-0.18	-380.00	-940.00	-200.00	-0.06	-0.18	-0.06	-180.00	-1010.00	-90.00	-0.55	-0.12	1.10
170.00	-1010.00	-20.00	0.85	-0.85	1.10	260.00	-880.00	-50.00	-0.12	-0.37	0.00	-380.00	-940.00	-190.00	0.12	-0.12	0.06	-170.00	-1020.00	-90.00	-0.55	-0.12	1.10
170.00	-1010.00	-20.00	0.85	-0.85	1.10	260.00	-880.00	-50.00	0.12	-0.30	0.12	-370.00	-940.00	-200.00	0.18	-0.18	0.06	-170.00	-1020.00	-90.00	-0.43	-0.06	1.16
170.00	-1020.00	-20.00	0.73	-0.67	1.34	260.00	-880.00	-60.00	0.12	-0.18	0.18	-380.00	-960.00	-200.00	0.12	-0.06	0.06	-180.00	-1010.00	-80.00	-0.43	-0.06	1.16
170.00	-1020.00	-20.00	0.73	-0.67	1.34	260.00	-880.00	-60.00	0.06	-0.24	0.24	-380.00	-950.00	-200.00	0.18	0.00	0.12	-180.00	-1010.00	-80.00	-0.61	0.06	1.16
170.00	-1010.00	-20.00	0.73	-0.67	1.34	260.00	-880.00	-60.00	0.06	-0.24	0.37	-370.00	-950.00	-200.00	0.18	0.12	0.24	-180.00	-1010.00	-80.00	-0.61	0.06	1.16
170.00	-1010.00	-20.00	0.73	-0.73	1.52	260.00	-870.00	-60.00	0.00	-0.24	0.43	-380.00	-950.00	-190.00	0.12	0.12	0.37	-180.00	-1010.00	-80.00	-0.55	0.12	1.04
170.00	-1010.00	-20.00	0.55	-0.55	1.59	260.00	-880.00	-50.00	0.00	-0.30	0.55	-370.00	-950.00	-190.00	0.12	0.18	0.43	-180.00	-1000.00	-80.00	-0.55	0.12	0.98
180.00	-1020.00	-20.00	0.55	-0.55	1.59	260.00	-880.00	-50.00	0.00	-0.30	0.55	-380.00	-950.00	-200.00	0.06	0.37	0.43	-180.00	-1000.00	-80.00	-0.55	0.12	0.98
180.00	-1020.00	-20.00	0.55	-0.55	1.59	260.00	-880.00	-60.00	0.00	-0.30	0.61	-380.00	-950.00	-190.00	0.00	0.24	0.55	-180.00	-1000.00	-90.00	-0.55	0.12	0.98
180.00	-1020.00	-20.00	0.49	-0.61	1.52	260.00	-880.00	-60.00	-0.12	0.06	0.67	-380.00	-950.00	-200.00	0.00	0.00	0.61	-180.00	-1010.00	-90.00	-0.49	0.30	0.91
180.00	-1010.00	-20.00	0.73	-0.67	1.65	260.00	-880.00	-50.00	-0.12	0.00	0.67	-380.00	-950.00	-200.00	0.06	0.24	0.61	-180.00	-1010.00	-90.00	-0.43	0.43	1.16
180.00	-1010.00	-20.00	0.67	-0.73	1.83	260.00	-880.00	-60.00	-0.06	0.06	0.79	-380.00	-950.00	-200.00	0.00	0.43	0.49	-180.00	-1010.00	-90.00	-0.43	0.43	1.16
180.00	-1010.00	-20.00	0.67	-0.85	1.77	260.00	-880.00	-50.00	0.00	0.18	0.79	-380.00	-950.00	-200.00	-0.06	0.55	0.37	-180.00	-1010.00	-80.00	-0.43	0.55	0.98
180.00	-1010.00	-20.00	0.67	-0.85	1.77	260.00	-880.00	-50.00	-0.06	0.24	0.73	-380.00	-950.00	-200.00	-0.12	0.55	0.24	-180.00	-1010.00	-90.00	-0.43	0.55	0.98
170.00	-1010.00	-20.00	0.67	-0.73	1.59	260.00	-880.00	-50.00	0.00	0.30	0.85	-390.00	-950.00	-190.00	-0.06	0.43	0.24	-180.00	-1010.00	-90.00	-0.43	0.55	0.98
170.00	-1010.00	-10.00	0.67	-0.67	1.59	260.00	-880.00	-50.00	-0.06	0.37	0.79	-380.00	-940.00	-200.00	-0.06	0.24	0.24	-180.00	-1010.00	-80.00	-0.55	0.49	0.67
170.00	-1010.00	-10.00	0.67	-0.73	1.59	260.00	-880.00	-50.00	-0.18	0.43	0.73	-380.00	-950.00	-190.00	-0.06	0.49	0.30	-180.00	-1010.00	-80.00	-0.55	0.49	0.67
180.00	-1020.00	-20.00	0.79	-0.79	1.59	260.00	-880.00	-50.00	-0.30	0.43	0.79	-380.00	-940.00	-200.00	0.06	0.55	0.18	-180.00	-1010.00	-80.00	-0.55	0.49	0.67
170.00	-1010.00	-20.00	0.73	-1.10	1.28	260.00	-880.00	-50.00	-0.37	0.43	0.73	-380.00	-940.00	-200.00	0.18	0.49	0.12	-180.00	-1010.00	-80.00	-0.37	0.37	0.55
170.00	-1010.00	-20.00	0.67	-1.10	1.16	260.00	-880.00	-60.00	-0.37	0.43	0.79	-380.00	-950.00	-200.00	0.06	0.67	0.12	-180.00	-1010.00	-80.00	0.49	0.55	1.04
170.00	-1010.00	-20.00	0.24	-0.85	0.98	260.00	-880.00	-50.00	-0.43	0.49	0.91	-380.00	-950.00	-190.00	0.06	0.73	0.00	-180.00	-1010.00	-80.00	0.49	0.55	1.04
170.00	-1010.00	-20.00	0.24	-0.85	0.98	260.00	-880.00	-50.00	-0.30	0.49	0.91	-380.00	-950.00	-200.00	0.24	0.73	-0.12	-180.00	-1010.00	-90.00	0.49	0.55	1.04
170.00	-1010.00	-20.00	0.06	-0.73	0.98	250.00	-880.00	-50.00	-0.24	0.61	0.91	-380.00	-950.00	-190.00	0.37	0.85	-0.18	-180.00	-1010.00	-90.00	0.12	0.43	0.85
170.00	-1010.00	-20.00	0.00	-0.73	0.91	260.00	-880.00	-50.00	-0.12	0.49	0.98	-380.00	-950.00	-200.00	0.37	0.98	-0.30	-180.00	-1010.00	-90.00	0.12	0.43	0.85
170.00	-1020.00	-20.00	0.00	-0.73	0.91	260.00	-880.00	-50.00	-0.12	0.49	1.04	-380.00	-950.00	-200.00	0.30	0.91	-0.37	-180.00	-1010.00	-90.00	0.12	0.43	0.85
170.00	-1020.00	-20.00	0.00	-0.73	0.91	260.00	-880.00	-50.00	-0.06	0.43	1.10	-380.00	-950.00	-200.00	0.24	0.98	-0.43	-180.00	-1020.00	-90.00	0.00	0.37	0.61
170.00	-1010.00	-20.00	-0.12	-0.79	0.85	260.00	-880.00	-60.00	-0.06	0.37	0.91	-380.00	-950.00	-200.00	0.30	0.79	-0.24	-180.00	-1010.00	-90.00	-0.24	0.24	0.30
170.00	-1010.00	-10.00	0.06	-0.73	0.91	260.00	-880.00	-50.00	-0.12	0.55	0.85	-380.00	-950.00	-190.00	0.49	0.55	-0.24	-180.00	-1010.00	-90.00	-0.24	0.24	0.30
170.00	-1010.00	-10.00	0.06	-0.73	0.91	260.00	-880.00	-50.00	-0.12	0.55	0.85	-380.00	-950.00	-200.00	0.61	0.30	-0.12	-180.00	-1010.00	-90.00	-0.24	0.24	0.30
170.00	-1010.00	-10.00	-0.06	-0.73	0.85	260.00	-880.00	-60.00	0.00	0.67	0.85	-380.00	-940.00	-200.00	0.79	0.30	-0.18	-180.00	-1000.00	-80.00	-0.30	0.18	-0.18
170.00	-1010.00	-10.00	-0.06	-0.73	0.85	260.00	-880.00	-60.00	-0.12	0.61	0.85	-380.00	-940.00	-200.00	0.85	0.37	-0.12	-180.00	-1000.00	-80.00	-0.73	0.12	-0.37
170.00	-1020.00	-20.00	0.12	-1.10	0.73	260.00	-880.00	-60.00	-0.12	0.49	0.85	-380.00	-940.00	-210.00	1.10	0.49	-0.24	-180.00	-1000.00	-80.00	-0.73	0.12	-0.37
170.00	-1010.00	-20.00	0.12	-1.10	0.73	250.00	-880.00	-60.00	0.00	0.43	0.85	-380.00	-950.00	-200.00	1.04	0.67	-0.30	-190.00	-1000.00	-90.00	-0.73	0.12	-0.37
170.00	-1010.00	-20.00	0.12	-1.28	0.55	260.00	-880.00	-50.00	-0.06	0.24	0.79	-380.00	-950.00	-210.00	0.91	0.73	-0.37	-190.00	-1000.00	-90.00	-0.85	-0.12	-0.24
170.00	-1010.00	-20.00	0.12	-1.28	0.55	260.00	-880.00	-50.00	-0.06	0.24	0.73	-380.00	-950.00	-200.00	0.73	0.67	-0.43	-190.00	-1000.00	-90.00	-0.85	-0.12	-0.24
170.00	-1010.00	-20.00	0.12	-1.28	0.55	260.00	-880.00	-60.00	-0.24	0.06	0.73	-380.00	-950.00	-190.00	0.67	0.67	-0.49	-180.00	-1000.00	-80.00	-0.85	-0.12	-0.24
170.00	-1010.00	-20.00	-0.12	-1.10	0.43	260.00	-880.00	-50.00	-0.30	0.06	0.61	-370.00	-950.00	-200.00	0.55	0.73	-0.79	-180.00	-1000.00	-90.00	-1.10	-0.24	-0.24
170.00	-1010.00	-20.00	-0.12	-1.10	0.43	260.00	-880.00	-50.00	-0.43	-0.06	0.55	-380.00	-950.00	-190.00	0.49	0.73	-0.91	-180.00	-1000.00	-90.00	-1.10	-0.43	-0.24
170.00	-1020.00	-20.00	0.06	-0.91	0.37	270.00	-880.00	-50.00	-0.49	0.06	0.49	-380.00	-940.00	-190.00	0.43	0.73	-1.10	-180.00	-1000.00	-90.00	-1.10	-0.43	-0.24
170.00	-1020.00	-20.00	0.06	-0.91	0.37	250.00	-880.00	-50.00	-0.61	0.06	0.30	-380.00	-940.00	-190.00	0.24	0.37	-1.28	-180.00	-1010.00	-80.00	-1.10	-0.43	-0.24
170.00	-1020.00	-20.00	-0.06	-0.73	0.43	250.00	-880.00	-50.00	-0.67	0.00	0.37	-380.00	-940.00	-190.00	0.00	-0.06	-1.10	-180.00	-1010.00	-80.00	-1.16	-0.61	-0.30
170.00	-1020.00	-10.00	-0.06	-0.73	0.43	260.00	-880.00	-50.00	-0.85	0.18	0.37	-380.00	-940.00	-190.00	-0.24	-0.30	-0.91	-180.00	-1010.00	-80.00	-1.22	-0.61	-0.37
170.00	-1020.00	-10.00	0.00	-0.67	0.55	260.00	-880.00	-40.00	-0.85	0.06	0.37	-380.00	-940.00	-200.00	-0.30	-0.37	-0.98	-180.00	-1010.00	-80.00	-1.22	-0.61	-0.37
170.00	-1010.00	-20.00	0.12	-0.79	0.55	260.00	-880.00	-50.00	-0.91	-0.12	0.30	-380.00	-950.00	-190.00	-0.43	-0.12	-0.91	-180.00	-1000.00	-80.00	-1.34	-0.73	-0.67
170.00	-1010.00	-20.00	0.12	-0.79	0.55	260.00	-880.00	-60.00	-0.85	-0.18	0.18	-380.00	-950.00	-190.00	-0.43	0.00	-0.98	-180.00	-1000.00	-80.00	-1.40	-0.91	-0.61
170.00	-1010.00	-20.00	0.18	-0.91	0.55	260.00	-880.00	-50.00	-0.91	-0.06	0.18	-380.00	-950.00	-190.00	-0.55	0.06	-0.98	-180.00	-1000.00	-80.00	-1.40	-0.91	-0.61
170.00	-1010.00	-20.00	0.18	-0.91	0.55	260.00	-880.00	-50.00	-0.98	0.00	0.18	-380.00	-940.00	-190.00	-0.61	0.18	-0.85	-180.00	-1010.00	-80.00	-1.40	-0.91	-0.61
170.00	-1010.00	-20.00	0.49	-1.16	0.73	260.00	-880.00	-50.00	-0.98	-0.06	0.24	-380.00	-950.00	-190.00	-0.55	0.37	-0.79	-180.00	-1010.00	-90.00	-1.52	-1.22	-0.79
170.00	-1010.00	-20.00	0.49	-1.16	0.73	250.00	-880.00	-60.00	-0.98	-0.06	0.24	-380.00	-950.00	-190.00	-0.55	0.30	-0.73	-180.00	-1010.00	-90.00	-1.71	-1.34	-0.85
170.00	-1010.00	-20.00	0.55	-1.16	0.79	250.00	-880.00	-50.00	-0.98	-0.06	0.24	-380.00	-950.00	-190.00	-0.55	0.49	-0.67	-180.00	-1010.00	-90.00	-1.71	-1.34	-0.85
170.00	-1020.00	-20.00	0.49	-1.22	0.79	260.00	-880.00	-50.00	-0.85	-0.30	0.12	-380.00	-950.00	-200.00	-0.55	0.49	-0.61	-180.00	-1010.00	-80.00	-2.07	-1.40	-0.49
170.00	-1020.00	-20.00	0.49	-1.22	0.79	250.00	-880.00	-50.00	-0.85	-0.30	0.12	-380.00	-950.00	-190.00	-0.61	0.49	-0.61	-180.00	-1010.00	-80.00	-2.07	-1.40	-0.49
170.00	-1010.00	-20.00	0.49	-1.22	0.79	260.00	-880.00	-50.00	-0.85	-0.30	0.12	-380.00	-950.00	-200.00	-0.67	0.61	-0.61	-180.00	-1000.00	-90.00	-2.20	-1.34	-0.37
170.00	-1010.00	-20.00	0.55	-1.34	0.79	260.00	-880.00	-60.00	-0.79	-0.30	0.06	-380.00	-950.00	-200.00	-0.73	0.85	-0.61	-180.00	-1000.00	-90.00	-2.32	-1.22	0.00
170.00	-1010.00	-20.00	0.61	-1.28	0.91	260.00	-870.00	-50.00	-0.73	-0.37	0.00	-370.00	-950.00	-200.00	-0.79	0.79	-0.67	-180.00	-1010.00	-80.00	-1.95	-1.10	0.06
180.00	-1010.00	-20.00	0.61	-1.28	0.91	260.00	-870.00	-50.00	-0.73	-0.37	0.00	-380.00	-950.00	-190.00	-0.73	0.73	-0.61	-180.00	-1010.00	-80.00	-1.95	-1.10	0.06
180.00	-1010.00	-20.00	0.61	-1.28	0.91	260.00	-870.00	-50.00	-0.79	-0.30	0.00	-380.00	-940.00	-200.00	-0.85	0.67	-0.49	-180.00	-1010.00	-80.00	-1.10	-0.43	0.61
180.00	-1010.00	-20.00	0.61	-0.91	0.79	260.00	-880.00	-50.00	-0.79	-0.18	-0.18	-380.00	-950.00	-200.00	-0.85	0.49	-0.55	-180.00	-1010.00	-80.00	-0.55	-0.24	0.49
170.00	-1020.00	-20.00	0.61	-0.91	0.79	260.00	-880.00	-60.00	-0.79	-0.18	-0.18	-380.00	-950.00	-200.00	-0.98	0.49	-0.43	-180.00	-1010.00	-90.00	-0.55	-0.37	0.43
170.00	-1010.00	-20.00	0.61	-0.91	0.79	260.00	-880.00	-60.00	-0.85	-0.12	-0.12	-380.00	-950.00	-200.00	-0.98	0.67	-0.30	-180.00	-1010.00	-90.00	-0.55	-0.37	0.43
170.00	-1010.00	-20.00	0.67	-1.04	0.85	260.00	-880.00	-50.00	-0.85	-0.12	0.00	-370.00	-940.00	-200.00	-1.04	0.49	0.06	-180.00	-1020.00	-90.00	-0.49	-0.43	0.43
170.00	-1010.00	-20.00	0.67	-1.04	0.85	260.00	-880.00	-60.00	-0.73	0.00	0.00	-370.00	-940.00	-200.00	-1.10	0.24	0.24	-180.00	-1020.00	-100.00	-0.49	-0.43	0.43
170.00	-1020.00	-20.00	0.67	-1.04	0.85	260.00	-880.00	-60.00	-0.55	-0.12	0.00	-380.00	-950.00	-190.00	-1.22	0.37	0.30	-180.00	-1010.00	-90.00	-0.43	-0.43	0.43
170.00	-1020.00	-20.00	0.67	-1.04	0.85	250.00	-880.00	-50.00	-0.43	-0.24	0.12	-380.00	-950.00	-200.00	-1.34	0.49	0.43	-180.00	-1010.00	-90.00	-0.43	-0.43	0.37
170.00	-1020.00	-20.00	0.61	-0.79	0.98	260.00	-880.00	-50.00	-0.37	-0.30	0.18	-370.00	-950.00	-200.00	-1.28	0.30	0.55	-180.00	-1010.00	-80.00	-0.43	-0.43	0.37
170.00	-1020.00	-20.00	0.61	-0.79	0.98	260.00	-880.00	-60.00	-0.24	-0.24	0.30	-370.00	-950.00	-190.00	-1.10	0.24	0.55	-180.00	-1010.00	-90.00	-0.55	-0.43	0.30
170.00	-1010.00	-20.00	0.61	-0.79	0.98	260.00	-880.00	-60.00	-0.37	-0.12	0.43	-380.00	-950.00	-200.00	-0.85	0.12	0.67	-180.00	-1010.00	-90.00	-0.55	-0.43	0.30
170.00	-1010.00	-20.00	0.61	-0.79	0.98	260.00	-880.00	-50.00	-0.37	-0.18	0.37	-370.00	-950.00	-200.00	-0.55	0.00	0.61	-180.00	-1000.00	-90.00	-0.61	-0.43	0.12
170.00	-1010.00	-20.00	0.73	-0.91	0.98	260.00	-880.00	-60.00	-0.12	-0.18	0.37	-380.00	-950.00	-200.00	-0.37	0.55	0.49	-180.00	-1000.00	-90.00	-0.61	-0.43	0.12
170.00	-1010.00	-20.00	0.67	-0.85	0.91	260.00	-880.00	-60.00	-0.06	-0.18	0.49	-380.00	-950.00	-210.00	-0.18	0.37	0.49	-180.00	-1010.00	-80.00	-0.73	-0.49	0.06
170.00	-1010.00	-20.00	0.55	-1.04	0.79	260.00	-880.00	-60.00	-0.18	-0.30	0.55	-370.00	-950.00	-210.00	0.00	0.18	0.37	-180.00	-1010.00	-90.00	-0.67	-0.43	0.24
170.00	-1010.00	-20.00	0.55	-1.04	0.79	260.00	-880.00	-50.00	-0.24	-0.30	0.55	-390.00	-950.00	-200.00	0.12	0.24	0.37	-180.00	-1000.00	-80.00	-0.67	-0.43	0.24
170.00	-1010.00	-20.00	0.55	-0.98	0.73	260.00	-880.00	-50.00	-0.18	-0.30	0.43	-380.00	-950.00	-200.00	0.12	0.18	0.18	-180.00	-1000.00	-80.00	-0.67	-0.43	0.24
170.00	-1010.00	-20.00	0.67	-0.91	0.98	260.00	-880.00	-60.00	-0.30	-0.18	0.49	-370.00	-950.00	-200.00	0.18	0.24	0.00	-180.00	-1010.00	-80.00	-0.79	-0.43	0.37
170.00	-1010.00	-20.00	0.67	-0.91	0.98	260.00	-880.00	-60.00	-0.18	-0.12	0.49	-380.00	-950.00	-200.00	0.18	0.24	-0.06	-180.00	-1010.00	-80.00	-0.55	-0.43	0.55
170.00	-1010.00	-20.00	0.67	-0.91	0.98	260.00	-880.00	-60.00	-0.18	-0.18	0.37	-380.00	-950.00	-200.00	0.06	0.30	0.06	-180.00	-1000.00	-90.00	-0.55	-0.43	0.55
170.00	-1010.00	-20.00	0.67	-0.67	1.28	260.00	-880.00	-50.00	-0.18	-0.12	0.30	-380.00	-940.00	-210.00	0.18	0.12	0.12	-180.00	-1000.00	-90.00	-0.55	-0.43	0.55
170.00	-1010.00	-20.00	0.73	-0.73	1.34	260.00	-880.00	-50.00	-0.18	-0.06	0.37	-380.00	-950.00	-200.00	0.12	0.18	0.12	-170.00	-1010.00	-80.00	-0.49	-0.37	0.24
170.00	-1010.00	-20.00	0.73	-0.73	1.34	260.00	-880.00	-50.00	-0.18	-0.06	0.49	-380.00	-940.00	-200.00	0.06	0.18	0.00	-180.00	-1010.00	-90.00	-0.49	-0.37	0.24
170.00	-1020.00	-20.00	0.73	-0.67	1.34	260.00	-880.00	-50.00	-0.18	0.00	0.49	-380.00	-950.00	-190.00	0.12	0.12	-0.06	-180.00	-1010.00	-90.00	-0.49	-0.37	0.24
170.00	-1020.00	-20.00	0.98	-0.85	1.34	260.00	-880.00	-50.00	-0.24	0.00	0.37	-380.00	-950.00	-200.00	0.00	0.18	-0.06	-180.00	-1010.00	-90.00	-0.49	-0.43	0.24
170.00	-1010.00	-20.00	0.98	-0.85	1.34	260.00	-880.00	-60.00	-0.18	0.06	0.43	-380.00	-950.00	-200.00	0.06	0.37	-0.12	-180.00	-1010.00	-90.00	-0.49	-0.24	0.37
170.00	-1010.00	-20.00	0.98	-0.85	1.34	260.00	-880.00	-50.00	-0.18	0.06	0.49	-380.00	-950.00	-200.00	-0.06	0.24	-0.18	-180.00	-1010.00	-90.00	-0.49	-0.24	0.37
170.00	-1010.00	-20.00	0.85	-0.79	1.40	260.00	-880.00	-50.00	-0.18	0.06	0.49	-380.00	-940.00	-190.00	-0.12	0.24	-0.18	-180.00	-1010.00	-90.00	-0.49	-0.24	0.37
180.00	-1020.00	-20.00	1.04	-0.67	1.28	260.00	-880.00	-50.00	-0.24	-0.06	0.43	-380.00	-940.00	-200.00	-0.18	0.24	-0.06	-180.00	-1010.00	-90.00	-0.37	-0.12	0.79
170.00	-1020.00	-20.00	0.91	-0.85	1.22	260.00	-880.00	-60.00	-0.12	0.00	0.37	-380.00	-940.00	-200.00	-0.24	0.18	0.06	-180.00	-1010.00	-90.00	-0.37	0.06	0.79
170.00	-1020.00	-20.00	0.91	-0.85	1.22	260.00	-870.00	-50.00	-0.12	0.00	0.37	-380.00	-950.00	-200.00	-0.30	0.24	0.12	-180.00	-1010.00	-90.00	-0.37	0.06	0.79
170.00	-1020.00	-20.00	0.61	-0.91	0.98	260.00	-880.00	-60.00	-0.18	-0.18	0.43	-380.00	-950.00	-190.00	-0.24	0.12	0.37	-180.00	-1010.00	-90.00	-0.30	0.24	0.85
170.00	-1020.00	-20.00	0.73	-0.91	0.91	260.00	-870.00	-50.00	-0.30	-0.12	0.43	-380.00	-950.00	-190.00	-0.24	0.06	0.37	-180.00	-1010.00	-80.00	-0.49	0.06	0.79
170.00	-1010.00	-20.00	0.55	-0.73	0.85	260.00	-880.00	-50.00	-0.37	-0.18	0.37	-380.00	-950.00	-200.00	-0.30	0.24	0.37	-180.00	-1010.00	-90.00	-0.49	0.06	0.79
170.00	-1010.00	-20.00	0.37	-0.67	0.79	260.00	-880.00	-60.00	-0.24	-0.18	0.30	-380.00	-950.00	-200.00	-0.18	0.24	0.37	-180.00	-1010.00	-90.00	-0.49	0.06	0.79
170.00	-1020.00	-20.00	0.37	-0.67	0.79	260.00	-880.00	-50.00	-0.24	-0.18	0.30	-370.00	-950.00	-200.00	-0.30	0.06	0.30	-180.00	-1010.00	-80.00	-0.37	-0.06	0.43
170.00	-1010.00	-20.00	0.18	-0.43	0.85	260.00	-880.00	-50.00	-0.24	-0.12	0.30	-380.00	-950.00	-200.00	-0.18	0.06	0.18	-180.00	-1010.00	-80.00	-0.49	-0.06	0.24
170.00	-1010.00	-20.00	0.18	-0.43	0.85	260.00	-880.00	-50.00	-0.12	-0.12	0.30	-380.00	-950.00	-200.00	-0.18	0.18	0.12	-180.00	-1010.00	-80.00	-0.49	-0.06	0.24
170.00	-1010.00	-20.00	0.18	-0.43	0.85	260.00	-880.00	-50.00	-0.24	-0.12	0.30	-380.00	-940.00	-200.00	-0.18	0.24	0.00	-180.00	-1010.00	-80.00	-0.43	-0.12	0.18
170.00	-1010.00	-20.00	0.18	-0.43	0.85	260.00	-880.00	-60.00	-0.43	0.12	0.49	-380.00	-940.00	-200.00	0.00	0.18	-0.12	-180.00	-1010.00	-80.00	-0.37	-0.06	-0.06
170.00	-1010.00	-10.00	0.18	-0.61	0.98	260.00	-880.00	-60.00	-0.24	0.12	0.55	-380.00	-940.00	-200.00	0.00	0.18	-0.24	-180.00	-1010.00	-90.00	-0.37	-0.06	-0.06
170.00	-1020.00	-20.00	0.18	-0.61	0.98	260.00	-880.00	-50.00	-0.18	0.18	0.67	-380.00	-940.00	-200.00	0.00	0.24	-0.12	-180.00	-1010.00	-90.00	-0.37	-0.06	-0.06
170.00	-1010.00	-10.00	0.37	-0.67	0.91	250.00	-880.00	-50.00	-0.12	0.37	0.61	-380.00	-940.00	-200.00	0.06	0.18	-0.06	-180.00	-1010.00	-90.00	-0.43	-0.06	-0.24
170.00	-1010.00	-10.00	0.55	-0.85	0.91	260.00	-880.00	-50.00	-0.06	0.55	0.67	-380.00	-950.00	-200.00	0.00	0.24	0.00	-190.00	-1010.00	-80.00	-0.55	-0.18	-0.24
170.00	-1010.00	-20.00	0.55	-0.85	0.91	260.00	-880.00	-50.00	-0.06	0.43	0.85	-380.00	-940.00	-190.00	0.06	0.43	0.00	-180.00	-1000.00	-90.00	-0.55	-0.18	-0.24
170.00	-1010.00	-20.00	0.55	-0.98	0.79	260.00	-880.00	-50.00	-0.12	0.43	0.91	-390.00	-950.00	-200.00	0.06	0.37	0.06	-180.00	-1000.00	-90.00	-0.55	-0.18	-0.24
170.00	-1010.00	-20.00	0.49	-0.79	0.85	260.00	-880.00	-50.00	-0.06	0.37	0.85	-380.00	-950.00	-200.00	0.12	0.30	0.00	-180.00	-1000.00	-90.00	-0.73	-0.43	-0.06
170.00	-1010.00	-20.00	0.49	-0.79	0.85	260.00	-880.00	-60.00	0.12	0.43	0.85	-380.00	-950.00	-200.00	0.18	0.43	0.12	-180.00	-1010.00	-90.00	-0.73	-0.67	-0.24
170.00	-1010.00	-20.00	0.61	-0.49	0.98	260.00	-880.00	-50.00	0.06	0.30	0.79	-380.00	-950.00	-200.00	0.12	0.12	0.37	-180.00	-1010.00	-80.00	-0.73	-0.67	-0.24
170.00	-1010.00	-20.00	0.67	-0.61	0.91	260.00	-880.00	-60.00	0.00	0.30	0.79	-380.00	-950.00	-200.00	0.12	-0.06	0.37	-180.00	-1010.00	-80.00	-0.91	-0.73	-0.49
170.00	-1010.00	-20.00	0.67	-0.61	0.91	260.00	-880.00	-60.00	0.06	0.30	0.73	-380.00	-950.00	-200.00	0.24	0.30	0.24	-180.00	-1010.00	-80.00	-0.91	-0.73	-0.49
170.00	-1010.00	-20.00	0.67	-0.61	0.91	260.00	-880.00	-60.00	0.06	0.12	0.61	-380.00	-950.00	-200.00	0.24	0.30	0.12	-180.00	-1010.00	-80.00	-0.98	-0.85	-0.67
170.00	-1010.00	-20.00	0.79	-0.73	0.91	260.00	-880.00	-50.00	0.12	0.06	0.61	-370.00	-950.00	-200.00	0.24	0.37	0.12	-180.00	-1010.00	-80.00	-1.10	-1.10	-0.67
170.00	-1020.00	-20.00	0.91	-0.79	0.67	260.00	-880.00	-60.00	0.06	-0.06	0.55	-390.00	-950.00	-190.00	0.24	0.37	0.06	-180.00	-1010.00	-80.00	-1.10	-1.10	-0.67
170.00	-1020.00	-10.00	0.91	-0.79	0.67	260.00	-880.00	-50.00	-0.06	-0.12	0.49	-380.00	-950.00	-200.00	0.18	0.37	0.00	-180.00	-1010.00	-80.00	-1.59	-1.34	0.00
170.00	-1020.00	-10.00	1.10	-1.10	0.55	260.00	-880.00	-60.00	-0.18	-0.18	0.43	-380.00	-940.00	-200.00	0.12	0.37	-0.12	-190.00	-1010.00	-80.00	-1.59	-1.34	0.00
170.00	-1010.00	-20.00	1.28	-1.16	0.73	260.00	-880.00	-50.00	-0.30	-0.12	0.37	-380.00	-940.00	-190.00	0.18	0.30	-0.12	-190.00	-1010.00	-80.00	-1.16	-0.61	0.98
170.00	-1010.00	-20.00	1.28	-1.16	0.73	260.00	-880.00	-60.00	-0.49	-0.06	0.30	-380.00	-950.00	-190.00	0.12	0.43	-0.18	-180.00	-1010.00	-80.00	-1.16	-0.61	0.98
170.00	-1010.00	-20.00	1.46	-0.98	1.04	260.00	-880.00	-50.00	-0.67	-0.06	0.18	-380.00	-940.00	-190.00	0.12	0.43	-0.37	-180.00	-1010.00	-80.00	-0.61	-0.37	1.16
170.00	-1010.00	-20.00	1.28	-0.79	1.22	260.00	-880.00	-50.00	-0.67	0.00	0.30	-380.00	-940.00	-200.00	0.12	0.49	-0.55	-170.00	-1010.00	-90.00	0.24	-0.30	1.10
170.00	-1020.00	-20.00	1.59	-0.79	1.34	250.00	-880.00	-60.00	-0.67	0.06	0.37	-380.00	-940.00	-200.00	0.06	0.49	-0.67	-180.00	-1010.00	-100.00	0.24	-0.30	1.10
170.00	-1020.00	-20.00	1.59	-0.79	1.34	260.00	-880.00	-50.00	-0.73	0.00	0.30	-380.00	-940.00	-200.00	0.06	0.43	-0.73	-180.00	-1010.00	-100.00	0.73	-0.55	0.73
170.00	-1020.00	-20.00	1.65	-0.67	1.34	260.00	-880.00	-50.00	-0.61	0.06	0.24	-380.00	-940.00	-190.00	0.00	0.12	-0.85	-180.00	-1010.00	-100.00	0.73	-0.55	0.73
170.00	-1020.00	-20.00	1.59	-0.61	1.52	260.00	-880.00	-50.00	-0.49	0.06	0.30	-380.00	-950.00	-190.00	-0.12	-0.24	-0.98	-180.00	-1010.00	-100.00	0.98	-0.06	0.67
170.00	-1020.00	-20.00	1.59	-0.61	1.52	250.00	-880.00	-50.00	-0.49	0.00	0.49	-380.00	-940.00	-200.00	-0.12	-0.30	-1.04	-180.00	-1010.00	-90.00	0.98	0.37	1.04
170.00	-1020.00	-20.00	1.77	-0.91	1.52	250.00	-880.00	-50.00	-0.43	0.00	0.43	-380.00	-940.00	-200.00	-0.18	-0.30	-0.98	-180.00	-1010.00	-90.00	0.98	0.37	1.04
180.00	-1010.00	-20.00	1.71	-1.04	1.52	260.00	-880.00	-60.00	-0.37	0.06	0.37	-380.00	-940.00	-200.00	-0.24	-0.18	-0.85	-180.00	-1010.00	-90.00	0.85	0.49	1.10
170.00	-1010.00	-20.00	0.98	-0.79	1.40	260.00	-880.00	-60.00	-0.30	-0.06	0.30	-380.00	-940.00	-200.00	-0.37	-0.06	-0.67	-180.00	-1010.00	-90.00	0.85	0.49	1.10
170.00	-1010.00	-20.00	0.85	-0.73	1.52	260.00	-880.00	-50.00	-0.30	-0.12	0.24	-380.00	-940.00	-200.00	-0.30	-0.06	-0.49	-180.00	-1010.00	-90.00	0.55	0.18	1.22
170.00	-1010.00	-20.00	0.98	-0.73	1.46	260.00	-880.00	-60.00	-0.30	-0.12	0.30	-380.00	-950.00	-200.00	-0.30	0.06	-0.49	-180.00	-1010.00	-80.00	0.49	-0.06	1.34
170.00	-1010.00	-20.00	0.98	-0.73	1.46	260.00	-880.00	-50.00	-0.43	-0.18	0.30	-380.00	-950.00	-200.00	-0.30	0.18	-0.49	-180.00	-1010.00	-80.00	0.49	-0.06	1.34
170.00	-1010.00	-20.00	0.98	-0.73	1.46	260.00	-880.00	-50.00	-0.43	0.06	0.30	-380.00	-950.00	-200.00	-0.37	0.37	-0.49	-180.00	-1010.00	-80.00	0.49	0.00	1.65
170.00	-1010.00	-20.00	1.04	-0.61	1.52	270.00	-880.00	-60.00	-0.43	0.12	0.37	-380.00	-950.00	-190.00	-0.37	0.49	-0.43	-180.00	-1010.00	-80.00	0.55	0.18	1.77
170.00	-1010.00	-10.00	0.98	-0.85	1.46	260.00	-880.00	-60.00	-0.37	0.12	0.30	-380.00	-950.00	-190.00	-0.37	0.49	-0.37	-180.00	-1010.00	-80.00	0.49	0.37	1.77
170.00	-1020.00	-0.00	0.98	-0.85	1.46	260.00	-880.00	-50.00	-0.43	0.06	0.24	-370.00	-940.00	-200.00	-0.37	0.37	-0.30	-180.00	-1010.00	-80.00	0.24	0.18	1.65
180.00	-1010.00	-20.00	0.98	-0.85	1.46	260.00	-880.00	-50.00	-0.43	0.12	0.30	-380.00	-950.00	-200.00	-0.49	0.37	-0.30	-180.00	-1010.00	-80.00	0.24	0.00	1.46
180.00	-1010.00	-20.00	0.85	-0.61	1.71	260.00	-880.00	-50.00	-0.37	0.12	0.30	-380.00	-950.00	-200.00	-0.49	0.37	-0.30	-180.00	-1010.00	-80.00	0.06	-0.06	1.52
170.00	-1010.00	-20.00	0.67	-0.43	1.77	260.00	-880.00	-50.00	-0.18	0.12	0.30	-380.00	-950.00	-190.00	-0.49	0.37	-0.24	-180.00	-1010.00	-80.00	0.06	-0.06	1.52
170.00	-1010.00	-20.00	0.67	-0.43	1.77	260.00	-880.00	-60.00	-0.18	0.24	0.37	-380.00	-950.00	-200.00	-0.49	0.43	-0.30	-180.00	-1010.00	-80.00	-0.24	0.00	1.28
170.00	-1010.00	-20.00	0.79	-0.49	1.83	260.00	-880.00	-60.00	-0.24	0.37	0.37	-380.00	-950.00	-200.00	-0.67	0.49	-0.30	-190.00	-1010.00	-80.00	-0.37	0.00	1.46
170.00	-1010.00	-10.00	0.91	-0.79	1.71	260.00	-880.00	-50.00	-0.12	0.37	0.37	-380.00	-950.00	-200.00	-0.85	0.43	-0.24	-180.00	-1010.00	-80.00	-0.37	0.00	1.46
170.00	-1010.00	-20.00	0.91	-0.79	1.71	260.00	-880.00	-60.00	-0.12	0.37	0.37	-380.00	-940.00	-200.00	-0.85	0.55	-0.24	-180.00	-1010.00	-80.00	-0.37	-0.06	1.46
170.00	-1010.00	-10.00	0.91	-0.79	1.71	260.00	-880.00	-60.00	-0.24	0.18	0.37	-380.00	-940.00	-190.00	-0.98	0.49	0.00	-180.00	-1010.00	-80.00	-0.49	-0.06	1.34
170.00	-1010.00	-10.00	0.98	-1.10	1.40	260.00	-880.00	-60.00	-0.12	0.12	0.37	-380.00	-950.00	-200.00	-1.04	0.12	0.37	-190.00	-1010.00	-80.00	-0.61	-0.12	1.10
170.00	-1020.00	-20.00	0.98	-1.10	1.40	260.00	-880.00	-60.00	-0.06	0.06	0.43	-380.00	-940.00	-200.00	-1.10	-0.06	0.61	-180.00	-1010.00	-80.00	-0.61	-0.12	1.10
180.00	-1020.00	-20.00	0.37	-0.67	1.28	260.00	-880.00	-60.00	-0.06	-0.18	0.30	-370.00	-940.00	-190.00	-1.04	-0.12	1.10	-180.00	-1010.00	-80.00	-0.61	-0.12	1.10
180.00	-1020.00	-20.00	0.37	-0.67	1.28	260.00	-880.00	-50.00	0.06	-0.30	0.37	-380.00	-950.00	-190.00	-0.79	-0.67	1.28	-180.00	-1000.00	-80.00	-0.61	0.12	1.22
170.00	-1010.00	-20.00	0.55	-0.85	1.10	260.00	-880.00	-50.00	0.06	-0.18	0.43	-370.00	-950.00	-200.00	-0.24	0.43	0.98	-180.00	-1000.00	-80.00	-0.55	0.18	1.40
170.00	-1020.00	-10.00	0.55	-0.85	1.10	260.00	-880.00	-60.00	0.18	-0.18	0.55	-370.00	-960.00	-200.00	-0.24	0.43	0.98	-180.00	-1010.00	-80.00	-0.55	0.18	1.40
170.00	-1020.00	-20.00	0.55	-0.85	1.10	260.00	-880.00	-50.00	0.30	-0.12	0.49	-370.00	-960.00	-200.00	-0.06	0.24	0.85	-180.00	-1010.00	-80.00	-0.55	0.06	1.28
170.00	-1020.00	-20.00	0.61	-0.79	1.22	260.00	-880.00	-60.00	0.37	0.00	0.61	-380.00	-950.00	-190.00	0.43	0.12	0.61	-180.00	-1020.00	-80.00	-0.43	0.12	1.34
170.00	-1020.00	-10.00	0.61	-0.79	1.22	260.00	-880.00	-60.00	0.55	0.12	0.73	-380.00	-940.00	-200.00	0.67	0.24	0.43	-180.00	-1010.00	-90.00	-0.43	0.12	1.34
170.00	-1010.00	-0.00	0.61	-0.73	1.16	260.00	-880.00	-60.00	0.55	0.06	0.73	-380.00	-950.00	-210.00	0.91	0.00	0.30	-180.00	-1010.00	-90.00	-0.43	0.12	1.34
170.00	-1010.00	-0.00	0.61	-0.73	1.16	260.00	-880.00	-50.00	0.43	0.18	0.79	-380.00	-950.00	-200.00	1.10	-0.18	0.24	-180.00	-1010.00	-90.00	-0.37	-0.06	1.16
170.00	-1010.00	-20.00	0.55	-0.61	1.10	260.00	-880.00	-50.00	0.43	0.30	0.85	-380.00	-950.00	-200.00	1.40	-0.12	0.18	-180.00	-1010.00	-80.00	-0.61	-0.12	0.67
170.00	-1020.00	-10.00	0.55	-0.61	1.10	260.00	-880.00	-60.00	0.49	0.37	1.10	-380.00	-940.00	-210.00	1.65	0.18	-0.06	-180.00	-1010.00	-80.00	-0.61	-0.12	0.67
170.00	-1020.00	-10.00	0.55	-0.61	1.10	260.00	-880.00	-60.00	0.55	0.49	1.10	-390.00	-950.00	-200.00	1.65	0.61	-0.18	-180.00	-1010.00	-80.00	-0.67	-0.43	0.06
170.00	-1010.00	-20.00	0.67	-0.67	1.04	260.00	-880.00	-60.00	0.61	0.61	0.98	-380.00	-950.00	-200.00	1.59	0.55	-0.18	-190.00	-1000.00	-80.00	-0.73	-0.43	0.00
170.00	-1010.00	-10.00	0.79	-0.91	0.91	260.00	-880.00	-50.00	0.67	0.61	1.04	-390.00	-950.00	-190.00	1.65	0.61	0.00	-190.00	-1000.00	-80.00	-0.73	-0.43	0.00
170.00	-1010.00	-10.00	0.79	-0.91	0.91	260.00	-880.00	-50.00	0.73	0.67	0.98	-390.00	-950.00	-190.00	1.46	0.37	0.12	-190.00	-1000.00	-80.00	-0.73	-0.43	0.00
170.00	-1010.00	-10.00	0.67	-1.22	0.79	260.00	-880.00	-50.00	0.55	0.73	1.04	-380.00	-950.00	-190.00	1.22	0.24	0.24	-190.00	-1000.00	-80.00	-0.85	-0.43	0.12
170.00	-1020.00	-20.00	0.67	-0.98	0.79	260.00	-880.00	-60.00	0.55	0.79	1.04	-380.00	-950.00	-200.00	1.16	0.06	0.49	-190.00	-1000.00	-80.00	-0.85	-0.43	0.12
170.00	-1020.00	-20.00	0.67	-0.98	0.79	250.00	-870.00	-50.00	0.79	0.73	1.04	-380.00	-950.00	-190.00	1.16	0.24	0.49	-180.00	-1010.00	-80.00	-0.85	-0.37	0.30
170.00	-1020.00	-10.00	0.79	-0.91	0.91	260.00	-880.00	-60.00	0.85	0.67	1.04	-370.00	-950.00	-200.00	1.16	0.49	0.55	-180.00	-1010.00	-80.00	-0.73	-0.30	0.37
170.00	-1020.00	-10.00	0.73	-0.73	0.98	260.00	-880.00	-50.00	0.67	0.49	1.10	-380.00	-940.00	-200.00	1.16	0.49	0.55	-180.00	-1000.00	-80.00	-0.73	-0.30	0.37
170.00	-1010.00	-10.00	0.73	-0.73	0.98	260.00	-880.00	-60.00	0.49	0.30	1.16	-380.00	-940.00	-200.00	1.04	0.61	0.61	-180.00	-1010.00	-80.00	-0.37	-0.24	0.24
170.00	-1010.00	-10.00	0.73	-0.73	0.98	260.00	-880.00	-50.00	0.37	0.18	1.04	-370.00	-950.00	-190.00	1.16	0.61	0.55	-190.00	-1010.00	-80.00	-0.37	-0.24	0.24
170.00	-1020.00	-20.00	0.85	-0.67	1.04	250.00	-880.00	-60.00	0.24	0.24	0.91	-390.00	-950.00	-190.00	1.10	0.61	0.55	-190.00	-1010.00	-80.00	-0.37	-0.24	0.24
170.00	-1020.00	-10.00	0.85	-0.67	1.04	260.00	-880.00	-50.00	0.06	0.30	0.91	-380.00	-950.00	-200.00	0.98	0.49	0.49	-190.00	-1010.00	-90.00	-0.37	-0.24	0.24
170.00	-1020.00	-10.00	0.85	-0.61	1.10	260.00	-880.00	-50.00	-0.24	0.43	0.85	-380.00	-950.00	-190.00	0.85	0.30	0.55	-180.00	-1010.00	-80.00	-0.30	-0.24	0.12
170.00	-1010.00	-20.00	0.79	-0.55	1.10	260.00	-880.00	-40.00	-0.24	0.61	0.91	-380.00	-950.00	-190.00	0.79	0.24	0.55	-180.00	-1010.00	-80.00	-0.30	-0.12	0.06
170.00	-1010.00	-20.00	0.79	-0.55	1.04	260.00	-880.00	-40.00	-0.24	0.55	0.91	-380.00	-940.00	-200.00	0.73	0.24	0.49	-180.00	-1010.00	-80.00	-0.24	-0.30	-0.18
170.00	-1020.00	-10.00	0.79	-0.55	1.04	260.00	-880.00	-40.00	-0.12	0.55	0.85	-380.00	-950.00	-190.00	0.61	0.30	0.55	-180.00	-1010.00	-80.00	-0.24	-0.30	-0.18
170.00	-1020.00	-10.00	0.98	-0.43	1.10	250.00	-880.00	-50.00	-0.06	0.61	0.85	-380.00	-940.00	-200.00	0.55	0.30	0.67	-180.00	-1000.00	-80.00	-0.24	-0.61	-0.49
170.00	-1010.00	-10.00	0.98	-0.55	1.04	260.00	-880.00	-50.00	0.00	0.43	0.98	-380.00	-950.00	-190.00	0.37	0.24	0.67	-180.00	-1000.00	-80.00	-0.24	-0.73	-0.49
170.00	-1010.00	-10.00	0.98	-0.55	1.04	260.00	-880.00	-40.00	0.12	0.43	0.98	-380.00	-940.00	-190.00	0.37	0.43	0.67	-190.00	-1010.00	-80.00	-0.24	-0.73	-0.49
170.00	-1010.00	-10.00	0.98	-0.55	0.91	260.00	-880.00	-50.00	0.12	0.37	0.91	-380.00	-950.00	-190.00	0.43	0.43	0.49	-190.00	-1010.00	-80.00	-0.12	-0.67	-0.49
170.00	-1010.00	-10.00	0.79	-0.67	1.22	260.00	-880.00	-50.00	0.06	0.37	0.91	-380.00	-950.00	-190.00	0.24	0.43	0.55	-190.00	-1010.00	-80.00	0.00	-0.91	-0.37
170.00	-1010.00	-10.00	0.79	-0.67	1.22	260.00	-880.00	-50.00	-0.06	0.49	0.91	-380.00	-950.00	-190.00	0.12	0.43	0.43	-180.00	-1010.00	-80.00	0.00	-0.91	-0.37
170.00	-1010.00	-10.00	0.79	-0.67	1.22	260.00	-880.00	-50.00	-0.06	0.55	0.91	-380.00	-950.00	-200.00	0.06	0.43	0.49	-180.00	-1010.00	-80.00	0.00	-0.91	-0.37
170.00	-1010.00	-10.00	0.85	-0.61	1.16	260.00	-880.00	-50.00	-0.30	0.85	1.10	-380.00	-940.00	-190.00	-0.06	0.37	0.49	-180.00	-1010.00	-80.00	0.06	-1.04	-0.49
170.00	-1020.00	-10.00	0.91	-0.49	1.16	260.00	-880.00	-50.00	-0.12	1.04	1.16	-380.00	-950.00	-190.00	-0.24	0.55	0.49	-180.00	-1010.00	-80.00	-0.30	-1.10	-0.79
170.00	-1020.00	-10.00	0.91	-0.49	1.16	260.00	-880.00	-50.00	0.24	0.79	0.98	-380.00	-950.00	-190.00	-0.06	0.43	0.43	-190.00	-1000.00	-80.00	-0.30	-1.10	-0.79
170.00	-1020.00	-10.00	0.73	-0.61	1.10	260.00	-880.00	-50.00	0.12	0.67	0.91	-380.00	-940.00	-190.00	-0.06	0.30	0.55	-190.00	-1000.00	-80.00	-0.24	-1.04	-0.79
170.00	-1020.00	-10.00	0.79	-0.67	0.98	260.00	-880.00	-50.00	0.12	0.49	1.10	-380.00	-940.00	-200.00	-0.12	0.24	0.55	-190.00	-1000.00	-80.00	-0.43	-1.04	-0.85
170.00	-1020.00	-20.00	0.37	-0.61	1.04	260.00	-880.00	-50.00	0.18	0.24	1.10	-380.00	-940.00	-190.00	0.00	0.49	0.55	-190.00	-1010.00	-80.00	-0.98	-1.16	-1.34
170.00	-1020.00	-20.00	0.37	-0.61	1.04	260.00	-880.00	-50.00	0.12	0.06	0.98	-380.00	-940.00	-190.00	0.06	0.43	0.67	-190.00	-1010.00	-80.00	-0.98	-1.16	-1.34
170.00	-1020.00	-20.00	0.37	-0.61	1.04	260.00	-880.00	-60.00	-0.18	0.12	0.91	-380.00	-950.00	-200.00	0.12	0.24	0.55	-190.00	-1010.00	-80.00	-1.46	-1.40	-1.52
170.00	-1020.00	-10.00	0.37	-0.67	0.85	260.00	-880.00	-50.00	-0.43	0.24	0.85	-390.00	-950.00	-190.00	0.18	0.49	0.55	-190.00	-1010.00	-80.00	-1.22	-1.28	-1.10
170.00	-1020.00	-10.00	0.37	-0.67	0.85	260.00	-880.00	-50.00	-0.61	0.30	0.73	-380.00	-950.00	-200.00	0.30	0.55	0.55	-190.00	-1010.00	-80.00	-1.59	-1.46	-1.40
170.00	-1020.00	-10.00	0.37	-0.67	0.85	260.00	-880.00	-50.00	-0.73	0.24	0.67	-380.00	-950.00	-200.00	0.18	0.49	0.49	-190.00	-1010.00	-80.00	-1.46	-1.10	-1.77
170.00	-1010.00	-10.00	0.24	-0.55	1.28	260.00	-880.00	-50.00	-0.67	0.18	0.61	-390.00	-950.00	-190.00	0.30	0.43	0.43	-190.00	-1010.00	-80.00	-1.77	-0.37	-1.59
170.00	-1010.00	-10.00	0.06	-0.43	1.59	260.00	-880.00	-40.00	-0.61	0.18	0.49	-380.00	-950.00	-200.00	0.18	0.43	0.37	-180.00	-1010.00	-80.00	-1.77	-0.37	-1.59
170.00	-1010.00	-10.00	0.18	0.61	2.99	250.00	-880.00	-40.00	-0.67	0.12	0.55	-380.00	-960.00	-190.00	0.12	0.49	0.18	-180.00	-1010.00	-80.00	-2.13	0.00	-1.59
170.00	-1010.00	-10.00	0.18	0.61	2.99	260.00	-890.00	-40.00	-0.49	0.12	0.55	-390.00	-950.00	-190.00	0.18	0.43	0.06	-180.00	-1010.00	-80.00	-2.32	0.00	-1.34
170.00	-1010.00	-10.00	0.49	2.01	5.06	250.00	-880.00	-40.00	-0.43	0.06	0.55	-390.00	-940.00	-190.00	0.12	0.43	-0.12	-180.00	-1010.00	-80.00	-2.32	0.00	-1.34
170.00	-1010.00	-10.00	0.79	2.01	6.65	250.00	-880.00	-50.00	-0.30	0.12	0.61	-390.00	-940.00	-190.00	0.00	0.37	-0.30	-170.00	-1010.00	-70.00	-2.74	0.43	-0.18
170.00	-1010.00	-10.00	0.79	2.01	6.65	260.00	-880.00	-50.00	-0.18	0.18	0.61	-380.00	-940.00	-190.00	0.00	0.43	-0.43	-170.00	-1010.00	-70.00	-2.74	0.43	-0.18
170.00	-1010.00	-10.00	0.61	1.52	7.80	250.00	-880.00	-50.00	-0.30	0.12	0.49	-390.00	-940.00	-190.00	-0.18	0.43	-0.49	-180.00	-1010.00	-80.00	-2.32	2.80	8.96
170.00	-1020.00	-10.00	0.61	1.52	7.80	260.00	-880.00	-50.00	-0.43	0.30	0.49	-380.00	-940.00	-190.00	-0.18	0.43	-0.43	-170.00	-1020.00	-80.00	-3.11	3.96	12.87
170.00	-1010.00	-10.00	0.73	1.77	8.35	260.00	-880.00	-50.00	-0.49	0.30	0.49	-390.00	-940.00	-190.00	-0.24	0.37	-0.37	-170.00	-1020.00	-80.00	-3.11	3.96	12.87
170.00	-1010.00	-10.00	1.65	4.63	10.00	260.00	-880.00	-50.00	-0.43	0.37	0.49	-380.00	-940.00	-190.00	-0.43	0.37	-0.37	-170.00	-1020.00	-80.00	-3.96	4.51	13.90
170.00	-1020.00	-10.00	3.11	6.10	14.57	260.00	-880.00	-50.00	-0.43	0.43	0.49	-390.00	-940.00	-200.00	-0.37	0.43	-0.24	-160.00	-1020.00	-80.00	-3.96	4.51	13.90
180.00	-1020.00	-10.00	3.11	6.10	14.57	250.00	-880.00	-50.00	-0.49	0.30	0.49	-380.00	-950.00	-190.00	-0.55	0.43	-0.06	-160.00	-1040.00	-80.00	-5.73	4.15	15.49
170.00	-1010.00	-10.00	0.61	5.91	19.15	260.00	-880.00	-50.00	-0.30	0.24	0.43	-380.00	-950.00	-190.00	-0.55	0.49	0.06	-160.00	-1040.00	-80.00	-6.95	3.54	16.77
170.00	-1010.00	-10.00	0.61	5.91	19.15	250.00	-880.00	-50.00	-0.30	0.06	0.49	-380.00	-940.00	-190.00	-0.49	0.37	0.06	-180.00	-1040.00	-100.00	-6.95	3.54	16.77
170.00	-1020.00	-10.00	-1.10	9.39	22.26	260.00	-880.00	-40.00	-0.12	0.06	0.49	-380.00	-950.00	-200.00	-0.37	0.18	0.18	-180.00	-1060.00	-130.00	-11.16	2.87	18.17
160.00	-1020.00	-0.00	-1.59	11.65	23.78	250.00	-880.00	-50.00	-0.06	-0.06	0.49	-380.00	-950.00	-190.00	-0.37	0.24	0.18	-180.00	-1060.00	-130.00	-14.63	0.49	21.10
120.00	-1010.00	20.00	-2.01	13.11	24.39	260.00	-880.00	-50.00	-0.06	-0.06	0.49	-380.00	-940.00	-190.00	-0.30	0.24	0.18	-180.00	-1040.00	-110.00	-14.63	0.49	21.10
120.00	-1010.00	20.00	-2.01	13.11	24.39	260.00	-880.00	-50.00	-0.06	0.06	0.49	-390.00	-950.00	-190.00	-0.18	0.18	0.12	-180.00	-1040.00	-110.00	-17.56	-0.24	25.91
150.00	-1010.00	-10.00	-1.71	13.96	22.13	260.00	-880.00	-60.00	-0.12	0.12	0.55	-390.00	-950.00	-200.00	-0.06	0.24	0.00	-190.00	-1050.00	-120.00	-20.85	0.12	30.85
170.00	-1020.00	-0.00	-2.07	9.57	17.99	250.00	-880.00	-50.00	-0.06	0.18	0.49	-380.00	-950.00	-200.00	0.12	0.24	0.00	-190.00	-1050.00	-120.00	-20.85	0.12	30.85
130.00	-1000.00	10.00	-2.07	9.57	17.99	260.00	-880.00	-50.00	0.06	0.18	0.49	-390.00	-950.00	-190.00	0.12	0.18	0.00	-180.00	-1060.00	-100.00	-21.65	1.16	33.96
130.00	-1000.00	10.00	-0.73	8.17	15.49	260.00	-880.00	-50.00	-0.06	0.18	0.61	-380.00	-940.00	-200.00	0.24	0.18	-0.06	-160.00	-1100.00	-90.00	-21.65	1.16	33.96
160.00	-1010.00	20.00	-0.73	8.17	15.49	260.00	-880.00	-50.00	-0.18	0.06	0.55	-380.00	-940.00	-200.00	0.37	0.30	-0.12	-160.00	-1100.00	-90.00	-25.55	1.59	43.11
150.00	-1020.00	20.00	-0.79	10.30	16.10	260.00	-880.00	-50.00	-0.24	0.12	0.55	-380.00	-950.00	-200.00	0.43	0.24	-0.24	-180.00	-1080.00	-90.00	-25.55	1.59	43.11
150.00	-1020.00	20.00	-1.04	13.96	17.01	260.00	-880.00	-50.00	-0.12	0.18	0.43	-380.00	-950.00	-200.00	0.37	0.30	-0.43	-180.00	-1080.00	-110.00	-25.55	1.59	43.11
50.00	-1030.00	-20.00	-1.04	13.96	17.01	250.00	-880.00	-50.00	-0.06	0.24	0.55	-390.00	-950.00	-190.00	0.24	0.37	-0.49	-180.00	-1080.00	-110.00	-33.90	-4.51	84.02
60.00	-1050.00	-20.00	-1.16	15.24	17.44	260.00	-880.00	-40.00	-0.06	0.24	0.49	-380.00	-940.00	-190.00	0.18	0.37	-0.55	-190.00	-1140.00	-140.00	-33.90	-4.51	84.02
60.00	-1050.00	-20.00	-1.16	15.24	17.44	250.00	-880.00	-40.00	-0.06	0.18	0.55	-380.00	-950.00	-190.00	0.30	0.37	-0.55	-180.00	-1070.00	-150.00	-33.90	-4.51	84.02
60.00	-1050.00	-20.00	-1.34	12.74	18.66	260.00	-880.00	-50.00	-0.12	0.24	0.55	-380.00	-940.00	-200.00	0.18	0.24	-0.61	-190.00	-1100.00	-180.00	-34.15	-4.33	90.18
100.00	-1040.00	-10.00	-1.34	12.74	18.66	250.00	-880.00	-50.00	0.06	0.18	0.49	-380.00	-940.00	-190.00	0.18	0.12	-0.61	-160.00	-1110.00	-150.00	-35.43	-5.79	104.82
100.00	-1040.00	-10.00	-1.34	9.45	18.72	260.00	-880.00	-50.00	0.12	0.12	0.49	-390.00	-940.00	-190.00	0.18	0.06	-0.61	-160.00	-1140.00	-140.00	-35.43	-5.79	104.82
90.00	-1040.00	0.00	-2.80	5.43	18.72	250.00	-880.00	-50.00	0.12	0.06	0.49	-390.00	-940.00	-190.00	0.12	0.06	-0.61	-160.00	-1140.00	-140.00	-35.98	-6.83	113.11
80.00	-1040.00	-30.00	-2.80	5.43	18.72	260.00	-880.00	-50.00	0.06	0.00	0.55	-380.00	-940.00	-190.00	0.06	0.06	-0.61	-160.00	-1110.00	-140.00	-36.34	-9.57	122.07
80.00	-1040.00	-30.00	-2.80	5.43	18.72	260.00	-880.00	-40.00	0.12	-0.06	0.49	-380.00	-940.00	-190.00	0.00	0.06	-0.61	-150.00	-1130.00	-140.00	-41.71	-15.91	153.60
90.00	-1040.00	-60.00	-3.66	5.00	18.84	260.00	-880.00	-50.00	0.18	-0.12	0.61	-390.00	-950.00	-200.00	0.00	-0.12	-0.55	-150.00	-1130.00	-140.00	-41.71	-15.91	153.60
50.00	-1030.00	-40.00	-5.18	5.79	18.90	260.00	-880.00	-50.00	0.12	-0.06	0.67	-380.00	-940.00	-200.00	-0.06	-0.18	-0.55	-150.00	-1130.00	-140.00	-41.71	-15.91	153.60
50.00	-1030.00	-40.00	-5.18	5.79	18.90	260.00	-880.00	-50.00	0.24	-0.12	0.61	-380.00	-940.00	-190.00	-0.06	-0.24	-0.55	-140.00	-1180.00	-120.00	-37.93	-17.68	187.01
50.00	-1030.00	-40.00	-5.18	5.79	18.90	260.00	-880.00	-50.00	0.24	-0.18	0.55	-380.00	-940.00	-190.00	-0.12	-0.24	-0.55	-130.00	-1170.00	-100.00	-33.17	-15.12	198.66
60.00	-1030.00	-20.00	-7.50	4.88	14.39	250.00	-880.00	-50.00	0.30	-0.24	0.55	-380.00	-940.00	-200.00	-0.18	-0.12	-0.67	-160.00	-1240.00	-20.00	-33.17	-15.12	198.66
60.00	-1040.00	10.00	-7.50	4.88	14.39	260.00	-880.00	-50.00	0.30	-0.18	0.49	-380.00	-950.00	-190.00	-0.24	-0.12	-0.79	-160.00	-1240.00	-20.00	-28.11	-5.67	200.98
60.00	-1040.00	10.00	-7.50	4.88	14.39	260.00	-880.00	-50.00	0.30	-0.30	0.49	-390.00	-950.00	-190.00	-0.37	0.12	-0.73	-160.00	-1240.00	-20.00	-34.39	24.88	198.72
50.00	-1030.00	40.00	-6.28	1.89	12.56	260.00	-880.00	-50.00	0.12	-0.30	0.37	-390.00	-940.00	-190.00	-0.49	0.30	-0.73	-410.00	-1180.00	100.00	-34.39	24.88	198.72
40.00	-1040.00	50.00	-6.28	1.89	12.56	260.00	-880.00	-50.00	0.00	-0.30	0.37	-390.00	-950.00	-190.00	-0.55	0.24	-0.98	-410.00	-1180.00	100.00	-34.39	24.88	198.72
30.00	-1050.00	70.00	-6.28	1.89	12.56	260.00	-880.00	-50.00	0.00	-0.30	0.37	-380.00	-950.00	-190.00	-0.49	-0.12	-0.98	-500.00	-1170.00	110.00	-18.60	61.52	195.37
30.00	-1050.00	70.00	-2.20	-0.49	12.07	260.00	-880.00	-50.00	-0.12	-0.18	0.30	-380.00	-940.00	-190.00	-0.49	-0.37	-0.85	-490.00	-1220.00	90.00	-4.57	73.78	186.71
10.00	-1050.00	20.00	-2.20	-0.49	12.07	250.00	-880.00	-40.00	-0.12	-0.12	0.18	-390.00	-940.00	-190.00	-0.55	-0.67	-0.73	-400.00	-1210.00	130.00	-4.57	73.78	186.71
30.00	-1050.00	0.00	-2.20	-0.49	12.07	260.00	-880.00	-50.00	-0.06	-0.30	0.30	-380.00	-940.00	-200.00	-0.43	-0.61	-0.61	-400.00	-1210.00	130.00	-4.09	72.68	158.35
30.00	-1050.00	0.00	0.12	-1.28	10.73	250.00	-880.00	-40.00	-0.06	-0.30	0.30	-370.00	-940.00	-200.00	-0.43	-0.49	-0.61	-430.00	-1160.00	120.00	8.90	75.24	101.95
20.00	-1070.00	-60.00	1.22	-1.28	11.22	260.00	-880.00	-40.00	0.00	-0.49	0.24	-380.00	-950.00	-190.00	-0.43	-0.49	-0.73	-750.00	-1050.00	150.00	5.98	107.26	23.29
30.00	-1060.00	-70.00	1.22	-1.28	11.22	260.00	-880.00	-50.00	0.00	-0.43	0.18	-380.00	-950.00	-200.00	-0.43	-0.43	-0.61	-750.00	-1050.00	150.00	5.98	107.26	23.29
30.00	-1060.00	-70.00	1.22	-1.28	11.22	260.00	-880.00	-40.00	-0.06	-0.30	0.30	-380.00	-950.00	-200.00	-0.49	-0.43	-0.67	-750.00	-1050.00	150.00	26.28	137.20	-83.48
-0.00	-1050.00	-40.00	2.74	-2.07	11.83	250.00	-880.00	-50.00	0.00	-0.30	0.30	-380.00	-950.00	-190.00	-0.55	-0.49	-0.79	-130.00	-460.00	230.00	60.61	116.28	-87.62
-0.00	-1060.00	-30.00	3.41	-2.74	11.83	260.00	-880.00	-50.00	-0.06	-0.12	0.24	-380.00	-940.00	-190.00	-0.61	-0.61	-0.85	330.00	-650.00	150.00	60.61	116.28	-87.62
-0.00	-1060.00	-30.00	4.88	-3.17	10.98	260.00	-880.00	-50.00	-0.12	0.12	0.30	-390.00	-940.00	-190.00	-0.67	-0.73	-0.91	330.00	-650.00	150.00	60.61	116.28	-87.62
20.00	-1060.00	-50.00	5.73	-3.11	11.10	260.00	-880.00	-50.00	-0.24	0.37	0.55	-380.00	-940.00	-190.00	-0.67	-0.43	-1.04	330.00	-650.00	150.00	51.04	68.84	-108.90
20.00	-1060.00	-30.00	5.73	-3.11	11.10	260.00	-880.00	-50.00	-0.30	0.61	0.67	-380.00	-940.00	-200.00	-0.55	-0.18	-1.16	160.00	-730.00	150.00	65.85	38.41	-136.65
20.00	-1060.00	-30.00	7.01	-2.01	12.62	260.00	-880.00	-50.00	-0.30	0.91	0.79	-380.00	-950.00	-190.00	-0.55	-0.30	-1.22	100.00	-630.00	120.00	65.85	38.41	-136.65
20.00	-1060.00	-30.00	7.13	-1.89	13.41	250.00	-880.00	-50.00	-0.49	1.34	1.04	-380.00	-940.00	-190.00	-0.67	-0.30	-1.46	-100.00	-770.00	60.00	87.50	-8.11	-192.01
0.00	-1050.00	-20.00	7.13	-1.89	13.41	260.00	-880.00	-50.00	-0.67	1.89	1.34	-380.00	-950.00	-200.00	-0.61	-0.12	-1.59	-30.00	-780.00	80.00	87.50	-8.11	-192.01
0.00	-1050.00	-20.00	7.13	-1.89	13.41	260.00	-880.00	-50.00	-0.79	2.50	1.59	-380.00	-940.00	-200.00	-0.67	-0.18	-1.52	-30.00	-780.00	80.00	97.07	-25.67	-206.89
10.00	-1040.00	-20.00	7.13	-0.67	15.37	250.00	-880.00	-40.00	-0.79	3.11	1.83	-390.00	-950.00	-200.00	-0.61	-0.06	-1.52	-30.00	-780.00	80.00	97.07	-25.67	-206.89
10.00	-1040.00	-20.00	7.07	-0.06	16.65	250.00	-880.00	-40.00	-0.79	3.54	2.26	-390.00	-950.00	-190.00	-0.79	0.06	-1.52	130.00	-740.00	170.00	103.29	-46.71	-217.38
10.00	-1040.00	-20.00	7.07	-0.06	16.65	260.00	-880.00	-40.00	-0.73	3.78	2.68	-380.00	-950.00	-190.00	-0.91	0.24	-1.59	190.00	-750.00	160.00	108.96	-43.54	-220.43
10.00	-1040.00	-20.00	7.80	0.00	18.66	250.00	-880.00	-50.00	-0.85	3.78	3.05	-390.00	-950.00	-190.00	-1.04	0.37	-1.71	190.00	-750.00	160.00	108.96	-43.54	-220.43
0.00	-1030.00	-20.00	7.80	0.00	18.66	260.00	-880.00	-50.00	-1.04	3.60	3.60	-380.00	-950.00	-200.00	-1.16	0.43	-1.65	170.00	-890.00	160.00	115.91	-21.95	-228.72
0.00	-1040.00	-20.00	8.05	0.43	19.57	260.00	-880.00	-50.00	-0.85	3.35	4.21	-390.00	-950.00	-190.00	-1.34	0.55	-1.52	170.00	-890.00	160.00	115.91	-21.95	-228.72
0.00	-1040.00	-20.00	8.05	0.43	19.57	260.00	-880.00	-50.00	-1.04	3.17	4.70	-380.00	-950.00	-190.00	-1.59	0.49	-1.22	140.00	-950.00	110.00	120.98	-12.13	-231.65
-0.00	-1040.00	-20.00	7.74	-0.85	21.71	250.00	-880.00	-40.00	-1.28	2.87	5.12	-390.00	-950.00	-190.00	-1.71	0.43	-0.79	140.00	-950.00	110.00	120.98	-12.13	-231.65
-0.00	-1040.00	-20.00	7.26	-0.30	22.87	260.00	-880.00	-50.00	-1.46	2.44	5.73	-380.00	-950.00	-190.00	-1.77	0.55	-0.49	60.00	-1080.00	10.00	125.98	-1.65	-237.50
-10.00	-1050.00	-20.00	7.26	-0.30	22.87	260.00	-880.00	-50.00	-1.89	1.89	6.22	-380.00	-960.00	-190.00	-1.77	0.79	-0.06	60.00	-1080.00	10.00	125.98	-1.65	-237.50
-10.00	-1050.00	-20.00	7.01	0.24	24.57	260.00	-880.00	-40.00	-2.07	1.28	6.65	-380.00	-960.00	-190.00	-2.07	1.65	0.73	-10.00	-1140.00	-30.00	126.46	-1.89	-238.35
0.00	-1060.00	-10.00	7.01	0.24	24.57	260.00	-890.00	-50.00	-2.26	0.06	7.13	-380.00	-960.00	-200.00	-2.13	2.26	1.65	-110.00	-1290.00	-130.00	129.33	-9.39	-232.62
-10.00	-1060.00	-10.00	7.13	-0.06	25.85	260.00	-880.00	-50.00	-2.44	-2.38	7.44	-380.00	-960.00	-190.00	-2.01	2.32	2.87	-110.00	-1290.00	-130.00	117.56	-45.79	-210.24
-10.00	-1060.00	-10.00	7.13	-0.06	25.85	260.00	-880.00	-40.00	-2.44	-6.52	7.68	-390.00	-970.00	-190.00	-1.89	1.89	4.51	-170.00	-1380.00	-160.00	117.56	-45.79	-210.24
-0.00	-1060.00	30.00	7.68	-2.26	28.66	260.00	-880.00	-50.00	-2.26	-10.85	7.99	-380.00	-970.00	-200.00	-1.46	1.22	5.73	-170.00	-1380.00	-160.00	112.87	-46.16	-205.55
-0.00	-1060.00	30.00	7.68	-2.26	28.66	250.00	-890.00	-40.00	-1.52	-14.82	8.41	-370.00	-970.00	-210.00	-1.59	1.59	6.77	-370.00	-1630.00	-280.00	104.88	-47.93	-200.49
-10.00	-1050.00	30.00	7.74	-2.68	31.16	250.00	-890.00	-40.00	-1.10	-16.89	9.09	-370.00	-990.00	-210.00	-1.95	2.56	7.50	-370.00	-1630.00	-280.00	104.88	-47.93	-200.49
-10.00	-1050.00	30.00	7.93	-4.45	36.16	250.00	-890.00	-40.00	-0.73	-17.50	9.45	-370.00	-1000.00	-200.00	-2.99	3.90	7.87	-500.00	-1580.00	-320.00	97.13	-50.24	-197.93
-30.00	-1070.00	30.00	7.93	-4.45	36.16	250.00	-890.00	-40.00	-1.04	-17.87	10.12	-380.00	-990.00	-210.00	-3.72	5.06	8.48	-650.00	-1360.00	-380.00	68.05	-65.61	-163.48
-30.00	-1070.00	30.00	7.93	-4.45	36.16	250.00	-890.00	-40.00	-0.61	-17.01	10.61	-390.00	-1010.00	-200.00	-4.21	5.30	8.84	-650.00	-1360.00	-380.00	68.05	-65.61	-163.48
-20.00	-1060.00	0.00	7.62	-4.63	39.27	240.00	-890.00	-30.00	-0.55	-15.00	10.98	-390.00	-1000.00	-210.00	-4.94	4.88	9.09	-700.00	-1270.00	-350.00	68.05	-65.61	-163.48
-20.00	-1090.00	-40.00	5.30	-6.83	44.82	230.00	-890.00	-30.00	-0.85	-12.13	11.65	-390.00	-980.00	-220.00	-6.04	4.33	9.82	-700.00	-1270.00	-350.00	68.05	-65.61	-163.48
-20.00	-1090.00	-40.00	4.94	-3.23	53.17	230.00	-890.00	-30.00	-1.10	-10.67	12.44	-390.00	-980.00	-250.00	-7.50	3.66	10.85	-780.00	-1160.00	-260.00	43.54	0.79	-34.21
-30.00	-1090.00	-20.00	4.94	-3.23	53.17	230.00	-890.00	-40.00	-1.22	-11.10	12.99	-390.00	-1000.00	-230.00	-8.23	3.05	12.32	-780.00	-1160.00	-260.00	43.54	0.79	-34.21
-30.00	-1090.00	-20.00	4.94	-3.23	53.17	240.00	-890.00	-40.00	-1.10	-9.39	12.44	-380.00	-1010.00	-230.00	-9.21	2.01	13.41	-780.00	-1160.00	-260.00	26.95	1.16	0.18
-30.00	-1080.00	30.00	15.18	-7.68	59.15	240.00	-880.00	-50.00	-1.10	-6.04	12.32	-380.00	-1000.00	-220.00	-10.61	1.46	15.24	-1100.00	-810.00	-310.00	2.50	-2.93	32.50
-30.00	-1080.00	30.00	15.18	-7.68	59.15	240.00	-880.00	-40.00	-1.52	-4.39	12.62	-370.00	-1010.00	-230.00	-11.71	2.32	17.26	-1100.00	-810.00	-310.00	-9.09	-6.59	68.29
-60.00	-1080.00	70.00	15.18	-7.68	59.15	230.00	-880.00	-50.00	-2.32	-2.56	12.62	-370.00	-1020.00	-220.00	-12.87	3.17	19.57	-1100.00	-810.00	-310.00	-60.37	11.46	75.30
-50.00	-1110.00	70.00	18.66	-10.00	61.34	240.00	-880.00	-50.00	-2.56	-1.10	12.56	-370.00	-1030.00	-210.00	-13.78	3.96	21.46	-980.00	-740.00	-180.00	-60.37	11.46	75.30
-50.00	-1110.00	70.00	27.62	-9.70	67.13	240.00	-880.00	-50.00	-3.60	-0.43	11.83	-370.00	-1020.00	-180.00	-14.15	5.43	23.29	-690.00	-1090.00	-130.00	-26.95	-8.84	160.73
-110.00	-1170.00	-40.00	27.62	-9.70	67.13	230.00	-880.00	-40.00	-5.24	1.77	11.59	-380.00	-1050.00	-190.00	-14.94	6.04	24.94	1110.00	-1570.00	160.00	-24.82	-10.85	127.13
-110.00	-1170.00	-40.00	27.62	-9.70	67.13	200.00	-870.00	-40.00	-7.01	5.37	12.20	-390.00	-1040.00	-220.00	-16.04	6.04	27.38	1110.00	-1570.00	160.00	-24.82	-10.85	127.13
-120.00	-1170.00	-60.00	35.18	-13.17	77.87	220.00	-870.00	-40.00	-8.23	7.44	13.11	-390.00	-1030.00	-220.00	-17.26	7.07	30.12	1110.00	-1570.00	160.00	-19.88	-24.94	119.94
-120.00	-1200.00	-20.00	35.18	-13.17	77.87	230.00	-880.00	-40.00	-7.74	7.74	13.72	-380.00	-1060.00	-240.00	-19.76	5.55	32.13	-180.00	-1310.00	-50.00	-12.26	-45.98	105.37
-120.00	-1200.00	-20.00	35.18	-13.17	77.87	210.00	-890.00	-30.00	-7.20	7.20	14.09	-410.00	-1050.00	-250.00	-20.91	4.39	34.94	-180.00	-1310.00	-50.00	-10.43	-56.28	83.66
-120.00	-1200.00	-20.00	35.18	-13.17	77.87	230.00	-900.00	-40.00	-5.73	5.55	13.84	-360.00	-1090.00	-280.00	-21.22	4.02	38.41	-180.00	-1310.00	-50.00	-10.43	-56.28	83.66
-120.00	-1250.00	-10.00	42.01	-15.61	92.87	200.00	-900.00	-30.00	-4.21	1.95	12.62	-370.00	-1060.00	-290.00	-23.35	2.50	41.71	-350.00	-1290.00	90.00	-11.77	-53.29	65.49
-120.00	-1250.00	-10.00	42.01	-15.61	92.87	200.00	-890.00	-30.00	-3.66	0.73	11.40	-380.00	-1050.00	-290.00	-25.06	0.85	45.67	-230.00	-1160.00	10.00	-9.70	-37.93	33.90
-120.00	-1250.00	-10.00	42.01	-15.61	92.87	220.00	-890.00	-60.00	-3.35	0.37	11.04	-370.00	-1070.00	-280.00	-25.55	-0.61	49.88	-230.00	-1160.00	10.00	-9.82	-32.80	31.89
-130.00	-1230.00	-20.00	48.60	-24.39	111.28	240.00	-880.00	-90.00	-3.60	-0.30	10.91	-340.00	-1080.00	-290.00	-26.71	-1.89	55.61	-230.00	-1160.00	10.00	-9.82	-32.80	31.89
-130.00	-1290.00	50.00	48.60	-24.39	111.28	220.00	-890.00	-90.00	-3.48	1.04	10.79	-350.00	-1090.00	-280.00	-28.48	-2.56	61.83	-50.00	-1020.00	100.00	-9.82	-32.80	31.89
-130.00	-1290.00	50.00	48.60	-24.39	111.28	230.00	-870.00	-110.00	-3.41	1.89	10.79	-340.00	-1090.00	-280.00	-29.15	-4.57	67.74	-10.00	-1010.00	110.00	10.00	-13.60	32.87
-130.00	-1290.00	50.00	48.60	-24.39	111.28	240.00	-890.00	-80.00	-4.39	3.90	11.04	-370.00	-1080.00	-260.00	-28.66	-5.43	74.21	20.00	-1060.00	80.00	11.71	-15.98	31.59
-20.00	-1450.00	70.00	51.16	-33.11	133.90	200.00	-890.00	-80.00	-5.06	4.02	11.22	-340.00	-1110.00	-270.00	-29.15	-6.22	80.67	20.00	-1060.00	80.00	11.71	-15.98	31.59
-20.00	-1450.00	70.00	51.16	-33.11	133.90	160.00	-890.00	-90.00	-5.67	6.40	12.38	-360.00	-1110.00	-260.00	-29.51	-8.29	87.38	20.00	-1060.00	80.00	11.71	-15.98	31.59
-20.00	-1450.00	70.00	51.16	-33.11	133.90	220.00	-910.00	-90.00	-4.94	5.55	13.17	-360.00	-1110.00	-250.00	-30.06	-9.70	94.02	-50.00	-1020.00	80.00	2.56	-28.54	20.00
-20.00	-1450.00	70.00	46.22	-44.27	158.41	170.00	-890.00	-90.00	-4.21	6.89	13.90	-340.00	-1120.00	-250.00	-31.77	-11.34	101.52	-70.00	-1000.00	120.00	0.18	-31.34	18.05
50.00	-1390.00	80.00	46.22	-44.27	158.41	170.00	-890.00	-80.00	-4.02	7.44	14.63	-340.00	-1130.00	-270.00	-33.54	-15.98	108.78	-70.00	-1000.00	120.00	0.18	-31.34	18.05
50.00	-1390.00	80.00	46.22	-44.27	158.41	190.00	-900.00	-70.00	-3.23	5.43	14.63	-340.00	-1160.00	-250.00	-36.46	-21.71	114.94	10.00	-1030.00	180.00	-2.93	-19.57	20.67
50.00	-1390.00	80.00	44.27	-43.78	165.79	180.00	-910.00	-80.00	-4.39	8.05	15.30	-310.00	-1180.00	-250.00	-39.15	-23.90	122.50	30.00	-1040.00	220.00	-6.46	-9.82	23.41
50.00	-1370.00	60.00	43.54	-47.38	182.80	190.00	-890.00	-80.00	-5.49	6.40	15.24	-280.00	-1210.00	-220.00	-39.82	-26.46	128.60	30.00	-1040.00	220.00	-6.46	-9.82	23.41
50.00	-1370.00	60.00	43.54	-47.38	182.80	230.00	-890.00	-110.00	-7.07	5.12	15.00	-300.00	-1230.00	-200.00	-40.12	-25.49	134.57	30.00	-1040.00	220.00	-6.46	-9.82	23.41
50.00	-1370.00	60.00	44.76	-47.87	189.94	210.00	-860.00	-130.00	-7.93	4.76	14.82	-330.00	-1260.00	-180.00	-44.45	-22.87	141.77	40.00	-1030.00	230.00	-6.59	2.99	25.91
90.00	-1340.00	10.00	46.95	-44.82	195.12	200.00	-870.00	-110.00	-8.72	2.68	14.09	-350.00	-1260.00	-130.00	-49.09	-18.78	150.06	20.00	-1040.00	170.00	-5.91	0.55	23.84
120.00	-1360.00	10.00	49.88	-35.30	202.87	160.00	-850.00	-100.00	-9.27	-1.89	12.32	-400.00	-1280.00	-80.00	-50.30	-11.71	155.30	20.00	-1040.00	170.00	-5.91	0.55	23.84
120.00	-1360.00	10.00	52.62	-31.40	206.71	190.00	-900.00	-70.00	-9.57	-2.99	11.77	-390.00	-1270.00	-50.00	-48.66	-2.87	160.00	-60.00	-1070.00	30.00	-5.85	-11.52	19.76
10.00	-1340.00	30.00	55.98	-32.44	205.43	210.00	-940.00	-50.00	-9.02	-3.90	11.40	-490.00	-1280.00	-30.00	-46.95	6.22	163.05	-60.00	-1070.00	30.00	-5.85	-11.52	19.76
-240.00	-1500.00	50.00	56.28	-28.48	199.09	180.00	-900.00	-30.00	-8.17	-4.09	11.46	-620.00	-1180.00	0.00	-45.67	14.94	163.78	-50.00	-1070.00	40.00	-5.49	-11.71	18.66
-240.00	-1500.00	50.00	52.07	-33.17	184.33	180.00	-940.00	-20.00	-6.89	-5.18	10.91	-710.00	-1170.00	-50.00	-38.41	23.17	161.34	-50.00	-1070.00	40.00	-5.49	-11.71	18.66
-190.00	-1510.00	0.00	49.33	-46.52	166.52	190.00	-950.00	-10.00	-5.73	-2.99	11.22	-760.00	-1170.00	0.00	-33.11	27.01	155.12	-40.00	-1070.00	70.00	3.11	14.21	26.83
-190.00	-1510.00	-80.00	49.27	-48.35	143.90	110.00	-930.00	-40.00	-4.02	-5.00	10.91	-720.00	-1110.00	30.00	-24.94	30.98	139.45	10.00	-1090.00	90.00	3.11	14.21	26.83
-190.00	-1490.00	-120.00	48.05	-59.21	97.01	190.00	-950.00	-40.00	-2.68	-7.68	10.24	-630.00	-1070.00	80.00	-5.85	46.22	120.06	10.00	-1090.00	90.00	0.49	11.83	26.10
-120.00	-1440.00	-160.00	41.16	-84.70	32.20	150.00	-890.00	-60.00	-2.01	-7.26	10.00	-600.00	-1030.00	80.00	7.01	76.46	97.99	-10.00	-1050.00	130.00	0.00	9.70	24.82
-190.00	-1310.00	-140.00	35.06	-104.15	-20.30	190.00	-920.00	-90.00	-1.10	-5.37	10.00	-710.00	-830.00	150.00	14.51	136.22	68.23	-70.00	-1040.00	80.00	0.00	9.70	24.82
-300.00	-1170.00	-170.00	39.63	-95.49	-43.17	150.00	-880.00	-130.00	-0.24	-3.48	10.12	-800.00	-630.00	240.00	37.80	174.33	29.39	-80.00	-1040.00	70.00	0.73	12.20	26.65
-360.00	-1070.00	-120.00	33.66	-79.88	-60.49	150.00	-890.00	-140.00	0.67	-1.95	10.30	-730.00	-580.00	290.00	45.12	155.06	-7.13	-80.00	-1040.00	70.00	0.73	12.20	26.65
-350.00	-870.00	-30.00	22.87	-70.18	-85.18	190.00	-900.00	-130.00	1.65	-1.77	10.43	-460.00	-350.00	230.00	47.26	118.78	-37.13	-50.00	-1040.00	120.00	3.54	9.63	26.77
-550.00	-660.00	-270.00	14.94	-66.59	-102.50	140.00	-880.00	-130.00	2.87	-2.56	10.30	100.00	-410.00	220.00	52.26	79.94	-65.18	-50.00	-1040.00	120.00	3.54	9.63	26.77
-230.00	-360.00	-410.00	1.59	-53.90	-119.02	130.00	-900.00	-110.00	3.72	-2.93	9.94	430.00	-690.00	20.00	61.52	43.17	-87.32	-70.00	-1010.00	140.00	-8.96	6.40	25.30
390.00	-710.00	-320.00	-18.78	-37.87	-138.48	140.00	-900.00	-120.00	4.27	-1.95	9.88	450.00	-700.00	100.00	65.91	13.35	-111.71	-90.00	-1020.00	160.00	-12.38	4.39	27.50
540.00	-620.00	-160.00	-37.38	-20.49	-156.28	140.00	-900.00	-110.00	5.12	-2.74	9.82	540.00	-600.00	0.00	71.65	-5.49	-136.89	-90.00	-960.00	240.00	-12.38	4.39	27.50
370.00	-360.00	-80.00	-50.12	0.79	-174.76	150.00	-900.00	-110.00	5.79	-3.11	9.70	330.00	-550.00	-40.00	78.96	-21.10	-160.06	-90.00	-960.00	240.00	-12.13	3.66	28.41
490.00	-370.00	-80.00	-62.56	20.67	-192.38	150.00	-890.00	-110.00	5.85	-2.01	9.94	240.00	-590.00	-0.00	84.82	-37.80	-177.93	-110.00	-1030.00	110.00	-12.13	3.66	28.41
370.00	-420.00	30.00	-73.84	35.91	-207.80	150.00	-900.00	-100.00	6.04	-0.24	10.24	260.00	-570.00	60.00	90.67	-47.87	-189.51	-120.00	-1040.00	90.00	-10.73	5.79	31.83
270.00	-350.00	20.00	-83.90	46.04	-221.65	140.00	-900.00	-90.00	5.73	0.73	10.79	310.00	-630.00	110.00	98.05	-50.85	-196.77	-120.00	-1040.00	90.00	-10.73	5.79	31.83
250.00	-290.00	-10.00	-92.01	50.30	-233.66	140.00	-900.00	-90.00	6.10	-0.61	10.79	310.00	-690.00	140.00	106.04	-45.79	-203.66	-110.00	-1060.00	80.00	-9.15	10.00	34.63
290.00	-390.00	0.00	-98.48	49.27	-243.35	140.00	-900.00	-90.00	6.59	1.10	11.10	230.00	-740.00	150.00	113.96	-36.77	-209.94	-90.00	-1090.00	80.00	-7.93	13.72	39.02
300.00	-410.00	-10.00	-104.51	45.55	-249.70	120.00	-880.00	-100.00	6.77	3.05	11.77	130.00	-780.00	150.00	121.10	-25.49	-216.46	-90.00	-1090.00	80.00	-9.82	20.12	42.20
270.00	-450.00	-50.00	-109.70	39.15	-253.54	120.00	-890.00	-100.00	6.95	1.71	12.13	-10.00	-840.00	150.00	126.71	-12.07	-221.52	-90.00	-1090.00	80.00	-9.82	20.12	42.20
250.00	-530.00	-80.00	-112.68	28.29	-256.46	130.00	-890.00	-90.00	6.95	2.20	12.93	-70.00	-900.00	110.00	130.85	0.24	-226.95	-100.00	-1080.00	70.00	-5.49	24.02	53.11
200.00	-590.00	-110.00	-113.11	12.44	-257.99	130.00	-900.00	-100.00	6.95	3.11	14.45	-150.00	-960.00	60.00	133.96	10.00	-230.79	-140.00	-1100.00	40.00	-5.49	24.02	53.11
150.00	-690.00	-130.00	-111.59	-3.72	-257.50	90.00	-870.00	-110.00	7.07	3.41	15.98	-170.00	-1030.00	-0.00	135.73	16.46	-233.60	-140.00	-1100.00	40.00	-16.10	30.24	62.07
100.00	-790.00	-140.00	-112.07	-13.66	-255.18	120.00	-890.00	-100.00	6.04	2.26	17.07	-190.00	-1110.00	-60.00	137.26	17.62	-236.16	-160.00	-1070.00	80.00	-16.10	30.24	62.07
40.00	-900.00	-160.00	-115.49	-16.52	-252.38	120.00	-900.00	-90.00	5.06	1.40	18.17	-220.00	-1160.00	-120.00	139.76	15.55	-238.60	-160.00	-1070.00	80.00	-16.10	30.24	62.07
-20.00	-1020.00	-160.00	-118.66	-17.38	-250.79	90.00	-900.00	-100.00	4.27	1.40	19.70	-220.00	-1240.00	-180.00	142.20	10.37	-238.96	-160.00	-1070.00	80.00	-15.73	32.13	66.65
-100.00	-1140.00	-140.00	-120.98	-18.66	-249.45	130.00	-920.00	-80.00	3.78	0.91	21.40	-250.00	-1310.00	-240.00	142.38	3.05	-237.07	-180.00	-1080.00	110.00	-16.89	32.68	69.63
-150.00	-1260.00	-110.00	-123.29	-21.10	-247.26	140.00	-920.00	-70.00	3.96	0.06	23.35	-290.00	-1350.00	-270.00	140.67	-3.66	-233.90	-190.00	-1100.00	40.00	-24.88	37.62	79.82
-170.00	-1360.00	-60.00	-125.91	-23.05	-243.90	150.00	-920.00	-70.00	4.15	-0.24	25.79	-300.00	-1410.00	-270.00	138.41	-9.09	-230.55	-190.00	-1100.00	40.00	-24.88	37.62	79.82
-140.00	-1420.00	-10.00	-128.90	-22.80	-240.24	140.00	-930.00	-50.00	4.70	-0.18	28.54	-330.00	-1500.00	-270.00	135.37	-13.17	-227.20	-230.00	-1100.00	-10.00	-24.02	43.60	88.29
-130.00	-1450.00	30.00	-130.91	-22.99	-237.50	130.00	-940.00	-40.00	5.67	-1.34	31.52	-370.00	-1570.00	-250.00	132.38	-15.73	-223.78	-200.00	-1110.00	70.00	-34.76	45.67	102.26
-120.00	-1510.00	40.00	-131.95	-21.95	-235.00	140.00	-940.00	-30.00	5.43	-2.07	35.00	-410.00	-1600.00	-240.00	128.90	-17.50	-219.70	-180.00	-1190.00	50.00	-34.76	45.67	102.26
-110.00	-1590.00	10.00	-131.65	-18.60	-231.34	140.00	-940.00	-30.00	6.40	-2.20	38.11	-440.00	-1620.00	-250.00	122.01	-19.33	-215.43	-180.00	-1190.00	50.00	-34.76	45.67	102.26
-90.00	-1650.00	-10.00	-130.30	-11.46	-227.56	140.00	-930.00	-50.00	6.83	-2.56	41.10	-460.00	-1630.00	-280.00	112.38	-22.20	-211.46	-200.00	-1270.00	-120.00	-48.90	40.85	121.04
-100.00	-1710.00	-20.00	-130.30	2.20	-224.39	140.00	-930.00	-80.00	6.95	-3.90	44.27	-490.00	-1630.00	-340.00	101.10	-24.82	-206.59	-140.00	-1350.00	-60.00	-55.06	39.82	137.74
-120.00	-1750.00	0.00	-121.83	4.09	-221.77	150.00	-930.00	-100.00	6.10	-4.27	47.26	-560.00	-1630.00	-390.00	90.67	-29.57	-200.55	-140.00	-1350.00	-60.00	-55.06	39.82	137.74
-160.00	-1800.00	30.00	-112.56	4.63	-218.60	150.00	-920.00	-100.00	5.06	-3.05	50.43	-630.00	-1580.00	-460.00	80.98	-36.59	-192.32	-40.00	-1400.00	-70.00	-64.88	31.46	174.70
-190.00	-1860.00	50.00	-107.50	16.10	-206.52	160.00	-950.00	-50.00	5.98	-1.83	52.99	-660.00	-1510.00	-520.00	71.16	-43.72	-180.55	100.00	-1640.00	-100.00	-63.48	27.07	221.95
-210.00	-1910.00	70.00	-104.82	24.45	-182.80	130.00	-960.00	-20.00	8.05	-2.26	55.18	-670.00	-1420.00	-520.00	62.20	-51.59	-165.91	100.00	-1640.00	-100.00	-50.91	12.87	268.60
-300.00	-1920.00	70.00	-95.06	4.70	-147.01	110.00	-980.00	0.00	11.46	-3.90	57.32	-690.00	-1360.00	-520.00	54.39	-60.73	-149.02	100.00	-1640.00	-100.00	-50.91	12.87	268.60
-390.00	-1910.00	150.00	-72.50	-41.34	-102.50	110.00	-990.00	-0.00	14.09	-5.61	59.76	-710.00	-1320.00	-500.00	49.39	-61.65	-127.68	210.00	-1780.00	-60.00	-59.88	5.91	264.39
-440.00	-1920.00	290.00	-52.93	-69.27	-53.72	80.00	-990.00	-0.00	15.91	-6.59	62.26	-780.00	-1270.00	-470.00	47.56	-42.74	-97.74	90.00	-1710.00	10.00	-67.32	11.65	251.28
-530.00	-1860.00	380.00	-34.02	-64.09	-1.46	70.00	-990.00	-60.00	17.26	-5.85	64.88	-900.00	-1180.00	-370.00	43.96	-16.34	-61.34	-430.00	-1610.00	260.00	-67.32	11.65	251.28
-600.00	-1740.00	320.00	-12.07	-43.41	44.70	70.00	-970.00	-110.00	17.93	-3.48	68.60	-1150.00	-1080.00	-260.00	36.04	-4.02	-25.55	-120.00	-1430.00	300.00	-64.15	17.74	251.65
-920.00	-1630.00	250.00	12.01	-29.94	77.56	60.00	-970.00	-130.00	19.76	-3.29	71.59	-1390.00	-960.00	-310.00	21.34	-7.87	6.95	-80.00	-1320.00	420.00	-59.27	37.20	234.76
-1430.00	-1540.00	400.00	24.39	-25.98	110.37	50.00	-960.00	-140.00	21.46	-5.85	74.88	-1450.00	-870.00	-480.00	-2.07	-17.87	35.61	-80.00	-1320.00	420.00	-59.27	37.20	234.76
-1870.00	-1370.00	680.00	48.72	-5.91	140.49	70.00	-1010.00	-130.00	23.48	-5.85	81.04	-1350.00	-910.00	-540.00	-15.06	-28.35	63.96	-210.00	-910.00	470.00	-59.27	37.20	234.76
-1820.00	-1250.00	790.00	72.20	40.61	115.98	30.00	-1020.00	-100.00	22.26	-8.78	86.65	-1160.00	-1100.00	-520.00	-42.87	-41.71	90.43	-260.00	-730.00	280.00	-64.94	50.85	188.66
-1390.00	-1400.00	820.00	24.82	93.23	145.73	20.00	-1040.00	-80.00	23.60	-10.18	93.41	-1020.00	-1170.00	-420.00	-70.67	-16.16	95.37	-260.00	-730.00	280.00	-41.71	56.77	117.20
-1020.00	-1470.00	770.00	8.05	89.82	229.51	40.00	-1040.00	-60.00	25.12	-13.29	100.91	-890.00	-1200.00	-320.00	-51.52	-1.46	81.22	-160.00	-690.00	140.00	-41.71	56.77	117.20
-890.00	-1430.00	650.00	32.32	38.29	236.28	50.00	-1100.00	-90.00	24.39	-18.29	108.84	-560.00	-1840.00	-350.00	-28.90	-31.52	70.30	-160.00	-690.00	140.00	12.07	71.10	-14.45
-780.00	-1260.00	570.00	28.66	16.22	189.39	100.00	-1100.00	-60.00	28.60	-19.21	117.56	-190.00	-800.00	-30.00	-10.06	-53.17	83.11	40.00	-530.00	240.00	12.07	71.10	-14.45
360.00	-1810.00	520.00	19.33	20.12	163.17	60.00	-1100.00	-30.00	26.16	-23.48	126.59	1140.00	-1020.00	20.00	-4.09	-34.88	109.27	40.00	-530.00	240.00	-27.32	101.22	-87.32
1510.00	-960.00	800.00	17.50	37.01	141.46	100.00	-1200.00	-30.00	26.95	-26.04	136.04	1200.00	-1340.00	-70.00	-15.06	-19.39	124.51	-60.00	-410.00	280.00	-27.32	101.22	-87.32
2000.00	-1210.00	-70.00	47.99	7.68	127.87	120.00	-1150.00	0.00	27.38	-27.93	146.65	520.00	-1280.00	-70.00	-18.96	-13.90	125.55	410.00	-300.00	280.00	-21.52	70.67	-115.18
1250.00	-1970.00	-340.00	53.96	4.45	114.33	160.00	-1320.00	-0.00	26.04	-32.74	157.50	-60.00	-1240.00	-230.00	-15.37	-13.84	119.63	410.00	-300.00	280.00	-8.35	64.02	-121.83
-790.00	-1220.00	540.00	23.48	52.38	96.52	140.00	-1160.00	40.00	24.33	-36.22	170.24	-310.00	-1160.00	-420.00	-8.41	-20.73	112.50	200.00	-570.00	10.00	-8.35	64.02	-121.83
-1110.00	-1640.00	560.00	36.28	42.62	83.23	180.00	-1270.00	60.00	15.85	-43.78	195.55	-240.00	-1200.00	-290.00	-3.60	-32.44	98.17	200.00	-570.00	10.00	20.55	58.96	-158.23
-310.00	-1580.00	-220.00	39.33	-5.00	67.50	190.00	-1210.00	40.00	12.01	-47.32	204.76	-130.00	-1210.00	-200.00	-0.12	-41.83	83.23	100.00	-610.00	0.00	20.55	58.96	-158.23
-70.00	-1360.00	-380.00	25.43	-19.82	49.70	230.00	-1190.00	40.00	10.98	-54.70	210.98	-90.00	-1170.00	-160.00	-7.74	-35.12	77.13	100.00	-610.00	0.00	30.49	47.20	-187.62
-420.00	-1450.00	270.00	5.37	2.13	46.83	220.00	-1200.00	50.00	11.28	-63.29	217.80	-150.00	-1170.00	-60.00	-16.22	-20.98	77.44	-70.00	-590.00	40.00	30.49	47.20	-187.62
20.00	-1240.00	540.00	2.07	6.65	45.61	230.00	-1180.00	20.00	6.65	-70.73	219.51	-320.00	-1200.00	-10.00	-18.05	-25.24	72.07	-70.00	-590.00	40.00	43.84	14.51	-229.33
100.00	-910.00	300.00	13.96	4.82	34.63	250.00	-1140.00	10.00	8.41	-76.65	219.94	-480.00	-1240.00	-10.00	-20.79	-28.96	63.84	-50.00	-600.00	40.00	65.73	-26.95	-260.30
-350.00	-1060.00	-520.00	24.21	25.00	32.38	260.00	-1170.00	-40.00	15.12	-76.65	224.09	-300.00	-1150.00	-80.00	-19.94	-25.00	58.11	-0.00	-710.00	40.00	65.73	-26.95	-260.30
-610.00	-1150.00	-750.00	21.10	39.21	43.66	260.00	-1190.00	-50.00	25.24	-84.88	218.96	-160.00	-990.00	-30.00	-12.68	-16.95	53.78	-50.00	-870.00	70.00	81.59	-25.55	-275.12
-130.00	-810.00	-410.00	12.80	35.49	43.48	210.00	-1190.00	-60.00	29.02	-95.61	209.76	-140.00	-970.00	40.00	-9.45	-7.20	47.62	-50.00	-870.00	70.00	87.74	-20.37	-276.22
220.00	-840.00	-160.00	2.50	20.00	35.00	150.00	-1230.00	-40.00	31.04	-100.91	192.87	-220.00	-940.00	110.00	-6.77	2.50	42.20	-210.00	-1190.00	0.00	87.74	-20.37	-276.22
100.00	-1190.00	-170.00	1.16	4.02	29.21	-70.00	-1350.00	-50.00	35.00	-90.00	168.05	-240.00	-940.00	90.00	-1.95	7.26	38.23	-370.00	-1290.00	-80.00	90.49	-22.62	-275.49
-90.00	-1180.00	70.00	3.17	-4.21	27.20	-110.00	-1360.00	-140.00	38.60	-80.91	145.79	-230.00	-1020.00	60.00	-0.06	11.04	35.67	-370.00	-1290.00	-80.00	91.46	-31.10	-268.17
-70.00	-1080.00	110.00	2.50	-8.17	23.66	-110.00	-1240.00	-140.00	38.05	-74.45	121.22	-200.00	-1040.00	-0.00	1.89	11.10	34.09	-420.00	-1330.00	-80.00	91.46	-31.10	-268.17
40.00	-1070.00	210.00	1.34	-11.34	20.06	-210.00	-1250.00	-260.00	38.72	-62.93	79.63	-150.00	-1030.00	0.00	2.38	7.80	33.41	-420.00	-1330.00	-80.00	91.46	-31.10	-268.17
-20.00	-950.00	150.00	1.77	-10.61	19.57	-60.00	-1200.00	-260.00	24.76	-62.38	19.39	-130.00	-1040.00	0.00	0.06	2.32	35.43	-420.00	-1500.00	-40.00	93.78	-35.49	-261.52
-100.00	-1100.00	-0.00	3.48	-5.55	21.34	-30.00	-1220.00	-290.00	33.05	-52.44	-39.27	-80.00	-1010.00	10.00	-2.56	-6.59	40.00	-420.00	-1500.00	-40.00	95.37	-36.16	-252.44
-100.00	-1150.00	-110.00	4.88	-1.28	23.54	-100.00	-1170.00	-260.00	41.95	-52.01	-79.82	-100.00	-1020.00	-10.00	-6.22	-20.67	44.76	-430.00	-1570.00	-0.00	95.37	-36.16	-252.44
-10.00	-990.00	-170.00	4.45	0.24	23.29	-170.00	-1110.00	-250.00	34.02	-45.12	-97.62	-120.00	-1020.00	0.00	-10.18	-31.46	46.22	-410.00	-1670.00	20.00	92.93	-30.43	-249.94
-70.00	-990.00	-150.00	3.78	-0.06	21.95	-280.00	-1020.00	-190.00	37.44	-36.34	-114.15	-80.00	-1050.00	-10.00	-11.04	-30.43	45.37	-410.00	-1670.00	20.00	90.49	-20.30	-245.79
-10.00	-1000.00	-110.00	3.41	-0.98	21.40	-360.00	-830.00	-190.00	32.68	-38.72	-126.22	-50.00	-1080.00	20.00	-11.34	-22.38	42.74	-410.00	-1670.00	20.00	78.78	-9.15	-179.70
50.00	-1030.00	-50.00	3.05	-3.05	20.55	-250.00	-660.00	-220.00	24.09	-33.05	-138.11	-90.00	-1090.00	60.00	-9.21	-9.94	39.21	-390.00	-1750.00	-40.00	78.78	-9.15	-179.70
40.00	-1080.00	-20.00	2.44	-6.71	18.90	200.00	-500.00	-240.00	17.62	-20.00	-150.37	-170.00	-1080.00	120.00	-8.48	0.06	33.90	-490.00	-1720.00	-230.00	78.78	-9.15	-179.70
40.00	-1070.00	0.00	2.80	-9.27	18.05	520.00	-360.00	-320.00	9.27	-2.87	-167.74	-220.00	-1060.00	190.00	-8.35	2.32	31.28	-890.00	-1410.00	-320.00	46.95	-56.40	-70.55
10.00	-1050.00	-10.00	4.39	-9.02	18.54	280.00	-680.00	-190.00	-2.07	15.12	-187.01	-250.00	-1080.00	150.00	-9.21	-1.34	34.33	-890.00	-1410.00	-320.00	36.95	-62.32	-35.85
-10.00	-1040.00	-40.00	5.67	-6.95	19.51	320.00	-260.00	-20.00	-16.83	31.40	-204.63	-240.00	-1050.00	80.00	-10.06	-9.33	39.57	-890.00	-1410.00	-320.00	36.95	-62.32	-35.85
-40.00	-1000.00	-50.00	6.46	-5.12	20.79	550.00	-310.00	-90.00	-30.30	43.90	-220.06	-190.00	-1050.00	0.00	-10.06	-17.38	42.13	-1110.00	-880.00	-390.00	23.29	-66.40	-2.50
-60.00	-980.00	-70.00	7.50	-3.54	21.52	350.00	-380.00	30.00	-41.28	51.40	-232.20	-180.00	-1070.00	-40.00	-9.63	-18.17	42.20	-1110.00	-880.00	-390.00	5.49	-67.93	26.95
-40.00	-1000.00	-70.00	7.99	0.73	21.28	220.00	-390.00	-50.00	-50.67	53.78	-243.41	-140.00	-1060.00	-80.00	-8.29	-14.76	38.90	-880.00	-830.00	-290.00	-24.09	-47.87	117.56
-0.00	-1030.00	-80.00	9.21	3.54	21.34	170.00	-450.00	-40.00	-58.60	53.17	-253.66	-170.00	-1030.00	-50.00	-7.62	-9.70	32.87	-670.00	-910.00	-210.00	-24.09	-47.87	117.56
0.00	-1040.00	-50.00	9.63	3.60	20.55	90.00	-440.00	-30.00	-64.45	50.43	-260.49	-230.00	-1030.00	-10.00	-6.77	-2.38	27.38	-300.00	-1420.00	-110.00	-24.09	-47.87	117.56
10.00	-1040.00	-50.00	10.30	1.83	17.74	60.00	-510.00	-50.00	-68.84	44.39	-265.67	-230.00	-1030.00	20.00	-5.12	3.48	23.54	360.00	-970.00	-80.00	-1.22	-47.01	121.65
10.00	-1050.00	-60.00	10.85	-0.43	16.52	110.00	-540.00	-70.00	-72.26	35.24	-269.63	-290.00	-1080.00	40.00	-4.45	6.59	22.38	360.00	-970.00	-80.00	-19.15	-45.12	145.98
0.00	-1040.00	-90.00	10.91	-0.67	17.99	170.00	-560.00	-90.00	-75.18	25.00	-271.59	-270.00	-1040.00	40.00	-4.45	7.38	23.96	360.00	-970.00	-80.00	-19.15	-45.12	145.98
20.00	-1030.00	-70.00	10.98	-1.16	20.79	190.00	-600.00	-110.00	-78.29	16.83	-270.49	-270.00	-1030.00	40.00	-5.00	6.89	26.59	140.00	-1390.00	-290.00	-17.99	-38.72	168.23
-40.00	-1020.00	-110.00	10.30	-0.85	23.11	200.00	-640.00	-130.00	-80.61	12.26	-267.56	-220.00	-1040.00	-10.00	-5.73	7.07	27.99	140.00	-1390.00	-290.00	0.67	-25.85	159.82
-60.00	-1000.00	-70.00	9.57	0.98	25.24	180.00	-710.00	-150.00	-81.52	10.79	-264.57	-220.00	-1040.00	-20.00	-6.04	8.05	27.68	140.00	-1390.00	-290.00	-1.59	-9.45	131.34
-90.00	-1020.00	-60.00	9.15	2.68	27.07	170.00	-800.00	-160.00	-83.96	12.07	-261.22	-250.00	-1030.00	0.00	-5.55	10.12	27.01	-90.00	-1310.00	-220.00	-1.59	-9.45	131.34
-60.00	-1050.00	-60.00	8.35	0.73	27.93	160.00	-900.00	-170.00	-88.23	15.67	-256.40	-260.00	-1040.00	30.00	-4.94	15.43	26.71	70.00	-1300.00	-140.00	4.45	-14.57	120.98
-10.00	-1080.00	-40.00	8.35	0.73	27.93	160.00	-1020.00	-160.00	-91.34	19.33	-250.24	-280.00	-1020.00	30.00	-4.57	19.15	27.07	70.00	-1300.00	-140.00	6.77	-33.11	112.44
-10.00	-1110.00	-50.00	8.72	-1.71	27.99	130.00	-1110.00	-130.00	-90.67	20.73	-244.09	-310.00	-1000.00	40.00	-5.55	11.46	26.22	70.00	-1300.00	-140.00	6.77	-33.11	112.44
20.00	-1110.00	-0.00	10.18	-6.22	26.52	70.00	-1210.00	-110.00	-89.45	19.94	-239.39	-310.00	-990.00	-10.00	-8.23	5.00	28.41	-90.00	-1220.00	80.00	6.77	-33.11	112.44
-0.00	-1090.00	-10.00	10.18	-6.22	26.52	-10.00	-1280.00	-80.00	-87.32	17.50	-237.26	-140.00	-1050.00	30.00	-9.63	3.11	33.48	-200.00	-1170.00	190.00	15.43	-67.20	82.68
-20.00	-1080.00	0.00	12.93	-8.96	19.21	-30.00	-1340.00	-40.00	-86.83	15.43	-236.16	-230.00	-1070.00	140.00	-11.59	4.76	33.72	-200.00	-1170.00	190.00	8.35	-70.43	66.40
-50.00	-1060.00	-10.00	12.93	-8.96	19.21	-20.00	-1420.00	-30.00	-87.87	14.21	-235.67	-250.00	-1000.00	50.00	-12.62	6.10	33.90	-150.00	-1050.00	120.00	8.35	-70.43	66.40
-80.00	-1040.00	-50.00	12.93	-8.96	19.21	10.00	-1470.00	-60.00	-92.07	16.71	-235.55	-310.00	-1010.00	30.00	-12.50	6.71	34.51	0.00	-1000.00	30.00	0.37	-51.34	46.71
-80.00	-1040.00	-50.00	16.52	-4.63	14.76	20.00	-1500.00	-80.00	-93.17	22.07	-236.34	-290.00	-1000.00	10.00	-13.54	6.83	35.85	0.00	-1000.00	30.00	0.37	-51.34	46.71
-90.00	-1040.00	-50.00	16.52	-4.63	14.76	10.00	-1550.00	-90.00	-86.10	20.85	-237.20	-290.00	-1020.00	0.00	-14.21	5.79	38.05	0.00	-1000.00	30.00	5.06	-45.43	45.00
-110.00	-1040.00	-40.00	16.52	-4.63	14.76	0.00	-1610.00	-90.00	-86.83	27.32	-231.34	-280.00	-1030.00	10.00	-15.24	5.24	40.06	20.00	-990.00	220.00	5.06	-45.43	45.00
-120.00	-1020.00	-40.00	18.11	-5.37	17.44	-30.00	-1680.00	-60.00	-84.76	33.60	-211.83	-290.00	-1030.00	-10.00	-15.49	5.37	41.52	40.00	-1000.00	200.00	-6.34	-19.39	39.51
-140.00	-1010.00	-20.00	18.41	-1.89	27.32	-70.00	-1750.00	-70.00	-77.74	29.57	-182.26	-300.00	-1030.00	-10.00	-16.40	6.10	42.87	40.00	-1000.00	200.00	-6.34	-19.39	39.51
-140.00	-1000.00	-10.00	18.41	-1.89	27.32	-130.00	-1830.00	-40.00	-67.56	3.66	-148.35	-310.00	-1020.00	-30.00	-17.01	6.77	43.96	100.00	-1070.00	30.00	13.48	-12.50	36.71
-140.00	-1000.00	-10.00	18.84	-2.26	29.76	-260.00	-1860.00	-80.00	-68.54	-32.87	-111.40	-320.00	-1020.00	-40.00	-16.77	5.30	43.72	100.00	-1070.00	30.00	14.45	-22.87	23.78
-140.00	-1010.00	-30.00	18.54	-8.48	40.06	-420.00	-1820.00	-20.00	-69.51	-63.05	-68.54	-310.00	-1040.00	-40.00	-16.28	4.57	43.29	-210.00	-1000.00	-40.00	14.45	-22.87	23.78
-90.00	-1080.00	-50.00	18.54	-8.48	40.06	-400.00	-1830.00	140.00	-44.82	-73.05	-20.18	-310.00	-1050.00	-40.00	-16.16	7.13	44.51	-210.00	-1000.00	-40.00	1.40	-31.28	8.84
-90.00	-1080.00	-50.00	18.54	-8.48	40.06	-520.00	-1730.00	210.00	-9.21	-64.76	26.34	-340.00	-1070.00	-30.00	-16.10	10.85	45.91	-50.00	-980.00	70.00	6.71	-12.32	17.74
-0.00	-1110.00	-30.00	21.16	-9.39	43.41	-640.00	-1560.00	160.00	12.20	-52.87	62.99	-360.00	-1040.00	-50.00	-16.16	14.76	47.99	50.00	-1070.00	60.00	6.71	-12.32	17.74
-90.00	-1080.00	60.00	25.55	-9.70	50.43	-780.00	-1370.00	10.00	21.10	-44.94	87.74	-380.00	-1050.00	-50.00	-14.70	18.72	50.24	50.00	-1070.00	60.00	3.60	-10.30	16.04
-90.00	-1080.00	60.00	25.55	-9.70	50.43	-910.00	-1350.00	120.00	48.29	-45.49	125.24	-390.00	-1040.00	-70.00	-10.61	15.91	52.87	20.00	-1020.00	110.00	3.60	-10.30	16.04
-80.00	-1060.00	80.00	25.55	-9.70	50.43	-1260.00	-1350.00	340.00	50.79	-17.68	129.39	-400.00	-1020.00	-100.00	-9.57	8.11	53.84	20.00	-1020.00	110.00	3.23	-11.28	14.09
-120.00	-1080.00	40.00	31.46	-9.02	58.23	-1530.00	-1150.00	420.00	27.93	2.44	136.71	-310.00	-1040.00	-80.00	-12.07	7.80	55.73	-10.00	-1060.00	50.00	4.09	-7.26	13.72
-110.00	-1170.00	-70.00	31.46	-9.02	58.23	-1580.00	-930.00	460.00	30.79	19.57	216.16	-340.00	-1080.00	-50.00	-15.12	8.54	59.45	-10.00	-1060.00	50.00	4.09	-7.26	13.72
-110.00	-1170.00	-70.00	31.46	-9.02	58.23	-1390.00	-910.00	450.00	32.62	34.45	242.01	-380.00	-1070.00	-40.00	-17.13	9.15	62.99	10.00	-1060.00	40.00	4.63	-3.11	15.06
-110.00	-1170.00	-70.00	31.46	-9.02	58.23	-1140.00	-930.00	430.00	5.24	22.74	181.04	-420.00	-1080.00	-20.00	-17.93	10.91	64.94	20.00	-1060.00	90.00	4.63	-3.11	15.06
-140.00	-1190.00	0.00	36.65	-5.12	67.38	-900.00	-950.00	390.00	-9.02	25.12	166.52	-410.00	-1060.00	-70.00	-18.78	12.26	66.52	20.00	-1060.00	90.00	0.61	5.00	13.35
-140.00	-1190.00	0.00	36.65	-5.12	67.38	-650.00	-1130.00	250.00	-10.24	64.33	139.15	-430.00	-1070.00	-90.00	-19.82	12.87	69.02	20.00	-1040.00	110.00	0.61	5.00	13.35
-140.00	-1190.00	0.00	36.65	-5.12	67.38	600.00	-680.00	1120.00	-13.66	67.80	112.13	-400.00	-1060.00	-140.00	-21.10	10.30	71.28	-10.00	-1010.00	100.00	0.61	5.00	13.35
-140.00	-1190.00	0.00	37.32	-7.56	75.06	2000.00	-1430.00	150.00	-23.54	59.51	105.98	-400.00	-1050.00	-130.00	-21.77	7.26	73.96	-20.00	-1010.00	110.00	-1.71	6.83	10.98
-110.00	-1250.00	80.00	39.76	-11.83	79.82	2000.00	-1090.00	20.00	-46.83	65.06	100.61	-410.00	-1070.00	-100.00	-23.41	6.46	77.50	-20.00	-1010.00	110.00	-2.93	6.46	8.29
-110.00	-1250.00	80.00	47.13	-27.87	99.09	-790.00	-1670.00	180.00	-44.21	48.96	90.73	-450.00	-1110.00	-70.00	-24.15	9.70	80.73	-50.00	-1000.00	80.00	-2.93	6.46	8.29
-110.00	-1250.00	80.00	47.13	-27.87	99.09	-720.00	-1920.00	530.00	-11.46	25.91	72.32	-460.00	-1150.00	-50.00	-26.52	20.98	87.93	-60.00	-1020.00	60.00	-2.93	6.46	8.29
-140.00	-1260.00	50.00	47.13	-27.87	99.09	-370.00	-1690.00	-160.00	15.12	5.98	58.29	-500.00	-1150.00	-80.00	-26.52	20.98	87.93	-60.00	-1020.00	60.00	-4.45	5.30	5.49
-140.00	-1260.00	50.00	52.07	-34.94	119.39	-600.00	-1570.00	-570.00	20.91	1.40	54.09	-490.00	-1180.00	-140.00	-29.21	23.29	92.38	-60.00	-1020.00	60.00	-6.16	3.66	2.68
-140.00	-1260.00	50.00	52.07	-34.94	119.39	-60.00	-1270.00	300.00	19.33	7.56	51.83	-450.00	-1220.00	-240.00	-35.37	19.45	107.99	-60.00	-1020.00	60.00	-6.16	3.66	2.68
-90.00	-1380.00	80.00	52.07	-34.94	119.39	300.00	-1360.00	420.00	16.77	16.95	45.79	-390.00	-1320.00	-230.00	-35.37	19.45	107.99	-60.00	-1020.00	60.00	-7.13	4.02	0.12
-60.00	-1450.00	40.00	55.12	-35.79	139.45	240.00	-1080.00	150.00	5.98	25.24	36.52	-360.00	-1410.00	-200.00	-38.90	18.90	117.87	-60.00	-1020.00	60.00	-6.28	3.90	1.16
0.00	-1420.00	30.00	55.12	-35.79	139.45	130.00	-720.00	-370.00	-2.80	32.01	28.78	-320.00	-1490.00	-270.00	-41.40	20.37	129.39	-60.00	-1020.00	60.00	-5.55	3.96	1.59
0.00	-1420.00	30.00	55.12	-35.79	139.45	130.00	-630.00	-730.00	-6.10	30.61	25.98	-250.00	-1630.00	-270.00	-42.38	19.39	141.95	-20.00	-1040.00	50.00	-4.94	4.94	6.71
0.00	-1420.00	30.00	55.12	-35.79	139.45	170.00	-650.00	-690.00	-9.82	18.05	26.65	-200.00	-1750.00	-260.00	-42.01	19.45	156.65	0.00	-1060.00	80.00	-4.94	4.94	6.71
10.00	-1370.00	60.00	54.45	-19.70	155.67	250.00	-740.00	-340.00	-5.73	4.02	29.09	-90.00	-1890.00	-220.00	-37.68	9.76	184.09	-30.00	-1060.00	40.00	-4.88	4.76	7.50
10.00	-1370.00	60.00	54.45	-19.70	155.67	160.00	-920.00	-240.00	-4.63	-2.13	29.51	-30.00	-1920.00	-170.00	-37.68	9.76	184.09	-30.00	-1050.00	60.00	-11.10	8.78	11.71
10.00	-1370.00	60.00	54.45	-19.70	155.67	90.00	-1010.00	-30.00	-3.60	-7.74	26.95	-130.00	-1720.00	-240.00	-31.16	-2.44	196.65	-30.00	-1050.00	60.00	-11.10	8.78	11.71
10.00	-1370.00	60.00	48.90	-2.99	161.95	-150.00	-1000.00	150.00	2.07	-14.02	24.27	-130.00	-1720.00	-240.00	-52.32	-16.28	212.20	-30.00	-1040.00	70.00	-11.10	8.78	11.71
-10.00	-1390.00	60.00	47.44	-14.94	156.59	10.00	-990.00	120.00	6.40	-16.22	22.99	-480.00	-1720.00	-50.00	-52.32	-16.28	212.20	-20.00	-1070.00	50.00	-7.74	7.87	11.77
-10.00	-1390.00	60.00	47.44	-14.94	156.59	190.00	-1020.00	120.00	6.52	-15.98	23.05	-560.00	-1650.00	160.00	-76.04	-21.52	216.28	-20.00	-1070.00	50.00	-8.72	7.68	9.57
-10.00	-1390.00	60.00	47.32	-23.60	143.84	310.00	-980.00	-0.00	5.12	-16.10	23.84	-560.00	-1650.00	160.00	-83.90	-24.94	213.23	-60.00	-1050.00	40.00	-5.30	9.88	9.82
-200.00	-1400.00	-70.00	44.09	-27.50	133.48	280.00	-950.00	-110.00	4.21	-17.50	22.87	-360.00	-1430.00	260.00	-83.90	-24.94	213.23	-40.00	-1060.00	80.00	-5.30	9.88	9.82
-290.00	-1410.00	-60.00	41.77	-40.98	107.93	200.00	-920.00	-170.00	4.15	-19.09	22.20	-470.00	-1290.00	340.00	-89.02	-31.10	205.49	-60.00	-1020.00	60.00	-2.93	11.65	7.99
-290.00	-1410.00	-60.00	42.38	-77.26	61.95	180.00	-820.00	-200.00	4.02	-20.30	21.59	-390.00	-1270.00	360.00	-90.24	-43.05	194.82	-60.00	-1020.00	60.00	-3.11	11.83	6.95
-450.00	-1350.00	-110.00	46.34	-105.00	17.38	180.00	-820.00	-190.00	4.76	-20.79	19.94	-340.00	-1040.00	350.00	-82.38	-46.95	180.12	-70.00	-1000.00	70.00	-6.65	5.43	2.87
-440.00	-1090.00	-180.00	47.44	-115.79	-11.95	160.00	-870.00	-130.00	6.65	-23.05	17.50	-260.00	-900.00	310.00	-80.49	-30.85	162.50	-80.00	-980.00	70.00	-6.65	5.43	2.87
-440.00	-1090.00	-180.00	42.62	-121.59	-33.84	150.00	-930.00	-80.00	7.99	-24.70	16.28	-440.00	-570.00	250.00	-53.35	14.82	143.54	-70.00	-990.00	70.00	-9.45	3.17	1.89
-510.00	-940.00	-190.00	23.78	-113.41	-59.51	140.00	-930.00	-80.00	8.41	-24.09	15.85	-740.00	-120.00	310.00	1.40	80.30	99.57	-70.00	-990.00	70.00	-9.45	1.59	1.52
-670.00	-690.00	-320.00	6.95	-102.13	-78.23	160.00	-940.00	-70.00	8.78	-22.44	15.30	-670.00	230.00	600.00	30.12	138.72	39.02	-70.00	-1010.00	40.00	-9.45	1.59	1.52
-320.00	-620.00	-480.00	-8.05	-78.23	-95.24	150.00	-910.00	-100.00	8.23	-19.27	15.24	-300.00	-590.00	370.00	6.83	167.80	-6.10	-60.00	-1020.00	50.00	-9.76	-0.61	1.83
240.00	-580.00	-340.00	-25.73	-49.88	-114.57	130.00	-880.00	-120.00	8.11	-15.24	15.61	90.00	-740.00	390.00	1.95	155.98	-37.68	-60.00	-1020.00	50.00	-9.76	-0.61	1.83
500.00	-350.00	-230.00	-42.50	-23.66	-131.22	90.00	-850.00	-130.00	8.11	-11.71	15.55	540.00	-520.00	210.00	2.32	110.79	-64.51	-60.00	-1020.00	50.00	-9.45	-1.83	2.26
340.00	-300.00	-60.00	-56.28	2.32	-144.45	110.00	-860.00	-120.00	8.17	-6.95	14.88	620.00	-410.00	30.00	10.73	86.77	-84.33	-50.00	-1030.00	40.00	-9.45	-1.83	2.26
390.00	-180.00	30.00	-67.01	24.02	-155.24	120.00	-880.00	-120.00	9.70	-5.12	13.17	390.00	-360.00	60.00	15.55	80.37	-105.61	-50.00	-1030.00	50.00	-7.93	-1.28	3.90
