LLACx	LLACy	LLACz	LLGYx	LLGYy	LLGYz	LMACx	LMACy	LMACz	LMGYx	LMGYy	LMGYz	RLACx	RLACy	RLACz	RLGYx	RLGYy	RLGYz	RMACx	RMACy	RMACz	RMGYx	RMGYy	RMGYz
-50.00	-1050.00	30.00	5.24	0.55	4.09	80.00	-920.00	-30.00	3.96	0.49	4.82	-160.00	-1020.00	-100.00	0.49	-1.10	4.76	-30.00	-1020.00	-40.00	1.59	-0.37	3.41
-150.00	-1060.00	100.00	-0.67	-0.91	1.28	-20.00	-940.00	10.00	-0.49	-0.37	0.85	-20.00	-1040.00	-30.00	-0.49	0.12	-0.30	-30.00	-1020.00	-40.00	-1.52	-0.98	-0.06
-150.00	-1050.00	100.00	-0.55	-0.91	1.34	-10.00	-940.00	10.00	-0.49	-0.30	0.98	-20.00	-1040.00	-30.00	-0.37	-0.24	-0.24	30.00	-1020.00	50.00	-1.83	-1.28	-0.06
-150.00	-1050.00	90.00	-0.37	-0.73	1.40	-10.00	-930.00	10.00	-0.61	-0.43	1.04	-30.00	-1030.00	-30.00	-0.18	-0.61	0.06	30.00	-1020.00	50.00	-1.95	-1.40	0.06
-150.00	-1050.00	100.00	-0.30	-0.55	1.59	-20.00	-940.00	10.00	-0.61	-0.37	1.04	-20.00	-1030.00	-30.00	-0.12	-0.91	0.12	30.00	-1020.00	50.00	-2.32	-1.22	-0.06
-160.00	-1050.00	100.00	-0.24	-0.55	1.71	-20.00	-930.00	10.00	-0.79	-0.37	1.16	-20.00	-1030.00	-40.00	-0.30	-0.91	0.12	30.00	-1030.00	50.00	-2.20	-0.91	0.12
-150.00	-1050.00	90.00	-0.24	-0.49	2.01	-20.00	-940.00	0.00	-0.73	-0.43	1.52	-20.00	-1030.00	-40.00	-0.18	-0.79	0.18	40.00	-1030.00	50.00	-1.89	-0.61	0.18
-150.00	-1050.00	90.00	-0.30	-0.43	2.01	-20.00	-940.00	10.00	-0.73	-0.18	1.83	-20.00	-1030.00	-40.00	0.00	-0.98	0.18	30.00	-1020.00	60.00	-1.65	-0.49	0.18
-150.00	-1050.00	90.00	-0.06	-0.85	1.83	-10.00	-940.00	10.00	-0.85	-0.12	2.07	-10.00	-1040.00	-40.00	0.18	-0.91	0.24	40.00	-1030.00	60.00	-1.65	-0.61	0.12
-150.00	-1050.00	90.00	-0.24	-0.91	1.71	-10.00	-940.00	10.00	-0.91	-0.37	2.38	-30.00	-1030.00	-40.00	-0.12	-0.79	0.30	40.00	-1020.00	60.00	-1.59	-0.85	0.18
-140.00	-1050.00	90.00	-0.24	-0.91	1.65	-10.00	-940.00	10.00	-0.67	-0.49	2.68	-10.00	-1030.00	-30.00	-0.24	-0.73	0.49	30.00	-1030.00	60.00	-1.65	-1.10	0.06
-140.00	-1050.00	90.00	-0.30	-0.91	1.59	-20.00	-930.00	0.00	-0.67	-0.98	2.87	-20.00	-1040.00	-30.00	-0.55	-0.61	0.49	30.00	-1030.00	60.00	-1.89	-1.22	-0.12
-150.00	-1060.00	90.00	-0.24	-0.85	1.65	-10.00	-940.00	10.00	-0.67	-0.85	2.93	-10.00	-1040.00	-30.00	-0.55	-0.49	0.43	30.00	-1030.00	50.00	-1.83	-1.46	-0.12
-150.00	-1060.00	90.00	-0.18	-0.85	1.59	-20.00	-940.00	10.00	-0.55	-0.79	2.62	-20.00	-1040.00	-30.00	-0.55	-0.24	0.55	30.00	-1020.00	50.00	-1.77	-1.34	0.06
-150.00	-1050.00	90.00	-0.18	-0.85	1.59	-10.00	-940.00	0.00	-0.37	-0.79	2.32	-20.00	-1030.00	-30.00	-0.67	-0.06	0.49	30.00	-1030.00	50.00	-1.83	-1.46	0.37
-150.00	-1050.00	90.00	-0.12	-0.85	1.71	-10.00	-940.00	0.00	-0.30	-0.79	1.95	-30.00	-1030.00	-30.00	-0.61	0.18	0.30	30.00	-1030.00	50.00	-1.89	-1.40	0.30
-150.00	-1050.00	90.00	-0.24	-1.10	1.89	-20.00	-940.00	10.00	-0.37	-0.49	1.59	-20.00	-1030.00	-40.00	-0.67	0.43	0.24	30.00	-1020.00	50.00	-1.95	-1.40	0.37
-150.00	-1050.00	90.00	-0.12	-0.98	2.13	-20.00	-940.00	0.00	-0.30	-0.30	1.28	-20.00	-1030.00	-50.00	-0.61	0.55	0.12	30.00	-1030.00	50.00	-2.13	-1.22	0.49
-150.00	-1050.00	100.00	-0.06	-0.73	2.50	-20.00	-930.00	0.00	-0.24	-0.24	0.98	-20.00	-1030.00	-40.00	-0.37	0.43	0.18	40.00	-1030.00	50.00	-2.01	-1.22	0.37
-150.00	-1050.00	90.00	0.06	-0.49	2.99	-20.00	-930.00	0.00	-0.30	-0.12	0.79	-30.00	-1020.00	-50.00	-0.43	0.24	0.18	40.00	-1030.00	60.00	-1.65	-1.28	0.43
-150.00	-1060.00	90.00	0.18	-0.67	3.29	-30.00	-930.00	10.00	-0.30	0.00	0.61	-30.00	-1020.00	-50.00	-0.61	0.24	0.18	40.00	-1030.00	50.00	-1.71	-1.10	0.55
-150.00	-1050.00	90.00	0.12	-1.04	3.41	-40.00	-930.00	10.00	-0.30	0.12	0.67	-20.00	-1020.00	-50.00	-0.61	0.30	0.30	30.00	-1020.00	50.00	-1.65	-0.91	0.37
-150.00	-1060.00	90.00	0.30	-1.34	3.35	-30.00	-930.00	10.00	-0.12	0.06	0.73	-20.00	-1030.00	-50.00	-0.67	0.18	0.30	40.00	-1020.00	60.00	-1.34	-0.73	0.43
-140.00	-1050.00	100.00	0.12	-1.16	3.23	-30.00	-930.00	10.00	0.06	0.00	0.67	-20.00	-1030.00	-40.00	-0.61	0.12	0.37	20.00	-1020.00	40.00	-0.73	-0.49	0.37
-150.00	-1060.00	100.00	0.18	-1.10	2.99	-30.00	-930.00	10.00	0.06	-0.06	0.67	-20.00	-1030.00	-30.00	-0.61	0.06	0.37	30.00	-1030.00	40.00	-0.73	-0.49	0.37
-140.00	-1060.00	90.00	0.12	-1.40	2.56	-20.00	-930.00	10.00	0.18	-0.12	0.73	-20.00	-1030.00	-30.00	-0.55	0.06	0.49	30.00	-1020.00	40.00	-0.79	-0.49	0.24
-150.00	-1050.00	90.00	0.12	-1.34	2.26	-20.00	-930.00	10.00	0.18	-0.24	0.61	-20.00	-1030.00	-30.00	-0.67	-0.18	0.61	30.00	-1020.00	40.00	-0.85	-0.55	0.12
-150.00	-1050.00	90.00	0.55	-1.04	1.65	-20.00	-930.00	0.00	0.24	-0.24	0.61	-20.00	-1030.00	-40.00	-0.61	-0.18	0.61	20.00	-1030.00	40.00	-0.85	-0.55	0.12
-150.00	-1050.00	90.00	0.55	-1.22	1.40	-20.00	-930.00	0.00	0.24	-0.06	0.49	-20.00	-1030.00	-40.00	-0.49	-0.06	0.55	30.00	-1020.00	30.00	-0.91	-0.49	0.18
-160.00	-1050.00	90.00	0.55	-1.22	1.22	-20.00	-930.00	0.00	0.37	0.06	0.30	-30.00	-1030.00	-40.00	-0.49	0.06	0.37	30.00	-1030.00	40.00	-0.67	-0.43	0.30
-160.00	-1040.00	90.00	0.61	-0.85	1.16	-20.00	-930.00	0.00	0.37	0.12	0.24	-20.00	-1030.00	-50.00	-0.43	0.06	0.30	30.00	-1020.00	30.00	-0.67	-0.43	0.30
-160.00	-1050.00	90.00	0.73	-0.91	1.16	-20.00	-930.00	10.00	0.30	0.12	0.18	-30.00	-1030.00	-40.00	-0.55	0.00	0.18	30.00	-1020.00	40.00	-0.73	-0.37	0.30
-160.00	-1040.00	90.00	0.85	-1.04	1.22	-20.00	-930.00	10.00	0.43	0.06	0.24	-30.00	-1030.00	-40.00	-0.61	0.06	0.12	30.00	-1020.00	50.00	-0.55	-0.49	0.43
-160.00	-1040.00	100.00	1.04	-1.04	1.16	-20.00	-940.00	10.00	0.49	-0.06	0.24	-20.00	-1030.00	-40.00	-0.61	0.24	0.12	30.00	-1020.00	50.00	-0.55	-0.49	0.43
-160.00	-1050.00	100.00	1.22	-1.10	1.16	-20.00	-930.00	10.00	0.37	0.06	0.12	-30.00	-1030.00	-40.00	-0.49	0.61	0.06	30.00	-1020.00	50.00	-0.30	-0.24	0.37
-160.00	-1040.00	100.00	1.16	-1.22	1.10	-30.00	-940.00	10.00	0.43	0.18	0.06	-20.00	-1030.00	-40.00	-0.55	0.98	-0.06	30.00	-1020.00	50.00	0.00	-0.30	0.30
-160.00	-1050.00	90.00	1.10	-1.28	0.85	-20.00	-930.00	10.00	0.43	0.12	-0.12	-20.00	-1030.00	-40.00	-0.73	1.40	-0.18	30.00	-1020.00	40.00	0.00	-0.30	0.30
-160.00	-1050.00	90.00	1.16	-1.16	0.73	-20.00	-930.00	10.00	0.37	0.18	-0.18	-30.00	-1030.00	-40.00	-0.30	1.34	-0.43	30.00	-1020.00	40.00	0.00	-0.24	0.18
-160.00	-1050.00	90.00	1.10	-0.91	0.79	-20.00	-940.00	10.00	0.43	0.18	-0.18	-30.00	-1030.00	-40.00	0.30	0.06	-0.30	30.00	-1030.00	50.00	0.06	-0.30	0.12
-160.00	-1050.00	90.00	0.98	-0.79	0.67	-20.00	-930.00	10.00	0.43	0.06	-0.06	-30.00	-1030.00	-40.00	0.61	-0.61	0.12	30.00	-1030.00	40.00	0.06	-0.24	0.06
-150.00	-1050.00	90.00	1.04	-0.67	0.55	-20.00	-930.00	10.00	0.55	0.06	0.12	-20.00	-1030.00	-50.00	0.79	-0.85	0.49	30.00	-1030.00	40.00	0.06	-0.06	0.06
-160.00	-1050.00	90.00	1.04	-0.79	0.43	-20.00	-930.00	10.00	0.73	-0.12	0.12	-30.00	-1030.00	-50.00	0.55	-0.24	0.37	30.00	-1030.00	40.00	0.61	0.49	0.18
-150.00	-1050.00	100.00	0.98	-0.73	0.43	-20.00	-930.00	10.00	0.73	-0.24	0.30	-20.00	-1020.00	-50.00	0.55	0.55	-0.06	30.00	-1020.00	50.00	0.61	0.49	0.18
-160.00	-1050.00	90.00	1.22	-0.79	0.43	-20.00	-940.00	10.00	0.67	-0.24	0.49	-10.00	-1040.00	-40.00	0.43	1.04	-0.43	30.00	-1020.00	50.00	0.79	0.12	0.06
-160.00	-1050.00	100.00	1.34	-0.79	0.37	-20.00	-930.00	10.00	0.67	-0.24	0.43	-20.00	-1040.00	-10.00	0.49	0.98	-0.43	30.00	-1020.00	50.00	0.73	-1.10	-0.06
-160.00	-1050.00	90.00	1.34	-0.79	0.24	-10.00	-930.00	0.00	0.30	0.12	-0.18	-20.00	-1050.00	-20.00	0.67	0.73	-0.37	30.00	-1020.00	40.00	0.73	-1.10	-0.06
-150.00	-1050.00	90.00	1.28	-0.79	0.18	-20.00	-940.00	10.00	0.30	0.12	-0.18	-30.00	-1040.00	-30.00	0.67	0.18	-0.18	30.00	-1030.00	40.00	0.24	-0.98	-0.12
-160.00	-1050.00	100.00	1.46	-0.79	0.12	-20.00	-940.00	10.00	0.30	0.12	-0.18	-30.00	-1030.00	-30.00	0.85	-0.24	-0.12	30.00	-1030.00	30.00	0.12	-0.24	0.06
-160.00	-1050.00	90.00	1.46	-0.79	0.30	-20.00	-940.00	10.00	0.55	0.49	-0.24	-30.00	-1030.00	-30.00	0.91	-0.37	-0.18	20.00	-1030.00	30.00	0.55	0.61	0.49
-160.00	-1050.00	90.00	1.34	-0.79	0.55	-20.00	-930.00	10.00	0.55	0.49	-0.24	-30.00	-1030.00	-50.00	1.10	0.00	-0.43	20.00	-1030.00	30.00	0.49	0.30	0.24
-160.00	-1050.00	100.00	1.40	-0.91	0.49	-20.00	-940.00	10.00	0.55	0.49	-0.24	-20.00	-1030.00	-50.00	1.16	0.49	-0.67	40.00	-1030.00	40.00	0.49	0.30	0.24
-160.00	-1040.00	90.00	1.59	-1.16	0.61	-20.00	-930.00	0.00	0.85	0.61	-0.61	-20.00	-1030.00	-50.00	1.10	0.85	-0.91	50.00	-1020.00	70.00	0.67	-0.49	-0.18
-160.00	-1050.00	90.00	1.46	-1.16	0.55	-20.00	-930.00	0.00	0.85	0.61	-0.61	-20.00	-1030.00	-50.00	1.04	1.10	-1.22	50.00	-1020.00	70.00	0.73	-0.49	-0.30
-160.00	-1050.00	100.00	1.28	-1.22	0.43	-20.00	-930.00	0.00	0.85	0.61	-0.61	-30.00	-1030.00	-40.00	1.04	1.28	-1.40	40.00	-1020.00	70.00	0.73	-0.49	-0.30
-150.00	-1050.00	100.00	1.22	-1.04	0.30	-20.00	-930.00	0.00	0.49	0.98	-0.85	-20.00	-1030.00	-40.00	0.91	1.40	-1.52	40.00	-1030.00	60.00	0.73	-0.49	-0.30
-150.00	-1050.00	90.00	1.10	-0.85	0.24	-20.00	-930.00	0.00	0.49	0.98	-0.85	-20.00	-1030.00	-30.00	0.79	1.59	-1.46	30.00	-1030.00	40.00	1.40	0.24	-0.24
-150.00	-1060.00	90.00	1.22	-0.79	0.12	-20.00	-930.00	0.00	0.49	0.98	-0.85	-30.00	-1030.00	-40.00	0.73	1.95	-1.46	30.00	-1030.00	40.00	1.59	0.49	-0.24
-150.00	-1060.00	100.00	1.10	-0.73	-0.06	-20.00	-940.00	10.00	0.49	0.98	-0.85	-30.00	-1030.00	-40.00	0.73	2.38	-1.65	30.00	-1030.00	40.00	1.59	0.49	-0.24
-150.00	-1060.00	90.00	1.34	-0.61	-0.12	-20.00	-940.00	10.00	0.85	1.40	-2.07	-20.00	-1020.00	-30.00	0.79	2.62	-1.77	30.00	-1030.00	40.00	1.40	0.67	-0.37
-150.00	-1050.00	100.00	1.46	-0.55	-0.06	-20.00	-940.00	10.00	0.85	1.40	-2.07	-30.00	-1030.00	-40.00	0.91	2.68	-1.77	30.00	-1030.00	50.00	1.40	0.67	-0.37
-150.00	-1050.00	100.00	1.77	-0.43	0.00	-20.00	-940.00	10.00	0.85	1.40	-2.07	-30.00	-1030.00	-40.00	0.85	2.56	-1.77	30.00	-1030.00	50.00	1.22	0.79	-0.61
-160.00	-1050.00	100.00	2.07	-0.61	-0.12	-20.00	-930.00	10.00	0.24	2.87	-3.11	-30.00	-1030.00	-40.00	0.67	2.44	-1.65	30.00	-1020.00	50.00	1.34	0.91	-0.73
-160.00	-1050.00	100.00	2.13	-0.85	-0.18	-20.00	-930.00	10.00	0.24	2.87	-3.11	-30.00	-1020.00	-50.00	0.55	2.38	-1.34	30.00	-1020.00	50.00	1.46	1.16	-0.67
-150.00	-1050.00	100.00	2.32	-0.91	-0.24	-20.00	-930.00	10.00	0.24	2.87	-3.11	-30.00	-1030.00	-50.00	0.55	2.44	-1.28	30.00	-1020.00	50.00	1.71	1.16	-0.55
-160.00	-1050.00	90.00	2.26	-0.91	-0.30	-20.00	-930.00	10.00	-0.12	4.51	-3.35	-20.00	-1030.00	-50.00	0.37	2.38	-1.22	30.00	-1020.00	50.00	2.50	0.98	-0.61
-160.00	-1050.00	90.00	2.32	-0.85	-0.37	-20.00	-930.00	10.00	-0.06	5.18	-4.39	-20.00	-1040.00	-40.00	0.24	2.32	-1.22	30.00	-1030.00	50.00	2.50	0.98	-0.61
-150.00	-1050.00	90.00	2.56	-0.73	-0.43	-20.00	-930.00	10.00	-0.06	5.18	-4.39	-20.00	-1040.00	-30.00	0.30	1.52	-1.22	30.00	-1020.00	50.00	2.50	0.98	-0.61
-150.00	-1050.00	90.00	2.87	0.24	-0.30	-20.00	-930.00	20.00	0.12	4.94	-4.33	-20.00	-1040.00	-20.00	0.30	1.52	-1.22	20.00	-1020.00	40.00	2.13	1.04	-0.37
-160.00	-1050.00	90.00	2.68	1.89	-0.67	-30.00	-930.00	0.00	-0.30	4.57	-4.15	-20.00	-1030.00	-20.00	0.30	1.52	-1.22	30.00	-1030.00	30.00	2.13	1.04	-0.37
-150.00	-1050.00	90.00	2.68	1.95	-1.10	-30.00	-930.00	0.00	-0.30	4.57	-4.15	-20.00	-1040.00	-20.00	0.49	0.43	-0.85	30.00	-1030.00	40.00	1.77	0.98	-0.30
-160.00	-1050.00	100.00	3.29	0.73	-1.65	-30.00	-930.00	0.00	-0.55	4.45	-3.54	-20.00	-1040.00	-30.00	0.49	0.43	-0.85	40.00	-1030.00	60.00	1.83	0.91	-0.06
-150.00	-1050.00	90.00	3.72	0.24	-2.20	-20.00	-930.00	20.00	-0.67	4.15	-2.68	-10.00	-1030.00	-30.00	0.61	0.55	-1.22	40.00	-1030.00	60.00	1.83	0.91	-0.06
-150.00	-1050.00	100.00	4.33	0.55	-2.32	-20.00	-930.00	20.00	-0.49	3.60	-1.77	-20.00	-1030.00	-40.00	0.61	0.55	-1.22	40.00	-1020.00	70.00	1.77	0.85	-0.06
-140.00	-1040.00	100.00	4.94	1.28	-2.38	-10.00	-930.00	10.00	-0.18	2.99	-1.10	-20.00	-1030.00	-40.00	0.61	0.55	-1.22	40.00	-1020.00	70.00	1.52	0.61	-0.24
-150.00	-1050.00	80.00	5.49	2.01	-2.44	-10.00	-940.00	20.00	-0.12	2.56	-0.73	-20.00	-1030.00	-40.00	0.73	0.61	-1.40	40.00	-1020.00	70.00	0.73	-0.18	-0.85
-160.00	-1040.00	90.00	6.04	1.40	-2.62	0.00	-940.00	20.00	0.00	2.07	-0.49	-20.00	-1030.00	-30.00	0.67	0.79	-1.34	40.00	-1020.00	60.00	0.73	-0.18	-0.85
-160.00	-1040.00	100.00	5.91	0.67	-2.99	0.00	-940.00	20.00	0.18	1.59	-0.43	-20.00	-1030.00	-30.00	0.67	0.79	-1.34	30.00	-1020.00	60.00	0.73	-0.18	-0.85
-150.00	-1040.00	110.00	5.61	0.43	-2.93	10.00	-950.00	20.00	0.06	1.16	-0.55	-20.00	-1030.00	-30.00	0.55	1.04	-1.34	30.00	-1020.00	60.00	0.85	0.24	-0.85
-140.00	-1050.00	100.00	5.30	0.30	-2.50	10.00	-950.00	10.00	-0.12	1.16	-0.73	-20.00	-1030.00	-30.00	0.67	1.22	-1.34	40.00	-1020.00	60.00	0.85	0.24	-0.85
-150.00	-1050.00	100.00	4.82	0.55	-1.95	0.00	-950.00	20.00	-0.18	1.04	-0.61	-20.00	-1040.00	-30.00	0.67	0.91	-1.34	30.00	-1020.00	60.00	0.85	0.24	-0.85
-150.00	-1050.00	90.00	4.21	0.61	-1.16	0.00	-940.00	20.00	-0.24	0.85	-0.43	-20.00	-1040.00	-30.00	0.67	0.91	-1.34	30.00	-1020.00	60.00	0.73	0.79	-0.67
-160.00	-1050.00	90.00	3.78	0.67	-0.37	-10.00	-950.00	20.00	-0.43	0.91	-0.18	-20.00	-1040.00	-30.00	0.67	0.91	-1.34	40.00	-1020.00	60.00	0.61	0.85	-0.49
-160.00	-1040.00	110.00	3.41	0.49	0.24	-10.00	-940.00	30.00	-0.49	0.43	0.06	-20.00	-1040.00	-30.00	0.67	0.91	-1.34	40.00	-1020.00	60.00	0.61	0.85	-0.49
-150.00	-1050.00	110.00	3.17	0.00	0.43	-10.00	-940.00	20.00	-0.37	0.18	0.12	-20.00	-1040.00	-30.00	0.37	0.73	-1.34	40.00	-1020.00	60.00	0.49	0.55	-0.61
-140.00	-1050.00	110.00	2.80	-0.24	0.49	-0.00	-940.00	20.00	-0.37	0.18	0.12	-10.00	-1040.00	-30.00	0.37	0.73	-1.34	40.00	-1030.00	60.00	0.49	0.55	-0.61
-140.00	-1050.00	120.00	1.10	-0.61	0.00	0.00	-940.00	20.00	-0.37	0.12	0.24	-10.00	-1040.00	-30.00	0.37	0.73	-1.34	40.00	-1030.00	60.00	0.00	0.37	-0.43
-130.00	-1060.00	110.00	0.73	-0.55	0.06	0.00	-940.00	10.00	-0.43	0.18	0.18	-20.00	-1040.00	-40.00	0.24	0.73	-0.85	40.00	-1030.00	60.00	0.00	0.37	-0.43
-140.00	-1070.00	110.00	0.73	-0.55	0.06	-0.00	-940.00	10.00	-0.43	0.18	0.18	-20.00	-1040.00	-30.00	0.24	0.73	-0.85	40.00	-1030.00	70.00	0.00	0.37	-0.43
-140.00	-1060.00	110.00	0.30	-0.55	0.61	-0.00	-930.00	10.00	-0.49	0.06	0.12	-20.00	-1040.00	-30.00	0.24	0.73	-0.85	40.00	-1030.00	60.00	0.00	0.37	-0.43
-140.00	-1070.00	110.00	0.30	-0.55	0.61	-0.00	-930.00	10.00	-0.37	0.00	-0.12	-20.00	-1040.00	-30.00	0.24	0.73	-0.73	40.00	-1020.00	60.00	-0.12	0.24	-0.06
-140.00	-1060.00	110.00	0.61	-1.04	0.67	-0.00	-930.00	10.00	-0.43	-0.24	-0.24	-10.00	-1030.00	-30.00	0.18	0.61	-0.43	40.00	-1020.00	60.00	-0.12	0.24	-0.06
-150.00	-1060.00	110.00	0.61	-1.04	0.67	-10.00	-930.00	10.00	-0.37	-0.49	-0.30	-10.00	-1030.00	-30.00	0.18	0.61	-0.43	40.00	-1020.00	60.00	-0.12	0.24	-0.06
-140.00	-1060.00	120.00	0.43	-1.16	0.67	-10.00	-930.00	10.00	-0.24	-0.67	-0.37	-10.00	-1030.00	-30.00	0.18	0.55	-0.30	40.00	-1020.00	70.00	-0.18	0.24	0.06
-140.00	-1060.00	120.00	0.43	-1.16	0.67	-10.00	-930.00	10.00	-0.24	-0.85	-0.49	-10.00	-1030.00	-30.00	0.00	0.49	-0.18	40.00	-1020.00	60.00	-0.24	0.12	0.12
-130.00	-1050.00	110.00	0.55	-1.16	0.73	-10.00	-940.00	10.00	-0.37	-0.91	-0.49	-10.00	-1030.00	-30.00	0.00	0.49	-0.18	40.00	-1020.00	60.00	-0.12	-0.06	0.30
-130.00	-1050.00	110.00	0.61	-1.10	0.49	-10.00	-930.00	10.00	-0.24	-0.85	-0.55	-10.00	-1030.00	-30.00	0.00	0.49	-0.18	40.00	-1020.00	70.00	-0.12	-0.06	0.30
-140.00	-1050.00	110.00	0.61	-1.10	0.49	-10.00	-930.00	20.00	-0.18	-0.79	-0.55	-10.00	-1030.00	-30.00	0.06	0.85	-0.55	40.00	-1020.00	60.00	-0.06	0.12	0.24
-140.00	-1050.00	110.00	0.30	-1.10	0.00	-10.00	-940.00	10.00	-0.18	-0.55	-0.55	-10.00	-1030.00	-30.00	0.06	0.85	-0.55	40.00	-1020.00	60.00	0.30	0.06	0.18
-140.00	-1050.00	110.00	0.30	-1.10	0.00	-0.00	-930.00	10.00	-0.30	-0.37	-0.55	-10.00	-1030.00	-30.00	0.24	0.73	-0.61	40.00	-1020.00	60.00	0.30	0.06	0.18
-140.00	-1050.00	110.00	0.12	-0.98	-0.12	-0.00	-940.00	10.00	-0.43	-0.12	-0.49	-10.00	-1030.00	-30.00	0.24	0.79	-0.61	40.00	-1020.00	70.00	0.30	0.06	0.18
-140.00	-1050.00	110.00	0.00	-0.49	-0.18	-10.00	-940.00	10.00	-0.49	0.12	-0.43	-10.00	-1030.00	-40.00	0.24	0.73	-0.67	40.00	-1030.00	60.00	0.00	0.18	0.06
-150.00	-1050.00	110.00	0.06	-0.24	-0.06	-0.00	-940.00	20.00	-0.49	0.24	-0.49	-10.00	-1040.00	-30.00	0.24	0.73	-0.67	40.00	-1030.00	60.00	0.00	0.18	0.06
-150.00	-1050.00	110.00	0.61	-0.61	0.24	-0.00	-930.00	20.00	-0.67	0.43	-0.43	-10.00	-1030.00	-30.00	0.37	0.73	-0.67	40.00	-1030.00	60.00	0.00	0.18	0.06
-150.00	-1050.00	110.00	0.61	-0.61	0.24	0.00	-940.00	10.00	-0.67	0.49	-0.30	-20.00	-1030.00	-30.00	0.30	0.85	-0.67	40.00	-1030.00	60.00	0.06	0.18	0.00
-140.00	-1050.00	110.00	0.61	-0.61	0.24	-10.00	-940.00	10.00	-0.67	0.49	-0.30	-20.00	-1030.00	-30.00	0.18	0.85	-0.73	40.00	-1030.00	60.00	0.12	0.18	-0.12
-140.00	-1050.00	110.00	0.67	-0.55	0.30	-10.00	-940.00	20.00	-0.67	0.49	-0.30	-10.00	-1030.00	-30.00	0.18	0.85	-0.73	40.00	-1030.00	60.00	0.06	0.24	0.00
-140.00	-1050.00	100.00	0.98	-1.10	0.37	-0.00	-930.00	10.00	-0.79	0.55	-0.30	-10.00	-1030.00	-30.00	0.18	0.85	-0.73	40.00	-1030.00	70.00	0.18	0.12	0.06
-140.00	-1060.00	110.00	0.98	-1.10	0.37	-10.00	-940.00	10.00	-0.91	0.67	-0.37	-10.00	-1030.00	-30.00	0.18	0.91	-0.79	40.00	-1030.00	70.00	0.18	0.12	0.06
-140.00	-1060.00	110.00	0.98	-1.10	0.37	-10.00	-940.00	10.00	-0.98	0.67	-0.24	-10.00	-1030.00	-30.00	0.18	0.91	-0.79	40.00	-1030.00	70.00	0.18	0.12	0.06
-140.00	-1060.00	110.00	1.22	-1.16	0.49	-0.00	-930.00	10.00	-0.91	0.79	-0.24	-10.00	-1030.00	-30.00	0.00	0.49	-0.55	40.00	-1020.00	60.00	-0.06	0.18	0.06
-140.00	-1060.00	110.00	1.22	-1.16	0.49	-10.00	-940.00	10.00	-0.91	0.79	0.12	-10.00	-1030.00	-40.00	-0.06	0.61	-0.37	40.00	-1020.00	60.00	-0.06	0.18	0.06
-140.00	-1050.00	110.00	1.22	-1.16	0.49	-0.00	-940.00	20.00	-0.91	0.85	0.43	-20.00	-1040.00	-30.00	-0.06	0.61	-0.37	40.00	-1020.00	70.00	-0.06	0.18	0.06
-140.00	-1050.00	110.00	1.28	-1.34	0.49	0.00	-940.00	10.00	-0.98	0.73	0.73	-20.00	-1030.00	-20.00	0.24	0.43	-0.24	40.00	-1030.00	70.00	-0.30	0.24	0.18
-140.00	-1050.00	110.00	1.28	-1.46	0.30	-0.00	-930.00	10.00	-0.91	0.61	1.04	-20.00	-1030.00	-20.00	0.24	0.43	-0.24	40.00	-1020.00	70.00	-0.43	0.30	0.30
-140.00	-1060.00	120.00	1.28	-1.46	0.30	-10.00	-930.00	10.00	-0.67	0.49	1.28	-10.00	-1030.00	-30.00	0.18	0.85	-0.30	40.00	-1020.00	70.00	-0.43	0.30	0.30
-140.00	-1060.00	120.00	1.10	-1.22	0.49	10.00	-940.00	20.00	-0.79	0.12	1.34	-10.00	-1030.00	-30.00	-0.12	0.24	-0.24	30.00	-1020.00	70.00	-0.55	0.18	0.43
-140.00	-1060.00	120.00	1.40	-1.28	0.73	10.00	-940.00	10.00	-0.37	-0.12	1.52	-10.00	-1030.00	-30.00	-0.12	0.24	-0.24	40.00	-1020.00	70.00	-0.79	0.24	0.30
-150.00	-1040.00	110.00	1.40	-1.28	0.73	0.00	-940.00	10.00	-0.37	-0.43	1.52	-10.00	-1040.00	-30.00	-0.12	0.24	-0.24	40.00	-1020.00	70.00	-0.79	0.00	0.30
-140.00	-1050.00	100.00	1.28	-1.22	0.91	10.00	-940.00	10.00	-0.49	-0.43	1.22	-10.00	-1040.00	-30.00	-0.43	0.18	-0.12	40.00	-1020.00	70.00	-0.79	0.00	0.30
-140.00	-1050.00	100.00	0.98	-0.98	1.40	-0.00	-940.00	10.00	-0.43	-0.55	1.10	-10.00	-1040.00	-30.00	-0.43	0.18	-0.12	40.00	-1030.00	70.00	-0.98	-0.49	0.12
-150.00	-1050.00	110.00	1.04	-0.98	1.52	10.00	-940.00	10.00	-0.49	-0.61	1.04	-10.00	-1030.00	-20.00	-0.43	0.18	0.00	40.00	-1030.00	70.00	-0.91	-0.67	0.06
-140.00	-1050.00	110.00	0.73	-0.91	1.71	0.00	-940.00	10.00	-0.79	-0.43	1.10	-10.00	-1030.00	-20.00	1.59	-0.91	0.24	40.00	-1030.00	70.00	-0.91	-0.67	0.06
-140.00	-1050.00	110.00	0.37	-0.85	1.83	-10.00	-940.00	20.00	-0.85	-0.37	0.98	-10.00	-1030.00	-20.00	1.59	-0.91	0.24	40.00	-1020.00	70.00	-0.98	-0.73	0.12
-140.00	-1050.00	110.00	0.24	-0.98	1.83	-0.00	-940.00	30.00	-0.79	-0.37	0.91	-10.00	-1030.00	-30.00	1.59	-0.91	0.24	30.00	-1020.00	60.00	-0.98	-0.67	0.18
-140.00	-1060.00	110.00	-0.18	-0.85	1.77	-0.00	-940.00	20.00	-0.49	-0.37	1.04	-10.00	-1030.00	-30.00	2.13	-0.55	0.30	40.00	-1020.00	70.00	-0.91	-0.61	0.24
-130.00	-1060.00	120.00	-0.12	-1.52	1.65	-10.00	-940.00	20.00	-0.55	-0.49	0.91	-10.00	-1030.00	-30.00	2.62	-0.61	0.55	40.00	-1020.00	70.00	-0.85	-1.10	0.73
-130.00	-1050.00	110.00	-0.30	-1.28	1.40	-0.00	-940.00	10.00	-0.43	-0.49	1.04	-10.00	-1030.00	-30.00	0.85	0.49	0.18	40.00	-1020.00	70.00	-1.22	-0.91	0.85
-140.00	-1060.00	110.00	-0.49	-1.22	1.34	-10.00	-930.00	10.00	-0.30	-0.55	0.98	-10.00	-1030.00	-20.00	0.85	0.49	0.18	30.00	-1020.00	60.00	-1.28	-0.37	1.16
-130.00	-1050.00	110.00	-0.49	-1.22	1.40	-10.00	-930.00	10.00	-0.37	-0.61	0.91	-10.00	-1030.00	-20.00	0.43	0.43	0.00	30.00	-1020.00	60.00	-1.28	-0.37	1.16
-140.00	-1060.00	110.00	-0.67	-0.98	1.40	-10.00	-930.00	10.00	-0.30	-0.67	1.22	-10.00	-1030.00	-30.00	-0.18	-0.30	0.12	40.00	-1020.00	70.00	-1.46	-0.06	1.22
-130.00	-1050.00	110.00	-0.73	-0.91	1.52	-0.00	-930.00	10.00	-0.49	-0.79	1.77	-10.00	-1040.00	-10.00	-0.18	-0.30	0.12	40.00	-1020.00	70.00	-1.04	-0.24	0.91
-140.00	-1050.00	110.00	-0.37	-0.98	1.52	-0.00	-940.00	10.00	-0.30	-1.28	2.01	-10.00	-1040.00	-10.00	-0.37	-0.43	0.12	40.00	-1020.00	70.00	-1.04	-0.24	0.91
-140.00	-1050.00	120.00	-0.43	-1.04	1.52	-10.00	-930.00	10.00	-0.43	-1.59	2.01	-10.00	-1040.00	-30.00	-0.37	-0.43	0.12	40.00	-1020.00	70.00	-1.16	-0.73	0.55
-130.00	-1050.00	110.00	-0.18	-1.34	1.34	-0.00	-940.00	10.00	-0.24	-1.89	1.95	-10.00	-1040.00	-20.00	-0.67	-0.12	0.00	40.00	-1030.00	70.00	-1.16	-0.73	0.55
-140.00	-1060.00	120.00	-0.18	-1.46	1.28	0.00	-940.00	20.00	-0.24	-2.26	1.71	-20.00	-1030.00	-40.00	-0.67	-0.12	0.00	30.00	-1020.00	70.00	-0.98	-1.28	0.12
-130.00	-1050.00	110.00	-0.18	-1.46	1.28	10.00	-940.00	10.00	-0.12	-2.20	1.59	-20.00	-1030.00	-40.00	-0.79	0.00	-0.06	30.00	-1030.00	60.00	-0.91	-1.28	0.00
-140.00	-1040.00	110.00	-0.30	-1.28	1.46	-0.00	-950.00	10.00	-0.12	-2.01	1.40	-10.00	-1030.00	-40.00	-1.04	0.30	-0.12	30.00	-1030.00	60.00	-0.91	-1.28	0.00
-140.00	-1050.00	110.00	-1.16	-0.12	2.26	0.00	-940.00	10.00	-0.24	-1.65	1.22	-10.00	-1030.00	-40.00	-1.04	0.30	-0.12	30.00	-1020.00	60.00	-0.67	-0.85	0.24
-140.00	-1050.00	110.00	-1.16	-0.12	2.26	-0.00	-940.00	10.00	-0.30	-1.22	1.16	-20.00	-1030.00	-40.00	-1.04	0.30	-0.12	30.00	-1030.00	60.00	-0.67	-0.85	0.24
-150.00	-1050.00	100.00	-1.28	-0.24	2.26	-10.00	-930.00	20.00	-0.43	-0.85	1.16	-20.00	-1030.00	-40.00	-1.04	0.30	-0.06	30.00	-1030.00	60.00	-0.55	-0.85	0.24
-140.00	-1050.00	110.00	-1.16	-1.22	2.01	-10.00	-930.00	10.00	-0.37	-0.73	1.04	-10.00	-1030.00	-30.00	-1.04	0.49	0.12	30.00	-1030.00	60.00	-0.55	-0.85	0.24
-140.00	-1050.00	110.00	-1.40	-1.77	1.22	-10.00	-930.00	10.00	-0.18	-0.61	1.04	-10.00	-1030.00	-20.00	-1.04	0.49	0.12	30.00	-1030.00	60.00	-0.43	-0.61	0.43
-140.00	-1060.00	110.00	-1.40	-1.77	1.22	-10.00	-930.00	10.00	-0.06	-0.67	0.91	-10.00	-1030.00	-20.00	-1.10	0.24	0.30	40.00	-1020.00	70.00	-0.43	-0.61	0.43
-140.00	-1060.00	110.00	-1.40	-1.77	1.22	-10.00	-930.00	10.00	0.00	-1.10	0.67	-10.00	-1030.00	-30.00	-1.28	0.37	0.49	40.00	-1020.00	70.00	-0.37	-0.67	0.43
-140.00	-1050.00	110.00	-1.04	-1.16	1.40	-10.00	-930.00	10.00	-0.06	-1.65	0.49	-10.00	-1030.00	-30.00	-1.28	0.37	0.49	40.00	-1020.00	70.00	-0.49	-0.73	0.43
-130.00	-1050.00	120.00	-1.04	-1.16	1.40	-10.00	-930.00	0.00	0.18	-1.71	0.30	-10.00	-1040.00	-30.00	-1.46	0.79	0.37	40.00	-1020.00	70.00	-0.49	-0.73	0.43
-150.00	-1070.00	110.00	-0.06	-1.16	1.34	-10.00	-930.00	10.00	0.24	-1.46	0.12	-10.00	-1040.00	-30.00	-1.46	0.79	0.37	40.00	-1020.00	60.00	-0.55	-0.73	0.49
-150.00	-1070.00	100.00	0.24	-1.28	1.16	-10.00	-930.00	0.00	0.24	-1.16	0.06	-10.00	-1030.00	-30.00	-1.46	1.10	0.00	30.00	-1020.00	70.00	-0.55	-0.73	0.49
-150.00	-1050.00	110.00	0.24	-1.28	1.16	-10.00	-930.00	10.00	0.18	-0.79	0.06	-10.00	-1030.00	-30.00	-1.46	1.10	0.00	30.00	-1020.00	70.00	-0.43	-0.24	0.43
-140.00	-1050.00	110.00	-0.91	0.12	0.43	-20.00	-930.00	10.00	0.00	-0.30	0.18	-10.00	-1030.00	-30.00	-1.40	0.98	0.00	40.00	-1030.00	70.00	-0.43	-0.24	0.43
-140.00	-1050.00	110.00	-0.73	-0.12	0.30	-10.00	-930.00	10.00	-0.06	-0.18	0.24	-10.00	-1030.00	-30.00	-1.10	0.91	-0.06	40.00	-1030.00	70.00	-0.12	-0.06	0.18
-140.00	-1050.00	110.00	-0.73	-0.12	0.30	-10.00	-930.00	10.00	-0.24	-0.06	0.12	-20.00	-1030.00	-30.00	-1.10	0.91	-0.06	30.00	-1020.00	60.00	-0.12	-0.06	0.18
-140.00	-1050.00	110.00	0.12	-0.37	0.55	-10.00	-930.00	10.00	-0.24	-0.06	0.12	-20.00	-1030.00	-30.00	-0.98	0.67	0.00	30.00	-1020.00	60.00	-0.18	0.00	0.18
-140.00	-1050.00	100.00	0.91	-0.67	0.79	-10.00	-930.00	10.00	-0.37	0.24	0.06	-10.00	-1030.00	-40.00	-0.98	0.67	0.00	30.00	-1020.00	60.00	-0.55	-0.18	0.06
-140.00	-1050.00	100.00	0.85	-0.73	0.67	-10.00	-940.00	10.00	-0.49	0.61	0.12	-10.00	-1030.00	-30.00	0.49	0.06	0.00	30.00	-1030.00	60.00	-0.55	-0.18	0.06
-140.00	-1050.00	100.00	0.85	-0.73	0.67	-0.00	-930.00	10.00	-0.49	0.61	0.12	-10.00	-1030.00	-30.00	0.49	0.06	0.00	30.00	-1030.00	60.00	-0.49	-0.24	0.18
-140.00	-1050.00	100.00	0.85	-0.91	0.61	-10.00	-940.00	10.00	-0.55	0.67	0.24	-20.00	-1030.00	-30.00	0.61	0.37	-0.18	30.00	-1020.00	70.00	-0.67	-0.37	0.37
-140.00	-1050.00	110.00	0.91	-0.91	0.67	-10.00	-940.00	20.00	-0.43	0.43	0.85	-20.00	-1030.00	-30.00	0.61	0.37	-0.18	30.00	-1020.00	70.00	-0.67	-0.37	0.37
-140.00	-1050.00	110.00	0.91	-0.91	0.67	-10.00	-940.00	20.00	-0.43	0.43	0.85	-10.00	-1030.00	-30.00	0.37	0.61	-0.30	40.00	-1020.00	70.00	-0.67	-0.37	0.37
-140.00	-1050.00	110.00	0.73	-0.67	1.10	-10.00	-940.00	10.00	-0.37	0.43	1.10	-10.00	-1030.00	-30.00	0.37	0.61	-0.30	40.00	-1030.00	70.00	-0.91	0.00	0.30
-140.00	-1050.00	110.00	0.73	-0.67	1.10	-0.00	-940.00	10.00	-0.37	0.24	1.40	-20.00	-1030.00	-20.00	0.06	0.55	-0.37	40.00	-1030.00	70.00	-0.98	0.24	0.37
-150.00	-1050.00	110.00	0.55	-0.61	1.34	-0.00	-940.00	10.00	-0.24	-0.06	1.34	-10.00	-1050.00	-20.00	-0.12	0.55	-0.24	40.00	-1030.00	70.00	-0.98	0.24	0.37
-140.00	-1050.00	110.00	0.55	-0.61	1.34	0.00	-940.00	10.00	-0.30	-0.06	1.34	-10.00	-1050.00	-20.00	-0.12	0.55	-0.24	40.00	-1030.00	70.00	-0.73	0.00	0.24
-140.00	-1050.00	110.00	0.37	-1.46	1.77	-0.00	-940.00	10.00	-0.24	0.12	1.34	-10.00	-1050.00	-20.00	-0.67	0.37	0.12	40.00	-1020.00	70.00	-0.73	-0.24	0.06
-140.00	-1050.00	110.00	0.37	-1.46	1.77	0.00	-940.00	10.00	-0.30	0.12	1.16	-20.00	-1030.00	-30.00	-0.85	0.55	0.12	40.00	-1020.00	70.00	-0.79	-0.37	0.06
-140.00	-1050.00	110.00	0.24	-1.16	1.71	0.00	-940.00	10.00	-0.49	0.37	1.10	-20.00	-1030.00	-30.00	-0.85	0.55	0.12	40.00	-1030.00	70.00	-0.79	-0.37	0.06
-140.00	-1050.00	110.00	0.24	-0.98	1.71	-0.00	-940.00	10.00	-0.49	0.43	1.04	-10.00	-1030.00	-30.00	-0.79	0.37	0.37	40.00	-1020.00	60.00	-0.98	-0.55	0.06
-140.00	-1050.00	110.00	0.24	-0.98	1.71	-10.00	-940.00	10.00	-0.55	0.37	0.91	-10.00	-1030.00	-40.00	-0.30	-0.12	0.55	40.00	-1020.00	60.00	-0.98	-0.79	0.06
-140.00	-1060.00	100.00	0.24	-0.98	1.59	-10.00	-930.00	20.00	-0.55	0.37	0.91	-10.00	-1030.00	-40.00	-0.30	-0.12	0.55	40.00	-1020.00	60.00	-0.98	-0.43	0.37
-140.00	-1060.00	110.00	0.24	-0.98	1.59	-10.00	-940.00	20.00	-0.49	0.30	0.85	-10.00	-1030.00	-30.00	-0.30	-0.12	0.55	30.00	-1020.00	60.00	-1.04	-0.43	0.49
-140.00	-1060.00	110.00	0.37	-1.28	1.34	-10.00	-940.00	10.00	-0.43	0.18	0.85	-20.00	-1040.00	-30.00	0.30	-0.91	0.67	30.00	-1020.00	70.00	-1.16	-1.10	0.67
-140.00	-1060.00	100.00	0.37	-1.28	1.34	-10.00	-930.00	10.00	-0.43	0.18	0.73	-20.00	-1030.00	-30.00	0.24	-0.30	0.67	30.00	-1020.00	70.00	-1.16	-1.10	0.67
-140.00	-1050.00	110.00	0.37	-1.34	1.28	-10.00	-930.00	10.00	-0.37	0.18	0.85	-10.00	-1030.00	-30.00	0.24	-0.30	0.67	30.00	-1020.00	70.00	-1.34	-0.85	0.73
-140.00	-1050.00	110.00	0.73	-1.46	1.04	-10.00	-930.00	10.00	-0.55	0.24	0.85	-10.00	-1030.00	-30.00	-0.06	0.43	0.37	30.00	-1020.00	60.00	-1.28	0.00	0.79
-140.00	-1050.00	110.00	0.61	-1.40	1.16	-10.00	-930.00	10.00	-0.61	0.30	0.85	-10.00	-1040.00	-30.00	-0.30	0.37	0.37	40.00	-1020.00	70.00	-1.28	0.00	0.79
-150.00	-1050.00	110.00	0.61	-1.40	1.16	-10.00	-930.00	10.00	-0.67	0.43	0.91	-10.00	-1040.00	-30.00	-0.30	0.37	0.37	40.00	-1020.00	60.00	-1.28	0.00	0.79
-140.00	-1050.00	110.00	0.30	-0.79	1.95	-10.00	-930.00	10.00	-0.55	0.24	1.04	-10.00	-1040.00	-30.00	-0.30	0.37	0.37	40.00	-1020.00	70.00	-1.22	0.00	0.85
-140.00	-1050.00	110.00	0.30	-0.79	1.95	-10.00	-930.00	20.00	-0.49	0.06	1.40	-20.00	-1040.00	-30.00	-0.73	0.00	0.67	40.00	-1020.00	80.00	-1.16	-0.18	0.79
-140.00	-1050.00	100.00	0.18	-0.91	1.95	-10.00	-940.00	20.00	-0.43	-0.06	1.52	-10.00	-1030.00	-20.00	-0.73	0.00	0.67	40.00	-1020.00	80.00	-1.16	-0.18	0.79
-140.00	-1050.00	100.00	0.06	-1.22	1.71	-10.00	-930.00	10.00	-0.43	-0.24	1.65	-10.00	-1030.00	-20.00	-0.73	0.00	0.67	40.00	-1030.00	70.00	-1.22	-0.55	0.79
-150.00	-1050.00	100.00	0.06	-1.22	1.71	-10.00	-940.00	10.00	-0.49	-0.30	1.71	-10.00	-1030.00	-20.00	-0.67	-0.30	0.85	30.00	-1030.00	70.00	-1.40	-0.73	0.67
-150.00	-1050.00	100.00	0.06	-1.22	1.71	-0.00	-940.00	10.00	-0.61	-0.30	1.40	-20.00	-1030.00	-40.00	-0.73	-0.12	0.85	30.00	-1030.00	70.00	-1.52	-0.85	0.61
-140.00	-1050.00	110.00	0.12	-1.16	1.59	-0.00	-930.00	10.00	-0.85	-0.12	1.28	-10.00	-1030.00	-40.00	-0.73	-0.12	0.85	30.00	-1020.00	60.00	-1.52	-0.85	0.61
-140.00	-1050.00	110.00	-0.12	-0.91	1.59	-10.00	-940.00	10.00	-0.73	0.00	1.22	-10.00	-1030.00	-40.00	-0.73	-0.12	0.85	30.00	-1030.00	60.00	-1.46	-0.61	0.61
-140.00	-1050.00	110.00	-0.12	-0.91	1.59	-10.00	-940.00	10.00	-0.91	0.06	1.16	-20.00	-1030.00	-30.00	-1.04	0.43	0.55	30.00	-1020.00	60.00	-1.65	-0.30	0.67
-140.00	-1050.00	100.00	-0.24	-0.67	1.65	-10.00	-940.00	20.00	-0.91	0.06	1.16	-20.00	-1040.00	-30.00	-1.04	0.43	0.55	30.00	-1020.00	60.00	-1.65	-0.30	0.67
-140.00	-1060.00	100.00	-0.30	-0.67	1.65	-20.00	-940.00	20.00	-0.73	-0.06	1.16	-20.00	-1040.00	-30.00	-1.04	0.43	0.55	40.00	-1020.00	60.00	-1.65	-0.30	0.67
-140.00	-1060.00	100.00	0.06	-1.22	1.22	-20.00	-930.00	10.00	-0.79	-0.18	1.22	-20.00	-1040.00	-30.00	-1.10	0.37	0.30	40.00	-1020.00	70.00	-1.59	-0.06	0.73
-150.00	-1060.00	100.00	0.06	-1.22	1.22	-10.00	-940.00	10.00	-0.55	-0.24	1.22	-20.00	-1030.00	-20.00	-1.16	0.24	0.24	40.00	-1020.00	70.00	-1.65	-0.24	0.67
-140.00	-1050.00	110.00	0.12	-1.34	1.10	-10.00	-940.00	10.00	-0.43	-0.24	1.10	-20.00	-1030.00	-20.00	-1.16	0.24	0.24	40.00	-1020.00	70.00	-1.65	-0.24	0.67
-140.00	-1050.00	110.00	0.06	-0.91	1.16	-10.00	-940.00	20.00	-0.43	-0.37	0.85	-20.00	-1030.00	-20.00	-1.16	0.24	0.24	40.00	-1020.00	70.00	-1.52	-0.55	0.30
-150.00	-1050.00	100.00	0.06	-0.91	1.16	-10.00	-940.00	10.00	-0.43	-0.30	0.73	-20.00	-1030.00	-30.00	-1.16	0.24	0.24	40.00	-1020.00	70.00	-1.52	-0.55	0.30
-150.00	-1050.00	100.00	0.06	-0.91	1.16	-10.00	-930.00	10.00	-0.49	-0.18	0.67	-10.00	-1030.00	-40.00	-1.16	0.24	0.24	40.00	-1020.00	70.00	-1.52	-0.61	0.24
-150.00	-1050.00	100.00	-0.06	-0.79	1.10	-10.00	-930.00	0.00	-0.61	-0.06	0.55	-10.00	-1030.00	-40.00	-0.61	0.30	0.24	30.00	-1030.00	60.00	-1.52	-0.61	0.24
-150.00	-1050.00	100.00	-0.12	-0.67	1.40	-10.00	-930.00	10.00	-0.61	-0.06	0.55	-10.00	-1030.00	-40.00	-0.61	0.30	0.24	30.00	-1030.00	60.00	-1.46	-0.67	0.30
-140.00	-1050.00	110.00	-0.12	-0.67	1.40	-10.00	-930.00	10.00	-0.55	0.06	0.67	-10.00	-1030.00	-30.00	-0.61	0.30	0.24	30.00	-1030.00	60.00	-1.65	-0.61	0.37
-140.00	-1050.00	100.00	-0.12	-0.79	1.52	-10.00	-930.00	10.00	-0.67	-0.12	0.79	-10.00	-1030.00	-30.00	-0.61	0.30	0.24	30.00	-1030.00	60.00	-1.65	-0.61	0.37
-140.00	-1050.00	100.00	-0.12	-0.73	1.40	-20.00	-930.00	10.00	-0.55	-0.18	0.85	-10.00	-1030.00	-30.00	-0.67	0.55	0.12	40.00	-1020.00	60.00	-1.52	-0.61	0.55
-140.00	-1050.00	100.00	-0.12	-0.73	1.40	-10.00	-930.00	10.00	-0.49	-0.24	0.85	-20.00	-1040.00	-40.00	-0.67	0.55	0.12	30.00	-1030.00	60.00	-1.52	-0.61	0.55
-140.00	-1050.00	100.00	-0.12	-0.73	1.40	-10.00	-930.00	10.00	-0.55	-0.18	0.79	-20.00	-1040.00	-30.00	-0.67	0.55	0.12	30.00	-1030.00	60.00	-1.52	-0.30	0.61
-140.00	-1050.00	110.00	-0.12	-0.73	1.46	-10.00	-940.00	10.00	-0.49	-0.12	0.79	-20.00	-1040.00	-30.00	-0.79	0.43	-0.24	30.00	-1030.00	70.00	-1.52	-0.30	0.61
-140.00	-1050.00	110.00	-0.12	-0.61	1.28	-10.00	-930.00	10.00	-0.43	0.06	0.73	-20.00	-1040.00	-30.00	-0.79	0.43	-0.24	30.00	-1030.00	70.00	-1.34	-0.18	0.55
-140.00	-1050.00	110.00	-0.12	-0.61	1.28	-10.00	-930.00	10.00	-0.49	0.06	0.67	-20.00	-1040.00	-30.00	-0.79	0.43	-0.24	40.00	-1020.00	60.00	-1.34	-0.18	0.55
-140.00	-1050.00	100.00	-0.12	-0.61	1.28	-10.00	-940.00	10.00	-0.67	0.06	0.37	-20.00	-1040.00	-30.00	-0.79	0.43	-0.30	40.00	-1020.00	60.00	-1.22	-0.12	0.49
-140.00	-1050.00	100.00	-0.06	-0.79	1.04	-20.00	-940.00	20.00	-0.73	0.00	0.30	-20.00	-1040.00	-30.00	-0.79	0.24	-0.30	40.00	-1030.00	60.00	-1.16	-0.43	0.18
-140.00	-1050.00	100.00	-0.06	-0.91	0.85	-10.00	-940.00	10.00	-0.73	-0.06	0.24	-20.00	-1030.00	-30.00	-0.79	0.24	-0.30	40.00	-1030.00	60.00	-1.16	-0.43	0.18
-150.00	-1050.00	100.00	-0.06	-0.91	0.85	-10.00	-940.00	10.00	-0.61	0.06	0.30	-20.00	-1030.00	-30.00	-0.79	0.24	-0.30	30.00	-1030.00	60.00	-1.16	-0.43	0.18
-140.00	-1050.00	100.00	-0.06	-0.91	0.85	-10.00	-930.00	10.00	-0.61	0.06	0.30	-20.00	-1030.00	-30.00	-0.85	0.30	-0.30	30.00	-1030.00	60.00	-1.22	-0.55	-0.06
-140.00	-1050.00	100.00	0.12	-0.85	0.98	-10.00	-930.00	10.00	-0.79	0.18	0.55	-20.00	-1030.00	-40.00	-0.85	0.30	-0.30	30.00	-1030.00	60.00	-1.10	-0.12	0.12
-140.00	-1050.00	100.00	0.43	-1.04	1.16	-10.00	-930.00	10.00	-0.67	0.18	0.67	-20.00	-1030.00	-30.00	-0.85	0.30	-0.30	30.00	-1020.00	60.00	-1.10	-0.12	0.12
-150.00	-1050.00	100.00	0.49	-0.98	0.91	-10.00	-930.00	10.00	-0.73	0.00	0.79	-20.00	-1030.00	-30.00	-0.85	0.30	-0.30	30.00	-1020.00	60.00	-1.10	-0.12	0.12
-150.00	-1050.00	100.00	0.49	-0.91	0.98	-10.00	-930.00	10.00	-0.67	-0.06	0.73	-20.00	-1030.00	-30.00	-0.73	0.49	-0.24	30.00	-1020.00	60.00	-0.98	-0.24	0.12
-150.00	-1050.00	100.00	0.49	-0.91	0.98	-10.00	-940.00	10.00	-0.61	0.12	0.61	-20.00	-1040.00	-30.00	-0.73	0.49	-0.24	30.00	-1020.00	60.00	-0.98	-0.24	0.12
-150.00	-1040.00	110.00	0.49	-0.91	0.98	-10.00	-930.00	10.00	-0.55	0.12	0.43	-20.00	-1040.00	-30.00	-0.73	0.49	-0.24	30.00	-1020.00	60.00	-0.98	-0.30	0.24
-140.00	-1050.00	110.00	0.12	-0.55	1.59	-10.00	-940.00	10.00	-0.55	0.18	0.30	-20.00	-1040.00	-30.00	-1.04	0.43	-0.06	40.00	-1020.00	60.00	-1.16	-0.30	0.30
-140.00	-1050.00	110.00	0.12	-0.73	1.65	-0.00	-930.00	10.00	-0.61	0.37	0.24	-20.00	-1040.00	-30.00	-1.04	0.43	-0.06	30.00	-1020.00	60.00	-1.16	-0.30	0.30
-140.00	-1050.00	110.00	0.12	-0.73	1.65	-10.00	-930.00	10.00	-0.79	0.24	0.24	-20.00	-1030.00	-30.00	-1.04	0.43	-0.06	30.00	-1020.00	60.00	-1.16	-0.37	0.37
-140.00	-1060.00	100.00	-0.06	-0.61	2.01	-20.00	-930.00	10.00	-0.73	0.24	0.43	-20.00	-1030.00	-30.00	-1.04	0.43	-0.06	30.00	-1030.00	60.00	-1.10	-0.49	0.43
-150.00	-1050.00	100.00	-0.12	-0.73	2.01	-10.00	-930.00	10.00	-0.73	0.18	0.67	-20.00	-1030.00	-30.00	-0.98	0.37	0.00	30.00	-1030.00	60.00	-1.10	-0.49	0.43
-150.00	-1050.00	100.00	0.00	-0.91	1.89	-10.00	-940.00	10.00	-0.67	0.18	0.85	-20.00	-1030.00	-30.00	-0.98	0.37	0.00	30.00	-1030.00	60.00	-1.10	-0.49	0.43
-150.00	-1050.00	100.00	0.00	-0.91	1.89	-10.00	-940.00	10.00	-0.73	0.18	1.10	-20.00	-1030.00	-30.00	1.89	-2.20	0.61	40.00	-1020.00	60.00	-0.98	-1.10	0.79
-140.00	-1050.00	100.00	-0.37	-0.91	1.95	-10.00	-930.00	10.00	-0.67	0.00	1.40	-20.00	-1030.00	-30.00	1.89	-2.20	0.61	40.00	-1020.00	60.00	-1.65	-0.49	0.91
-140.00	-1050.00	100.00	-0.49	-0.79	1.89	-10.00	-940.00	10.00	-0.61	-0.30	1.40	-20.00	-1030.00	-30.00	1.89	-2.20	0.61	40.00	-1020.00	60.00	-1.65	-0.49	0.91
-140.00	-1060.00	110.00	-0.49	-0.79	1.89	-0.00	-930.00	10.00	-0.55	-0.43	1.34	-20.00	-1030.00	-30.00	1.10	-0.30	0.06	40.00	-1030.00	70.00	-1.83	-0.24	1.04
-140.00	-1050.00	100.00	-0.49	-0.79	1.89	-10.00	-940.00	10.00	-0.67	-0.55	1.28	-20.00	-1030.00	-30.00	1.10	-0.30	0.06	50.00	-1030.00	80.00	-1.83	-0.24	1.04
-140.00	-1050.00	110.00	-0.61	-0.55	1.89	-0.00	-940.00	10.00	-0.49	-0.49	1.28	-20.00	-1030.00	-30.00	1.10	-0.30	0.06	50.00	-1030.00	80.00	-2.26	-1.89	0.37
-140.00	-1050.00	110.00	-0.79	-0.73	1.89	-0.00	-940.00	10.00	-0.55	-0.49	1.22	-20.00	-1040.00	-30.00	0.49	-2.74	0.85	40.00	-1020.00	90.00	-2.26	-1.89	0.37
-150.00	-1050.00	110.00	-0.79	-0.73	1.89	-10.00	-940.00	10.00	-0.55	-0.61	1.28	-20.00	-1040.00	-30.00	0.49	-2.74	0.85	40.00	-1020.00	70.00	-2.26	-1.89	0.37
-140.00	-1050.00	100.00	-0.79	-1.04	1.95	-10.00	-930.00	10.00	-0.55	-0.67	1.46	-20.00	-1040.00	-10.00	-0.06	-2.44	0.85	40.00	-1020.00	60.00	-2.26	-1.89	0.37
-140.00	-1050.00	100.00	-0.79	-1.04	1.95	-10.00	-940.00	10.00	-0.43	-0.91	1.59	-20.00	-1040.00	-10.00	-0.06	-2.44	0.85	30.00	-1020.00	50.00	-2.01	-2.13	0.61
-140.00	-1050.00	100.00	-0.85	-0.73	2.01	-10.00	-940.00	10.00	-0.30	-0.85	1.52	-20.00	-1040.00	-10.00	-0.67	-0.55	0.43	30.00	-1020.00	50.00	-2.50	-1.40	0.49
-150.00	-1050.00	100.00	-0.73	-0.67	1.95	-10.00	-930.00	10.00	-0.30	-0.91	1.52	-10.00	-1030.00	-30.00	-0.85	0.00	0.24	30.00	-1020.00	50.00	-2.50	-1.40	0.49
-150.00	-1050.00	100.00	-0.73	-0.67	1.95	-10.00	-940.00	10.00	-0.18	-1.04	1.59	-10.00	-1030.00	-30.00	-0.85	0.00	0.24	30.00	-1030.00	50.00	-2.01	-0.37	0.91
-150.00	-1050.00	100.00	-1.10	-0.67	1.34	-10.00	-940.00	10.00	-0.24	-0.79	1.52	-10.00	-1030.00	-30.00	-1.22	-0.37	0.30	40.00	-1030.00	60.00	-2.01	-0.55	0.73
-140.00	-1050.00	100.00	-0.91	-0.73	0.98	-10.00	-940.00	10.00	-0.37	-0.79	1.52	-20.00	-1030.00	-40.00	-1.22	-0.37	0.30	40.00	-1030.00	60.00	-2.01	-0.55	0.73
-140.00	-1060.00	100.00	-0.91	-0.73	0.98	-0.00	-940.00	10.00	-0.37	-0.73	1.34	-20.00	-1050.00	-20.00	-1.10	0.12	0.00	30.00	-1020.00	70.00	-2.01	-0.55	0.73
-140.00	-1060.00	100.00	-0.30	-0.73	0.43	-20.00	-940.00	10.00	-0.49	-0.49	1.04	-20.00	-1050.00	-20.00	-1.10	0.12	0.00	30.00	-1020.00	60.00	-2.26	-1.10	0.12
-140.00	-1060.00	100.00	-0.30	-0.73	0.43	-10.00	-930.00	10.00	-0.61	-0.43	0.73	-30.00	-1030.00	-30.00	-1.04	0.49	-0.18	30.00	-1020.00	60.00	-2.26	-1.10	0.12
-140.00	-1050.00	110.00	-0.85	0.37	-0.12	-10.00	-930.00	10.00	-0.67	-0.43	0.49	-20.00	-1030.00	-30.00	-1.04	0.37	-0.06	30.00	-1020.00	60.00	-2.26	-1.10	0.12
-150.00	-1050.00	110.00	-0.85	0.37	-0.12	-20.00	-930.00	10.00	-0.79	-0.30	0.18	-20.00	-1030.00	-30.00	-1.04	0.37	-0.06	30.00	-1020.00	60.00	-1.52	-0.49	0.06
-150.00	-1050.00	110.00	-5.12	7.32	-4.21	-20.00	-930.00	10.00	-0.73	-0.30	-0.18	-20.00	-1030.00	-40.00	-1.04	0.37	-0.06	30.00	-1030.00	50.00	-1.34	-0.49	0.12
-150.00	-1040.00	100.00	-4.51	8.72	-4.82	-20.00	-930.00	10.00	0.49	-4.21	-1.34	-20.00	-1030.00	-40.00	-1.28	0.24	0.43	30.00	-1030.00	50.00	-1.34	-0.49	0.12
-150.00	-1040.00	100.00	-4.51	8.72	-4.82	-20.00	-930.00	10.00	4.57	-14.27	-3.96	-20.00	-1020.00	-40.00	-1.46	0.43	0.49	30.00	-1020.00	50.00	-1.34	-0.12	0.30
-150.00	-1040.00	100.00	-3.41	13.11	-6.71	-20.00	-930.00	0.00	5.67	-20.79	-5.49	-20.00	-1030.00	-40.00	-1.46	0.43	0.49	30.00	-1020.00	50.00	-1.71	-0.12	0.43
-150.00	-1040.00	100.00	-3.41	13.11	-6.71	-20.00	-930.00	10.00	6.22	-25.85	-7.01	-20.00	-1030.00	-40.00	-1.89	0.85	1.04	30.00	-1020.00	50.00	-1.71	-0.12	0.43
-150.00	-1040.00	100.00	-3.35	13.29	-6.10	-10.00	-930.00	30.00	6.77	-33.41	-8.72	-20.00	-1030.00	-40.00	-2.13	1.16	1.71	30.00	-1030.00	50.00	-1.71	-0.12	0.43
-150.00	-1040.00	100.00	-3.35	13.29	-6.10	20.00	-950.00	70.00	6.46	-37.32	-9.21	-20.00	-1040.00	-30.00	-2.13	1.16	1.71	40.00	-1030.00	60.00	-1.65	0.06	0.67
-140.00	-1050.00	100.00	-1.52	11.46	-3.60	-10.00	-930.00	10.00	6.28	-34.02	-8.35	-20.00	-1040.00	-30.00	-2.13	1.16	1.71	40.00	-1030.00	60.00	-1.52	0.12	0.98
-140.00	-1050.00	100.00	-1.52	11.46	-3.60	0.00	-930.00	50.00	6.40	-28.05	-7.68	-20.00	-1040.00	-30.00	-2.32	1.83	3.29	40.00	-1030.00	60.00	-1.52	0.12	0.98
-140.00	-1050.00	110.00	-0.98	10.37	-3.05	10.00	-950.00	60.00	5.06	-20.30	-6.83	-20.00	-1040.00	-40.00	-2.32	1.65	4.33	30.00	-1020.00	60.00	-1.77	0.37	1.95
-140.00	-1050.00	110.00	-0.49	10.55	-3.66	-10.00	-910.00	-10.00	2.74	-10.98	-6.16	-20.00	-1040.00	-40.00	-2.32	1.65	4.33	40.00	-1030.00	50.00	-1.77	0.37	1.95
-130.00	-1050.00	100.00	-0.49	10.55	-3.66	-10.00	-910.00	0.00	1.40	-11.40	-6.83	-20.00	-1040.00	-40.00	-3.05	-0.61	6.95	40.00	-1030.00	50.00	-1.83	0.24	2.50
-130.00	-1050.00	100.00	-0.49	10.55	-3.66	-40.00	-910.00	0.00	0.49	-9.15	-7.50	-20.00	-1040.00	-40.00	-3.78	-2.26	8.60	30.00	-1030.00	50.00	-1.59	-0.30	4.33
-140.00	-1030.00	100.00	-0.12	10.18	-4.09	-40.00	-920.00	10.00	-0.61	-6.16	-8.41	-10.00	-1040.00	-30.00	-3.78	-2.26	8.60	40.00	-1030.00	60.00	-1.59	-0.30	4.33
-140.00	-1030.00	100.00	-0.91	9.51	-5.06	-20.00	-960.00	30.00	-1.46	-3.35	-9.21	-20.00	-1040.00	-40.00	-3.78	-2.26	8.60	40.00	-1030.00	60.00	-1.77	-0.12	5.55
-140.00	-1020.00	100.00	-0.91	9.51	-5.06	-10.00	-930.00	20.00	-1.83	-0.98	-9.88	-20.00	-1040.00	-40.00	-3.23	-4.39	14.21	40.00	-1030.00	60.00	-2.93	-0.61	7.50
-150.00	-1020.00	110.00	-1.34	9.33	-5.67	-70.00	-910.00	10.00	-2.38	0.06	-10.24	-10.00	-1050.00	-50.00	-3.23	-4.39	14.21	40.00	-1040.00	50.00	-2.93	-0.61	7.50
-150.00	-1020.00	110.00	-2.68	9.82	-5.12	-40.00	-920.00	20.00	-2.99	2.20	-9.76	-10.00	-1050.00	-40.00	-3.23	-4.39	14.21	40.00	-1040.00	40.00	-4.09	-0.61	8.11
-150.00	-1040.00	110.00	-2.68	9.82	-5.12	-10.00	-960.00	50.00	-3.29	1.77	-9.02	-10.00	-1050.00	-40.00	-2.62	-4.63	16.52	40.00	-1040.00	40.00	-4.09	-0.61	8.11
-150.00	-1040.00	110.00	-2.68	9.82	-5.12	-20.00	-940.00	50.00	-3.84	1.46	-7.87	-10.00	-1050.00	-40.00	-7.68	-8.17	24.33	40.00	-1030.00	50.00	-4.94	-1.04	9.57
-160.00	-1030.00	110.00	-2.74	8.96	-4.51	-30.00	-930.00	20.00	-3.23	1.16	-6.52	-10.00	-1040.00	-30.00	-7.68	-8.17	24.33	40.00	-1030.00	60.00	-4.94	-1.04	9.57
-160.00	-1030.00	110.00	-3.60	9.27	-2.93	20.00	-950.00	20.00	-2.87	0.55	-5.00	-10.00	-1040.00	-30.00	-7.68	-8.17	24.33	40.00	-1030.00	60.00	-5.00	-1.10	10.49
-150.00	-1030.00	100.00	-3.60	9.27	-2.93	10.00	-930.00	10.00	-1.83	-0.91	-3.54	-10.00	-1040.00	-30.00	-7.62	-7.87	24.76	30.00	-1020.00	60.00	-6.77	-1.95	10.91
-150.00	-1040.00	120.00	-3.60	9.27	-2.93	50.00	-950.00	10.00	-0.61	1.46	-1.83	-20.00	-1040.00	-40.00	-7.56	-7.44	25.79	30.00	-1020.00	60.00	-6.77	-1.95	10.91
-150.00	-1040.00	120.00	-0.67	4.82	0.55	10.00	-920.00	-0.00	1.10	-1.22	-0.18	-20.00	-1040.00	-20.00	-7.56	-7.44	25.79	20.00	-1030.00	60.00	-6.77	-1.95	10.91
-150.00	-1040.00	120.00	-0.67	4.82	0.55	50.00	-940.00	-20.00	2.44	-1.46	1.59	-20.00	-1040.00	-20.00	-8.11	-7.32	26.04	30.00	-1020.00	80.00	-7.74	-2.32	10.67
-140.00	-1050.00	120.00	-0.67	4.82	0.55	40.00	-940.00	-30.00	3.54	-0.30	3.17	-20.00	-1040.00	-20.00	-8.05	-8.05	27.44	30.00	-1020.00	80.00	-8.66	-2.93	10.24
-130.00	-1060.00	90.00	0.24	3.48	2.20	50.00	-940.00	-30.00	4.21	0.49	4.88	-50.00	-1030.00	-30.00	-8.05	-8.05	27.44	20.00	-1010.00	70.00	-8.66	-2.93	10.24
-130.00	-1060.00	90.00	2.74	0.49	4.82	60.00	-930.00	-30.00	4.88	1.16	6.52	-60.00	-1020.00	-40.00	-8.11	-8.78	28.54	20.00	-1010.00	70.00	-8.66	-2.93	10.24
-130.00	-1060.00	90.00	2.74	0.49	4.82	50.00	-950.00	-20.00	6.04	1.34	7.99	-60.00	-1020.00	-40.00	-8.23	-10.30	29.15	10.00	-1010.00	60.00	-8.41	-3.29	10.55
-120.00	-1080.00	50.00	2.74	0.49	4.82	50.00	-940.00	-0.00	7.44	1.46	9.70	-70.00	-1020.00	-40.00	-8.23	-10.30	29.15	10.00	-1010.00	60.00	-8.41	-3.29	10.55
-120.00	-1080.00	50.00	5.12	-2.38	8.35	50.00	-950.00	-0.00	8.84	1.65	11.65	-80.00	-1010.00	-50.00	-8.17	-10.91	28.84	10.00	-1010.00	60.00	-8.41	-3.29	10.55
-120.00	-1080.00	50.00	5.12	-2.38	8.35	40.00	-950.00	0.00	10.24	1.89	13.60	-80.00	-1010.00	-50.00	-8.41	-15.00	26.95	10.00	-1020.00	50.00	-8.17	-3.35	10.55
-110.00	-1080.00	40.00	5.12	-2.38	8.35	50.00	-950.00	-0.00	11.95	3.05	15.79	-80.00	-1010.00	-50.00	-8.41	-15.00	26.95	10.00	-1020.00	50.00	-7.68	-2.87	10.55
-90.00	-1080.00	40.00	5.12	-2.38	8.35	60.00	-950.00	-0.00	13.35	4.09	17.80	-80.00	-1030.00	-60.00	-8.41	-15.00	26.95	10.00	-1020.00	50.00	-7.68	-2.87	10.55
-90.00	-1080.00	40.00	7.26	-3.35	13.54	70.00	-970.00	10.00	14.82	5.24	19.88	-90.00	-1020.00	-70.00	-7.99	-19.45	24.09	10.00	-1010.00	60.00	-7.68	-2.87	10.55
-90.00	-1080.00	40.00	7.26	-3.35	13.54	40.00	-990.00	30.00	15.37	7.87	22.26	-90.00	-1020.00	-70.00	-8.11	-20.06	23.17	10.00	-1010.00	40.00	-5.43	-2.93	11.46
-100.00	-1090.00	70.00	7.26	-3.35	13.54	50.00	-980.00	20.00	16.59	11.83	25.43	-100.00	-1020.00	-70.00	-8.11	-20.06	23.17	10.00	-1010.00	40.00	-5.43	-2.93	11.46
-100.00	-1090.00	70.00	9.63	-3.66	17.20	30.00	-980.00	0.00	18.90	14.88	28.23	-100.00	-1010.00	-50.00	-7.56	-18.11	21.65	10.00	-1010.00	40.00	-5.43	-2.93	11.46
-100.00	-1090.00	70.00	18.66	-6.77	26.59	10.00	-990.00	10.00	20.98	15.49	30.79	-100.00	-1010.00	-50.00	-5.24	-16.16	20.12	0.00	-1020.00	30.00	-4.21	-1.71	11.22
-120.00	-1090.00	60.00	33.17	-7.93	42.07	30.00	-970.00	0.00	24.02	15.12	34.21	-100.00	-1010.00	-50.00	-5.24	-16.16	20.12	0.00	-1020.00	30.00	-1.46	1.95	13.11
-100.00	-1110.00	60.00	33.17	-7.93	42.07	0.00	-980.00	-10.00	25.85	14.63	38.35	-120.00	-1010.00	-80.00	-0.61	-24.15	19.70	0.00	-1020.00	30.00	-1.46	1.95	13.11
-100.00	-1110.00	60.00	33.17	-7.93	42.07	10.00	-990.00	0.00	26.16	13.54	43.11	-130.00	-1000.00	-100.00	-0.61	-24.15	19.70	0.00	-1020.00	20.00	-0.30	4.21	13.84
-100.00	-1110.00	60.00	39.88	-6.46	58.60	-10.00	-1000.00	40.00	27.56	12.80	48.29	-130.00	-1000.00	-100.00	1.04	-24.33	20.73	-0.00	-1020.00	30.00	0.98	18.23	16.40
-90.00	-1130.00	80.00	39.88	-6.46	58.60	20.00	-1050.00	50.00	28.35	11.34	54.45	-150.00	-1000.00	-90.00	2.80	-24.51	21.04	-0.00	-1020.00	30.00	0.98	18.23	16.40
-90.00	-1130.00	80.00	39.88	-6.46	58.60	30.00	-1060.00	60.00	27.68	9.70	60.73	-170.00	-980.00	-130.00	3.54	-17.07	14.70	0.00	-1020.00	20.00	1.10	13.35	15.12
-90.00	-1130.00	80.00	44.09	-8.17	76.04	40.00	-1080.00	80.00	28.29	7.74	70.43	-170.00	-980.00	-130.00	3.54	-17.07	14.70	-20.00	-1010.00	20.00	-1.65	14.63	10.00
-90.00	-1130.00	80.00	46.22	-8.48	86.89	50.00	-1140.00	100.00	29.09	5.12	80.55	-170.00	-980.00	-130.00	2.99	-13.54	11.40	-20.00	-1010.00	20.00	-1.34	11.65	7.01
-140.00	-1190.00	70.00	46.22	-8.48	86.89	100.00	-1160.00	60.00	31.04	3.60	92.62	-160.00	-1010.00	-110.00	2.99	-13.54	11.40	-10.00	-1010.00	10.00	1.65	13.72	4.27
-110.00	-1190.00	130.00	46.22	-8.48	86.89	110.00	-1160.00	50.00	30.18	2.38	103.90	-160.00	-1010.00	-110.00	4.02	-7.13	6.77	10.00	-1030.00	-20.00	6.59	13.72	4.51
-110.00	-1200.00	140.00	51.34	-8.66	107.62	170.00	-1200.00	40.00	32.99	2.68	116.16	-160.00	-1010.00	-110.00	5.12	-7.93	5.06	-60.00	-990.00	20.00	5.73	16.40	3.84
-110.00	-1200.00	140.00	51.16	-10.37	119.45	150.00	-1290.00	70.00	31.71	-0.30	128.78	-150.00	-1030.00	-90.00	5.12	-7.93	5.06	-30.00	-1010.00	-20.00	3.11	19.76	3.05
-60.00	-1280.00	120.00	51.16	-10.37	119.45	180.00	-1230.00	80.00	32.32	-2.56	141.59	-150.00	-1030.00	-90.00	7.44	-8.41	3.72	-50.00	-1040.00	-20.00	7.32	15.00	0.85
-30.00	-1360.00	110.00	50.73	-13.78	142.87	200.00	-1300.00	110.00	33.78	-5.00	156.22	-150.00	-1050.00	-60.00	7.44	-8.41	3.72	-10.00	-1050.00	-40.00	8.54	12.26	0.24
-30.00	-1360.00	110.00	51.10	-16.10	154.88	230.00	-1320.00	100.00	31.89	-7.74	171.46	-200.00	-1010.00	-10.00	8.72	-8.84	3.96	-20.00	-1080.00	-10.00	8.29	7.32	1.89
-30.00	-1360.00	110.00	51.10	-16.10	154.88	250.00	-1300.00	110.00	29.88	-9.51	186.04	-230.00	-1030.00	-40.00	8.72	-8.84	3.96	-30.00	-1040.00	0.00	8.29	4.33	2.07
-10.00	-1410.00	130.00	52.07	-22.01	179.33	290.00	-1360.00	120.00	30.79	-15.55	203.11	-240.00	-1030.00	-40.00	10.98	-9.09	6.40	-20.00	-1080.00	-30.00	5.85	3.35	0.85
30.00	-1450.00	140.00	54.45	-27.13	190.91	340.00	-1360.00	80.00	32.13	-19.02	221.10	-240.00	-1030.00	-40.00	12.07	-11.59	7.74	-60.00	-1050.00	20.00	4.63	2.32	-1.04
30.00	-1450.00	140.00	54.45	-27.13	190.91	410.00	-1380.00	60.00	31.59	-27.13	234.51	-210.00	-1000.00	-80.00	12.07	-11.59	7.74	-20.00	-1040.00	70.00	5.61	-0.49	-2.07
0.00	-1480.00	150.00	54.94	-36.77	209.09	440.00	-1370.00	-10.00	32.01	-39.88	242.01	-210.00	-1000.00	-80.00	12.01	-10.12	8.72	-20.00	-1030.00	70.00	7.01	-1.46	-2.38
70.00	-1520.00	160.00	54.94	-36.77	209.09	440.00	-1380.00	-110.00	30.61	-53.90	244.15	-200.00	-1000.00	-70.00	11.34	-9.88	8.66	-40.00	-1010.00	80.00	7.38	-0.79	-2.50
70.00	-1520.00	160.00	54.63	-39.45	214.82	370.00	-1450.00	-250.00	35.85	-72.80	241.83	-200.00	-1000.00	-70.00	11.34	-9.88	8.66	-50.00	-1000.00	100.00	7.38	0.24	-2.50
70.00	-1520.00	160.00	54.63	-39.45	214.82	180.00	-1520.00	-280.00	39.88	-99.51	231.71	-190.00	-990.00	-90.00	11.34	-9.88	8.66	-60.00	-1020.00	70.00	7.74	-1.65	-3.54
130.00	-1560.00	130.00	62.26	-54.09	214.76	-40.00	-1500.00	-270.00	37.01	-120.79	214.33	-190.00	-1000.00	-90.00	8.72	-6.77	8.23	-50.00	-1020.00	60.00	8.84	-2.68	-3.35
190.00	-1580.00	100.00	62.26	-54.09	214.76	-70.00	-1380.00	-240.00	30.79	-112.68	190.85	-190.00	-1000.00	-90.00	8.48	-7.68	8.35	-50.00	-1030.00	70.00	10.12	-2.56	-2.93
190.00	-1580.00	100.00	56.28	-55.30	202.26	-20.00	-1360.00	-230.00	20.30	-98.11	157.56	-180.00	-1040.00	-80.00	8.48	-7.68	8.35	-30.00	-1020.00	50.00	11.34	-3.90	-2.68
210.00	-1650.00	-90.00	34.82	-58.54	151.46	40.00	-1300.00	-260.00	12.68	-93.17	109.51	-180.00	-1040.00	-80.00	8.17	-11.65	10.73	-40.00	-1030.00	40.00	12.50	-4.21	-1.83
210.00	-1650.00	-90.00	34.82	-58.54	151.46	-60.00	-1180.00	-280.00	10.06	-88.29	36.59	-210.00	-1050.00	-50.00	1.89	-9.45	13.29	-30.00	-1020.00	40.00	13.41	-2.44	0.00
120.00	-1680.00	-190.00	23.66	-83.05	113.05	-150.00	-930.00	-310.00	-9.70	-83.60	-22.01	-210.00	-1050.00	-50.00	0.00	-6.04	12.07	-40.00	-1000.00	30.00	14.21	-0.12	0.98
120.00	-1680.00	-190.00	23.66	-83.05	113.05	90.00	-520.00	-250.00	-12.13	-80.30	-64.09	-210.00	-1050.00	-0.00	0.00	-6.04	12.07	-30.00	-1030.00	20.00	13.17	2.74	1.83
-220.00	-1730.00	-140.00	11.10	-144.51	0.61	450.00	-530.00	-270.00	-16.65	-65.79	-87.26	-230.00	-1040.00	0.00	-1.04	0.00	11.40	-10.00	-1040.00	10.00	10.37	4.21	3.48
-340.00	-1670.00	-150.00	11.10	-144.51	0.61	880.00	-370.00	-330.00	-15.43	-48.41	-116.77	-230.00	-1040.00	0.00	-1.04	0.00	11.40	20.00	-1070.00	20.00	9.82	7.87	4.09
-340.00	-1670.00	-150.00	-2.01	-116.10	-36.52	560.00	-770.00	-480.00	-35.91	-43.41	-135.73	-170.00	-1060.00	10.00	-1.04	0.00	11.40	10.00	-1080.00	30.00	8.11	9.15	3.90
-100.00	-1300.00	-180.00	-40.43	-61.22	-94.63	620.00	60.00	-160.00	-49.63	-27.01	-154.15	-160.00	-1050.00	50.00	-2.26	0.91	14.88	-20.00	-1030.00	70.00	7.62	5.49	5.67
-100.00	-1300.00	-180.00	-40.43	-61.22	-94.63	790.00	-420.00	-260.00	-66.34	-12.87	-171.59	-160.00	-1050.00	50.00	-3.78	0.85	16.95	20.00	-1040.00	100.00	5.79	4.70	7.80
-140.00	-1050.00	-190.00	-40.43	-61.22	-94.63	630.00	-390.00	-70.00	-78.23	2.07	-187.50	-160.00	-1050.00	50.00	-3.78	0.85	16.95	10.00	-1060.00	100.00	4.57	8.35	9.39
-140.00	-1050.00	-190.00	-56.77	-49.45	-114.57	520.00	-430.00	-150.00	-85.79	15.79	-203.60	-250.00	-1020.00	-30.00	-5.30	0.49	18.60	-40.00	-980.00	110.00	5.12	7.74	10.91
-340.00	-580.00	-260.00	-95.12	-11.10	-156.28	520.00	-450.00	-100.00	-93.66	26.22	-220.06	-250.00	-1020.00	-30.00	-7.07	3.96	19.39	-10.00	-1020.00	140.00	3.11	4.94	10.37
-340.00	-580.00	-260.00	-95.12	-11.10	-156.28	400.00	-440.00	-120.00	-100.61	32.68	-236.34	-250.00	-1020.00	-30.00	-7.07	3.96	19.39	10.00	-1000.00	150.00	1.59	2.87	8.48
-30.00	-430.00	-510.00	-95.12	-11.10	-156.28	370.00	-490.00	-110.00	-107.20	35.61	-251.46	-230.00	-1020.00	-20.00	-7.07	3.96	19.39	-20.00	-980.00	160.00	1.52	1.59	7.50
1040.00	-460.00	-240.00	-132.07	34.94	-205.49	360.00	-550.00	-90.00	-111.28	35.12	-264.51	-230.00	-1030.00	-0.00	-7.13	8.05	21.10	10.00	-1010.00	140.00	0.06	0.98	7.13
1040.00	-460.00	-240.00	-145.43	35.67	-249.88	350.00	-630.00	-70.00	-113.29	32.68	-274.45	-230.00	-1030.00	-0.00	-8.23	7.56	23.23	-40.00	-1010.00	130.00	-1.40	0.55	6.89
1040.00	-460.00	-240.00	-145.43	35.67	-249.88	350.00	-690.00	-40.00	-113.90	29.70	-282.07	-230.00	-1030.00	10.00	-8.23	7.56	23.23	-60.00	-1010.00	100.00	-4.09	-0.49	7.01
740.00	-130.00	-330.00	-145.43	35.67	-249.88	340.00	-760.00	-20.00	-113.54	27.68	-287.26	-220.00	-1020.00	-40.00	-9.88	6.83	26.46	-60.00	-1030.00	70.00	-7.74	-2.01	7.01
740.00	-270.00	-130.00	-145.73	12.32	-275.30	330.00	-850.00	10.00	-112.07	26.52	-290.98	-220.00	-1020.00	-40.00	-11.95	5.98	31.71	-40.00	-1020.00	70.00	-11.16	-3.96	7.56
740.00	-270.00	-130.00	-145.73	12.32	-275.30	310.00	-960.00	40.00	-110.91	25.43	-293.84	-220.00	-1020.00	-40.00	-11.95	5.98	31.71	-40.00	-1030.00	70.00	-13.84	-6.04	8.78
740.00	-270.00	-130.00	-145.73	12.32	-275.30	260.00	-1080.00	70.00	-111.28	25.06	-296.04	-260.00	-1050.00	-50.00	-11.95	5.98	31.71	-40.00	-1010.00	80.00	-11.40	-7.80	10.37
610.00	-430.00	-160.00	-145.73	12.32	-275.30	220.00	-1200.00	90.00	-112.68	24.57	-297.32	-240.00	-1020.00	-60.00	-15.24	4.94	38.41	-50.00	-1000.00	100.00	-7.93	-6.34	12.87
610.00	-430.00	-160.00	-149.63	0.91	-289.09	190.00	-1320.00	80.00	-114.51	26.16	-296.46	-240.00	-1020.00	-60.00	-15.24	4.94	38.41	-50.00	-1000.00	110.00	-8.05	-2.93	15.43
610.00	-430.00	-160.00	-149.63	0.91	-289.09	150.00	-1450.00	30.00	-114.39	32.44	-292.26	-230.00	-1030.00	-40.00	-15.24	4.94	38.41	-30.00	-990.00	110.00	-7.56	-1.59	17.26
530.00	-490.00	-150.00	-149.63	0.91	-289.09	140.00	-1580.00	40.00	-108.66	42.32	-285.55	-240.00	-1020.00	-40.00	-16.59	5.37	40.85	-20.00	-1020.00	100.00	-8.84	-2.38	18.78
240.00	-1030.00	-20.00	-145.24	-15.30	-289.45	130.00	-1670.00	30.00	-100.30	52.56	-278.41	-240.00	-1020.00	-40.00	-18.78	9.33	47.68	-20.00	-1090.00	-0.00	-11.89	-4.02	19.39
240.00	-1030.00	-20.00	-145.24	-15.30	-289.45	100.00	-1710.00	-0.00	-92.99	59.94	-270.61	-240.00	-1020.00	-40.00	-18.78	9.33	47.68	10.00	-1060.00	60.00	-13.41	-5.43	20.18
240.00	-1030.00	-20.00	-145.24	-15.30	-289.45	60.00	-1800.00	-20.00	-87.99	58.60	-263.78	-230.00	-1050.00	-0.00	-18.84	12.07	52.20	-20.00	-1040.00	60.00	-14.39	-5.18	22.44
200.00	-1140.00	20.00	-145.24	-15.30	-289.45	-20.00	-1900.00	10.00	-85.91	60.00	-255.24	-230.00	-1050.00	-0.00	-21.16	17.13	59.76	-40.00	-1020.00	80.00	-14.88	-3.41	25.85
150.00	-1390.00	90.00	-135.98	22.80	-267.32	-80.00	-2000.00	90.00	-84.27	75.67	-241.77	-230.00	-1050.00	-0.00	-21.16	17.13	59.76	-50.00	-1030.00	60.00	-16.46	-1.83	29.02
150.00	-1390.00	90.00	-135.98	22.80	-267.32	-120.00	-2000.00	200.00	-77.13	93.41	-223.78	-250.00	-1040.00	20.00	-21.16	17.13	59.76	-40.00	-1020.00	80.00	-18.41	-1.65	30.79
150.00	-1390.00	90.00	-135.98	22.80	-267.32	-310.00	-2000.00	220.00	-68.78	94.33	-195.91	-290.00	-1020.00	20.00	-20.85	16.10	64.21	-30.00	-1020.00	100.00	-22.38	-0.73	31.22
10.00	-1740.00	70.00	-98.05	37.56	-243.35	-610.00	-1990.00	140.00	-56.52	61.16	-160.00	-290.00	-1020.00	20.00	-18.66	7.26	75.49	-20.00	-1000.00	140.00	-25.30	0.55	32.32
10.00	-1740.00	70.00	-98.05	37.56	-243.35	-860.00	-1790.00	20.00	-59.27	13.72	-114.02	-310.00	-1030.00	-10.00	-18.66	7.26	75.49	-50.00	-990.00	140.00	-26.04	0.85	36.16
10.00	-1740.00	70.00	-98.05	37.56	-243.35	-1050.00	-1610.00	-160.00	-83.72	-7.80	-50.98	-290.00	-1070.00	-30.00	-18.66	7.26	75.49	-60.00	-980.00	130.00	-25.85	1.10	41.59
10.00	-1740.00	70.00	-91.77	52.01	-227.32	-1180.00	-1550.00	-30.00	-65.61	-1.34	11.95	-290.00	-1070.00	-30.00	-21.59	6.40	90.43	-90.00	-980.00	120.00	-22.20	2.20	47.50
120.00	-2000.00	60.00	-88.96	60.37	-198.66	-1560.00	-1640.00	480.00	-10.85	27.44	62.07	-290.00	-1070.00	-30.00	-21.59	6.40	90.43	-70.00	-1010.00	90.00	-16.71	1.28	53.66
120.00	-2000.00	60.00	-28.54	10.18	26.89	-1990.00	-1440.00	620.00	27.80	51.77	97.01	-280.00	-1080.00	-100.00	-21.59	6.40	90.43	-30.00	-1040.00	60.00	-12.01	-0.24	59.63
120.00	-2000.00	60.00	-28.54	10.18	26.89	-2000.00	-960.00	670.00	39.51	54.76	116.83	-300.00	-1100.00	-160.00	-23.41	10.49	93.84	-40.00	-1080.00	40.00	-9.15	-2.26	66.71
-190.00	-2000.00	330.00	-28.54	10.18	26.89	-1760.00	-850.00	610.00	47.74	16.83	133.41	-300.00	-1100.00	-160.00	-23.72	15.12	99.57	-30.00	-1130.00	-10.00	-5.98	-4.45	72.80
-190.00	-2000.00	330.00	22.13	82.01	104.76	-1280.00	-960.00	600.00	-0.12	-20.00	147.80	-300.00	-1110.00	-170.00	-23.72	15.12	99.57	-40.00	-1150.00	-10.00	-3.66	-6.34	77.20
-190.00	-2000.00	330.00	63.84	39.33	141.28	-870.00	-1150.00	490.00	15.49	-12.20	132.68	-370.00	-1110.00	-160.00	-23.72	15.12	99.57	-50.00	-1140.00	-30.00	-3.72	-4.76	83.72
-380.00	-2000.00	360.00	46.52	50.43	139.57	230.00	-1890.00	230.00	39.76	-13.23	172.50	-370.00	-1110.00	-160.00	-23.60	9.57	115.67	-60.00	-1170.00	-30.00	-5.55	0.91	91.28
-770.00	-2000.00	220.00	46.52	50.43	139.57	900.00	-920.00	310.00	30.30	-12.99	226.22	-370.00	-1110.00	-160.00	-23.60	9.57	115.67	-100.00	-1170.00	-40.00	-8.35	6.16	96.95
-770.00	-2000.00	220.00	46.52	50.43	139.57	1870.00	-690.00	-30.00	25.37	4.21	207.93	-410.00	-1130.00	-140.00	-23.60	9.57	115.67	-120.00	-1170.00	-20.00	-15.18	13.84	100.73
-1270.00	-1840.00	100.00	17.44	15.98	203.11	2000.00	-1120.00	-210.00	17.87	13.60	186.16	-470.00	-1170.00	-120.00	-28.17	13.78	124.88	-110.00	-1190.00	0.00	-21.77	17.32	105.24
-1860.00	-1670.00	440.00	17.44	15.98	203.11	220.00	-1330.00	-110.00	9.33	30.79	168.11	-470.00	-1170.00	-120.00	-30.79	9.45	142.26	-140.00	-1230.00	20.00	-25.00	19.94	110.98
-2000.00	-1400.00	980.00	17.44	15.98	203.11	-620.00	-1480.00	390.00	13.90	52.68	126.40	-470.00	-1170.00	-120.00	-30.79	9.45	142.26	-170.00	-1200.00	-10.00	-32.32	22.07	119.45
-990.00	-1540.00	1010.00	10.37	33.29	156.04	-390.00	-1610.00	0.00	12.93	35.49	92.68	-420.00	-1240.00	-270.00	-30.79	9.45	142.26	-100.00	-1280.00	-0.00	-32.26	25.55	127.93
-990.00	-1540.00	1010.00	12.80	38.66	127.01	-270.00	-1230.00	-270.00	3.35	35.61	87.62	-420.00	-1240.00	-270.00	-30.49	22.38	224.39	-130.00	-1350.00	-100.00	-40.12	25.30	141.10
-820.00	-1320.00	630.00	12.80	38.66	127.01	-430.00	-1400.00	-570.00	-27.50	45.00	84.51	-420.00	-1240.00	-270.00	-30.49	22.38	224.39	-140.00	-1390.00	-170.00	-42.50	21.83	155.67
1360.00	-1470.00	-400.00	12.80	38.66	127.01	-200.00	-1250.00	200.00	-33.72	38.96	83.35	-430.00	-1340.00	-330.00	-27.13	25.24	238.96	-160.00	-1500.00	-180.00	-50.00	19.76	168.66
1360.00	-1470.00	-400.00	55.79	-8.11	97.13	130.00	-1170.00	420.00	-27.87	31.34	68.78	-370.00	-1560.00	-330.00	-27.13	25.24	238.96	-60.00	-1460.00	-110.00	-61.34	18.78	183.90
1360.00	-1470.00	-400.00	26.52	12.62	82.26	170.00	-1280.00	150.00	-9.63	19.15	45.12	-370.00	-1560.00	-330.00	-19.88	21.71	255.49	10.00	-1530.00	-190.00	-66.65	16.71	202.26
-780.00	-1430.00	450.00	26.52	12.62	82.26	110.00	-850.00	90.00	-1.52	12.07	29.82	-370.00	-1560.00	-330.00	-19.88	21.71	255.49	20.00	-1570.00	-170.00	-72.74	17.99	224.39
-520.00	-1530.00	70.00	16.34	9.33	64.02	-50.00	-760.00	-150.00	-6.10	11.52	28.35	-180.00	-1700.00	-340.00	-35.79	18.05	261.71	120.00	-1550.00	-170.00	-69.76	21.83	253.17
-520.00	-1530.00	70.00	20.67	-39.70	27.80	-100.00	-850.00	-200.00	-5.55	12.56	33.96	-180.00	-1700.00	-340.00	-71.40	3.96	248.84	220.00	-1670.00	-120.00	-62.13	27.74	291.83
-520.00	-1530.00	70.00	10.06	-8.60	31.22	100.00	-910.00	-140.00	-1.71	13.48	38.48	-180.00	-1700.00	-340.00	-46.28	33.96	155.98	350.00	-1680.00	10.00	-49.76	36.22	332.20
-370.00	-1220.00	-310.00	10.06	-8.60	31.22	290.00	-880.00	-200.00	1.04	12.62	42.44	-160.00	-1750.00	-240.00	-16.77	87.26	125.91	540.00	-1670.00	100.00	-6.28	45.98	341.40
-360.00	-1440.00	340.00	-1.28	10.37	49.15	280.00	-880.00	-190.00	0.55	13.11	42.26	120.00	-1840.00	210.00	-16.77	87.26	125.91	600.00	-1710.00	170.00	16.40	57.07	352.56
-360.00	-1440.00	340.00	2.07	-14.33	31.95	220.00	-900.00	-110.00	-4.27	15.55	36.28	120.00	-1840.00	210.00	27.07	191.46	7.87	630.00	-1660.00	260.00	-2.62	58.05	356.71
-180.00	-1110.00	290.00	2.07	-14.33	31.95	280.00	-970.00	-20.00	-12.93	19.88	30.91	-180.00	-1780.00	130.00	11.83	150.18	-34.02	480.00	-1630.00	360.00	-25.18	74.57	319.09
10.00	-650.00	110.00	12.32	4.94	39.39	160.00	-990.00	70.00	-11.65	20.55	30.49	-730.00	-1760.00	10.00	11.83	150.18	-34.02	60.00	-1810.00	280.00	-35.06	72.62	300.98
10.00	-650.00	110.00	12.32	4.94	39.39	30.00	-1030.00	150.00	-6.34	10.55	34.39	-730.00	-1760.00	10.00	39.27	51.95	-95.00	-270.00	-1770.00	270.00	-32.44	75.24	269.02
10.00	-650.00	110.00	8.90	0.91	35.55	80.00	-960.00	-0.00	0.85	-7.13	39.45	-540.00	-1630.00	160.00	45.79	25.24	-124.27	-680.00	-1590.00	70.00	-22.62	85.49	231.40
-340.00	-1080.00	-150.00	8.66	1.16	33.72	220.00	-910.00	-120.00	9.02	-14.63	36.52	-540.00	-1630.00	160.00	45.79	25.24	-124.27	-410.00	-1520.00	280.00	-12.07	77.93	172.32
230.00	-1040.00	-10.00	8.66	1.16	33.72	310.00	-900.00	-130.00	8.66	-7.80	33.48	-1000.00	70.00	570.00	63.90	-16.52	-182.07	-210.00	-1370.00	390.00	-24.82	61.77	38.78
240.00	-990.00	30.00	9.02	-2.01	30.00	340.00	-870.00	-190.00	4.63	0.91	33.66	-1000.00	70.00	570.00	70.37	-29.45	-211.65	-60.00	-1090.00	480.00	-2.56	87.07	-36.40
240.00	-990.00	30.00	8.84	-4.63	27.07	110.00	-830.00	-130.00	4.94	2.87	33.23	-20.00	-190.00	530.00	70.37	-29.45	-211.65	-290.00	-820.00	480.00	9.27	116.10	-94.63
40.00	-1050.00	-50.00	8.84	-4.63	27.07	70.00	-940.00	-60.00	5.00	1.04	33.11	820.00	-540.00	280.00	70.37	-29.45	-211.65	-510.00	-470.00	390.00	23.48	85.61	-119.09
40.00	-1100.00	10.00	9.70	-4.45	25.79	70.00	-940.00	-30.00	4.63	-0.67	33.23	820.00	-540.00	280.00	80.06	-47.32	-249.02	140.00	-330.00	20.00	8.78	65.06	-119.51
10.00	-1060.00	20.00	9.70	-4.45	25.79	140.00	-930.00	-30.00	2.87	-1.71	31.95	970.00	-270.00	180.00	84.51	-46.89	-261.52	20.00	-1060.00	690.00	40.85	40.73	-130.73
-40.00	-1060.00	0.00	9.33	-4.94	25.79	170.00	-940.00	-30.00	2.62	-1.65	30.00	320.00	-380.00	-0.00	84.51	-46.89	-261.52	360.00	-700.00	190.00	53.96	19.39	-161.46
-40.00	-1060.00	0.00	9.33	-4.94	25.79	130.00	-950.00	-30.00	4.02	-1.46	28.96	320.00	-270.00	50.00	97.62	-14.21	-282.44	530.00	-230.00	330.00	55.79	4.15	-198.05
-60.00	-1050.00	-50.00	9.21	-3.90	26.77	90.00	-920.00	-50.00	5.85	-3.35	27.50	320.00	-270.00	50.00	105.06	5.37	-290.18	300.00	-620.00	180.00	66.52	-12.80	-227.99
-100.00	-1030.00	-40.00	17.07	-3.54	37.93	100.00	-910.00	-90.00	7.68	-6.10	25.12	320.00	-270.00	50.00	105.06	5.37	-290.18	130.00	-630.00	80.00	76.16	-26.34	-250.24
-100.00	-1030.00	-40.00	17.07	-3.54	37.93	100.00	-890.00	-110.00	8.60	-5.49	24.76	380.00	-450.00	100.00	105.06	5.37	-290.18	-10.00	-520.00	100.00	82.07	-40.00	-265.98
-80.00	-1040.00	-10.00	18.66	-3.23	40.98	60.00	-870.00	-110.00	8.11	-4.94	24.63	410.00	-580.00	100.00	125.79	44.02	-304.88	40.00	-530.00	70.00	79.70	-44.76	-277.38
-80.00	-1040.00	-10.00	21.83	-3.35	47.93	70.00	-890.00	-90.00	7.38	-6.59	23.48	410.00	-580.00	100.00	125.79	44.02	-304.88	120.00	-580.00	70.00	78.23	-37.99	-285.61
-90.00	-1040.00	30.00	21.83	-3.35	47.93	60.00	-910.00	-60.00	6.65	-6.59	23.41	240.00	-750.00	130.00	125.79	44.02	-304.88	210.00	-590.00	90.00	82.44	-25.49	-293.78
-80.00	-1040.00	40.00	23.23	-3.90	51.10	60.00	-910.00	-40.00	5.61	-5.49	24.15	80.00	-800.00	150.00	140.55	44.70	-311.52	300.00	-600.00	110.00	87.44	-11.46	-301.83
-80.00	-1040.00	40.00	23.23	-3.90	51.10	70.00	-920.00	-30.00	5.43	-4.33	25.61	80.00	-800.00	150.00	146.89	34.82	-314.94	360.00	-640.00	130.00	92.20	1.10	-308.78
-70.00	-1060.00	40.00	24.45	-5.67	57.07	70.00	-930.00	-20.00	5.55	-4.02	27.13	80.00	-800.00	150.00	146.89	34.82	-314.94	370.00	-750.00	150.00	98.84	10.00	-314.33
-80.00	-1090.00	-20.00	24.45	-5.67	57.07	70.00	-940.00	-20.00	6.83	-4.57	28.96	-60.00	-960.00	110.00	146.89	34.82	-314.94	300.00	-820.00	150.00	103.72	14.57	-317.68
-90.00	-1090.00	-10.00	25.06	-4.94	59.94	70.00	-940.00	-40.00	8.84	-5.18	31.10	-90.00	-1030.00	70.00	153.17	12.01	-326.40	240.00	-920.00	150.00	109.33	14.51	-319.27
-80.00	-1100.00	10.00	28.84	-0.55	65.30	80.00	-930.00	-70.00	10.12	-5.37	33.29	-90.00	-1030.00	70.00	150.61	5.85	-335.30	180.00	-1030.00	110.00	117.20	11.28	-319.45
-80.00	-1100.00	10.00	28.84	-0.55	65.30	90.00	-920.00	-90.00	11.34	-5.91	35.98	-150.00	-1200.00	-90.00	119.39	10.12	-333.17	130.00	-1150.00	40.00	121.77	3.48	-317.87
-110.00	-1110.00	40.00	30.12	3.05	67.56	80.00	-920.00	-80.00	12.32	-6.65	38.84	-200.00	-1280.00	-160.00	119.39	10.12	-333.17	40.00	-1270.00	-20.00	124.76	-5.18	-315.00
-110.00	-1110.00	40.00	30.91	7.13	70.12	80.00	-930.00	-80.00	12.68	-7.68	42.13	-200.00	-1280.00	-160.00	119.39	10.12	-333.17	-100.00	-1400.00	-70.00	127.32	-13.78	-314.76
-110.00	-1110.00	40.00	32.26	4.63	80.85	70.00	-930.00	-80.00	12.01	-9.82	45.61	-200.00	-1280.00	-160.00	87.62	-3.96	-258.84	-190.00	-1480.00	-140.00	129.09	-22.93	-320.79
-120.00	-1140.00	80.00	32.26	4.63	80.85	70.00	-930.00	-70.00	11.22	-11.65	50.12	-300.00	-1600.00	-360.00	87.62	-3.96	-258.84	-260.00	-1580.00	-200.00	123.17	-30.55	-333.41
-120.00	-1140.00	80.00	31.89	1.89	93.72	80.00	-950.00	-40.00	11.95	-12.87	53.66	-300.00	-1600.00	-360.00	87.62	-3.96	-258.84	-310.00	-1710.00	-230.00	108.11	-24.94	-341.59
-120.00	-1140.00	90.00	34.57	-0.67	110.49	70.00	-980.00	-30.00	11.77	-13.90	57.20	-300.00	-1600.00	-360.00	81.22	-6.46	-138.90	-380.00	-1850.00	-230.00	99.70	-17.74	-334.94
-150.00	-1100.00	130.00	38.84	-6.28	121.04	110.00	-980.00	-40.00	11.52	-12.68	61.10	-530.00	-1880.00	-350.00	81.22	-6.46	-138.90	-510.00	-1910.00	-210.00	98.90	-25.00	-320.00
-150.00	-1100.00	130.00	38.84	-6.28	121.04	40.00	-980.00	-20.00	12.07	-11.04	65.61	-650.00	-2000.00	-370.00	81.22	-6.46	-138.90	-620.00	-1970.00	-210.00	86.89	-34.57	-292.80
-130.00	-1170.00	140.00	47.93	-19.02	144.51	30.00	-1000.00	-0.00	12.62	-10.98	67.74	-1050.00	-2000.00	-550.00	73.96	-10.30	-85.85	-590.00	-2000.00	-320.00	77.38	-47.26	-250.37
-130.00	-1170.00	140.00	47.93	-19.02	144.51	-10.00	-1000.00	10.00	12.50	-10.79	69.57	-1120.00	-2000.00	-450.00	8.41	-50.98	20.79	-770.00	-2000.00	-400.00	75.30	-45.98	-204.09
-140.00	-1320.00	120.00	53.11	-30.85	158.17	-20.00	-1020.00	50.00	13.96	-9.76	72.62	-1120.00	-2000.00	-450.00	8.41	-50.98	20.79	-1030.00	-1990.00	-200.00	88.54	-38.05	-155.73
-140.00	-1320.00	120.00	53.11	-30.85	158.17	-20.00	-1020.00	50.00	15.37	-12.38	75.98	-1780.00	-1750.00	-320.00	8.41	-50.98	20.79	-1200.00	-1900.00	-90.00	96.04	-24.70	-106.46
-70.00	-1520.00	120.00	62.26	-60.12	182.62	-20.00	-1050.00	40.00	15.73	-16.77	80.00	-1780.00	-1750.00	-320.00	-17.13	-72.44	194.09	-1340.00	-1870.00	-70.00	87.62	-24.57	-40.06
-50.00	-1650.00	120.00	62.26	-60.12	182.62	10.00	-1080.00	10.00	17.68	-20.67	85.85	-1780.00	-1750.00	-320.00	-17.13	-72.44	194.09	-1570.00	-1940.00	-110.00	88.11	-54.63	43.05
-50.00	-1650.00	120.00	62.44	-67.80	191.95	50.00	-1090.00	-10.00	19.94	-24.09	93.23	-2000.00	-1440.00	-340.00	-17.13	-72.44	194.09	-1740.00	-1820.00	-180.00	59.63	-58.48	100.24
50.00	-1710.00	120.00	66.22	-69.82	201.89	60.00	-1150.00	-0.00	22.01	-27.20	101.34	-2000.00	-1240.00	-780.00	-31.52	-52.20	179.33	-2000.00	-1470.00	-230.00	-0.30	-54.51	156.10
50.00	-1710.00	120.00	69.57	-63.17	213.60	60.00	-1230.00	60.00	25.61	-28.48	110.30	-2000.00	-1240.00	-780.00	-9.09	-91.95	114.70	-2000.00	-1320.00	-620.00	-123.78	14.27	103.54
220.00	-1890.00	-10.00	69.21	-46.83	226.16	90.00	-1290.00	30.00	28.23	-31.16	121.22	-2000.00	-1240.00	-780.00	-9.09	-91.95	114.70	-2000.00	-960.00	-790.00	-128.72	123.60	5.06
220.00	-1890.00	-10.00	69.21	-46.83	226.16	140.00	-1330.00	60.00	30.00	-34.88	133.23	-1760.00	-1450.00	-900.00	-12.01	-70.12	122.93	-2000.00	-570.00	-580.00	-42.68	32.62	187.20
260.00	-1910.00	-110.00	68.41	-32.07	234.33	180.00	-1390.00	40.00	32.26	-38.05	146.10	-1760.00	-1450.00	-900.00	-26.16	-36.22	104.09	-2000.00	-520.00	-350.00	-31.95	-121.89	397.01
420.00	-1820.00	-150.00	66.10	-22.68	237.68	230.00	-1450.00	60.00	33.41	-42.68	160.79	-1760.00	-1450.00	-900.00	-26.16	-36.22	104.09	-940.00	-990.00	-890.00	-6.16	-140.98	316.10
420.00	-1820.00	-150.00	61.28	-24.70	209.70	300.00	-1490.00	70.00	33.72	-50.00	178.35	-1600.00	-1270.00	-760.00	-26.89	-44.45	88.17	1590.00	-1720.00	40.00	-18.60	-50.61	153.90
440.00	-1770.00	-80.00	19.39	-151.77	9.45	450.00	-1560.00	30.00	35.98	-58.96	198.78	-980.00	-1040.00	-710.00	-26.89	-44.45	88.17	2000.00	-1970.00	40.00	-16.28	-86.59	144.39
440.00	-1770.00	-80.00	19.39	-151.77	9.45	550.00	-1600.00	-40.00	37.80	-68.78	219.70	-980.00	-1040.00	-710.00	-21.10	1.83	64.45	170.00	-1330.00	-480.00	-20.12	-96.16	133.78
-210.00	-1770.00	-140.00	16.04	-155.79	-32.20	630.00	-1560.00	-110.00	34.09	-75.55	242.56	-180.00	-1400.00	-120.00	-21.10	1.83	64.45	-1780.00	-1590.00	-950.00	-50.24	-72.87	85.49
-210.00	-1770.00	-140.00	10.79	-118.05	-78.66	700.00	-1550.00	-100.00	33.54	-77.74	263.23	-990.00	-1250.00	-110.00	-12.01	21.65	45.79	-820.00	-1520.00	-160.00	-10.91	-69.21	61.28
-270.00	-1710.00	-250.00	10.79	-118.05	-78.66	690.00	-1490.00	-90.00	36.89	-72.44	275.49	-990.00	-1250.00	-110.00	4.76	3.41	29.88	-260.00	-1620.00	330.00	12.13	-63.17	69.09
-130.00	-1630.00	-330.00	10.79	-118.05	-78.66	560.00	-1400.00	-110.00	35.98	-73.60	273.48	-990.00	-1250.00	-110.00	4.76	3.41	29.88	-590.00	-1200.00	190.00	10.24	-47.68	58.41
-10.00	-1360.00	-400.00	-104.45	-48.84	-173.90	-10.00	-1530.00	-310.00	43.35	-80.85	261.95	-710.00	-1120.00	-350.00	2.93	-3.17	36.28	-620.00	-1390.00	-420.00	-0.12	-32.99	39.45
-340.00	-860.00	-230.00	-117.87	-27.50	-196.71	-290.00	-1480.00	-370.00	50.61	-91.46	250.18	-330.00	-890.00	-110.00	2.93	-3.17	36.28	-40.00	-1380.00	-170.00	-16.52	-15.37	28.41
50.00	-450.00	-480.00	-127.93	-6.83	-214.27	-220.00	-1480.00	-420.00	47.80	-92.74	225.24	-330.00	-890.00	-110.00	-7.01	-18.54	49.33	-20.00	-1060.00	-50.00	-9.45	-1.40	30.67
680.00	-650.00	-390.00	-143.54	12.13	-237.20	20.00	-1270.00	-430.00	39.76	-90.98	190.67	-460.00	-920.00	210.00	-5.79	-25.61	51.22	-140.00	-980.00	170.00	6.28	-16.34	30.67
640.00	-240.00	-330.00	-149.94	7.20	-246.65	70.00	-1210.00	-470.00	34.82	-87.93	160.67	-320.00	-880.00	120.00	-3.84	-21.65	49.15	-190.00	-860.00	400.00	6.28	-16.34	30.67
740.00	-200.00	-230.00	-154.82	-4.39	-255.55	-60.00	-1050.00	-320.00	29.45	-93.66	123.05	-320.00	-880.00	120.00	-3.84	-21.65	49.15	0.00	-940.00	300.00	6.28	-16.34	30.67
560.00	-210.00	-20.00	-157.56	-22.13	-262.62	-200.00	-850.00	-290.00	17.26	-96.77	51.40	-110.00	-950.00	-50.00	-0.61	-5.79	38.60	30.00	-1060.00	110.00	-0.85	-30.98	13.90
560.00	-210.00	-20.00	-157.56	-22.13	-262.62	-130.00	-560.00	-240.00	3.29	-97.80	-17.87	-110.00	-950.00	-50.00	-0.61	-5.79	38.60	60.00	-1070.00	70.00	-0.85	-30.98	13.90
340.00	-240.00	-10.00	-155.98	-59.70	-267.74	270.00	-560.00	-340.00	18.41	-90.67	-75.67	-60.00	-1170.00	-120.00	-5.61	-1.46	44.39	-110.00	-1110.00	-70.00	-2.99	-10.67	26.10
420.00	-320.00	-50.00	-155.98	-59.70	-267.74	620.00	-240.00	-440.00	13.29	-80.79	-98.48	-60.00	-1170.00	-120.00	-5.98	0.91	44.76	-130.00	-1030.00	0.00	0.00	-1.04	30.37
360.00	-500.00	-60.00	-157.50	-72.38	-258.29	390.00	-550.00	-550.00	15.00	-64.57	-114.15	-130.00	-1050.00	-110.00	-5.98	0.91	44.76	-130.00	-1030.00	0.00	0.00	-1.04	30.37
120.00	-770.00	-50.00	-164.33	-53.29	-248.11	310.00	-70.00	-100.00	3.60	-70.55	-126.10	-120.00	-1030.00	-50.00	-2.68	15.12	39.33	-80.00	-1000.00	70.00	-4.33	-0.12	28.78
120.00	-770.00	-50.00	-170.37	-17.01	-244.27	680.00	-160.00	-140.00	-8.11	-71.52	-138.60	-120.00	-1030.00	-50.00	-2.68	15.12	39.33	40.00	-1030.00	140.00	-3.72	-5.49	30.98
-40.00	-1040.00	-40.00	-170.37	-17.01	-244.27	600.00	-280.00	-20.00	-21.83	-68.54	-152.38	-90.00	-1080.00	40.00	-1.28	22.20	35.49	10.00	-1050.00	140.00	-3.72	-5.49	30.98
-60.00	-1200.00	10.00	-169.45	2.26	-238.72	320.00	-300.00	-40.00	-41.22	-55.91	-170.85	-90.00	-1080.00	40.00	-1.28	22.20	35.49	-30.00	-1030.00	90.00	-0.73	-6.71	30.73
-60.00	-1200.00	10.00	-163.23	22.01	-232.38	270.00	-430.00	-40.00	-53.60	-36.59	-197.26	-330.00	-1090.00	150.00	-0.98	32.07	34.51	-30.00	-1030.00	90.00	9.02	22.26	39.45
-60.00	-1200.00	10.00	-139.63	54.39	-222.13	140.00	-400.00	-10.00	-67.74	-17.99	-221.04	-330.00	-1090.00	150.00	-3.78	13.84	37.74	-30.00	-1110.00	0.00	9.02	22.26	39.45
-20.00	-1420.00	190.00	-139.63	54.39	-222.13	80.00	-410.00	-20.00	-81.52	-1.65	-237.62	-280.00	-1060.00	90.00	-10.55	0.12	36.28	-50.00	-1100.00	30.00	12.99	23.54	35.61
-20.00	-1640.00	390.00	-99.57	57.50	-206.16	140.00	-430.00	-10.00	-92.87	9.39	-249.94	-240.00	-1040.00	-20.00	-12.68	0.61	33.11	-50.00	-1100.00	30.00	11.52	20.06	36.22
50.00	-1850.00	360.00	-99.57	57.50	-206.16	220.00	-480.00	-0.00	-101.04	10.61	-260.49	-240.00	-1040.00	-20.00	-12.68	0.61	33.11	-50.00	-1100.00	30.00	11.52	20.06	36.22
50.00	-1850.00	360.00	-84.82	73.60	-192.68	250.00	-540.00	-0.00	-105.98	3.41	-269.63	-260.00	-1020.00	-10.00	-15.00	-3.84	29.39	-20.00	-1070.00	80.00	3.54	8.90	33.05
20.00	-2000.00	320.00	-73.35	94.45	-170.85	270.00	-640.00	-10.00	-108.23	-8.48	-277.62	-260.00	-1020.00	-10.00	-15.00	-3.84	29.39	-100.00	-1070.00	-10.00	-3.35	7.87	29.63
-150.00	-2000.00	390.00	-66.16	101.40	-136.28	260.00	-740.00	-20.00	-110.06	-20.67	-285.18	-300.00	-1020.00	-40.00	-15.18	-6.46	28.29	-100.00	-990.00	170.00	-3.35	7.87	29.63
-390.00	-2000.00	450.00	-56.83	73.66	-92.01	240.00	-850.00	-10.00	-113.17	-30.98	-290.98	-290.00	-1010.00	-80.00	-15.49	-9.39	24.94	-100.00	-990.00	170.00	-9.76	7.68	23.72
-390.00	-2000.00	450.00	-56.83	73.66	-92.01	190.00	-980.00	10.00	-116.16	-37.56	-292.87	-290.00	-1010.00	-80.00	-15.30	-9.21	20.55	-110.00	-970.00	210.00	-9.76	7.68	23.72
-820.00	-2000.00	620.00	-29.94	12.50	-7.13	150.00	-1110.00	50.00	-118.84	-39.88	-289.63	-220.00	-1040.00	-60.00	-15.30	-9.21	20.55	-140.00	-910.00	230.00	-11.40	7.13	21.83
-870.00	-2000.00	690.00	-29.94	12.50	-7.13	120.00	-1220.00	130.00	-121.77	-38.23	-282.99	-220.00	-1040.00	-60.00	-15.85	-2.74	16.46	-140.00	-910.00	230.00	-11.40	7.13	21.83
-900.00	-1890.00	660.00	-18.05	16.52	27.80	30.00	-1390.00	220.00	-124.70	-31.59	-274.70	-320.00	-980.00	50.00	-17.01	4.94	19.27	-150.00	-940.00	170.00	-10.67	4.27	17.68
-1050.00	-1740.00	510.00	-18.05	16.52	27.80	-40.00	-1510.00	290.00	-129.02	-15.55	-265.61	-290.00	-970.00	10.00	-16.34	3.60	24.57	-150.00	-940.00	170.00	-10.67	4.27	17.68
-1050.00	-1740.00	510.00	7.44	56.46	80.49	-100.00	-1610.00	340.00	-132.68	8.05	-257.38	-290.00	-970.00	10.00	-14.82	2.38	30.12	-160.00	-990.00	100.00	-9.39	5.61	13.54
-1770.00	-1340.00	590.00	19.02	51.65	97.20	-190.00	-1680.00	310.00	-130.12	30.30	-248.11	-300.00	-970.00	-60.00	-14.15	3.29	32.74	-160.00	-990.00	100.00	-8.84	3.48	-1.89
-1770.00	-1340.00	590.00	19.02	51.65	97.20	-220.00	-1710.00	250.00	-125.43	47.07	-236.71	-310.00	-930.00	-90.00	-14.15	3.29	32.74	-160.00	-1000.00	70.00	-8.84	3.48	-1.89
-1830.00	-1240.00	780.00	45.55	8.78	110.06	-170.00	-1770.00	220.00	-124.09	60.43	-227.13	-310.00	-930.00	-90.00	-15.79	6.46	37.32	-210.00	-980.00	10.00	-11.40	8.72	23.17
-1620.00	-1240.00	760.00	45.55	8.78	110.06	-190.00	-1880.00	230.00	-120.73	68.29	-220.30	-350.00	-900.00	-90.00	-16.52	7.38	40.61	-210.00	-980.00	10.00	-11.40	8.72	23.17
-1170.00	-1340.00	710.00	40.73	36.65	61.71	-290.00	-1950.00	260.00	-109.15	66.65	-219.02	-420.00	-850.00	20.00	-16.52	7.38	40.61	-250.00	-930.00	50.00	-11.34	7.87	24.63
-810.00	-1400.00	600.00	40.73	36.65	61.71	-500.00	-1960.00	280.00	-92.74	71.34	-219.45	-420.00	-850.00	20.00	-17.80	7.62	43.84	-250.00	-930.00	50.00	-10.30	10.06	46.22
-810.00	-1400.00	600.00	15.67	56.52	183.11	-700.00	-1930.00	380.00	-75.79	89.94	-212.38	-360.00	-960.00	30.00	-20.12	7.26	49.33	-160.00	-960.00	160.00	-10.30	10.06	46.22
-680.00	-1250.00	330.00	15.67	56.52	183.11	-950.00	-1820.00	400.00	-59.27	107.68	-193.29	-220.00	-1100.00	0.00	-20.12	7.26	49.33	-160.00	-960.00	160.00	-10.12	13.90	50.30
-680.00	-1250.00	330.00	23.48	-10.00	167.20	-1120.00	-1680.00	420.00	-48.66	115.85	-160.73	-270.00	-1180.00	50.00	-21.04	8.29	50.98	-100.00	-1120.00	40.00	-10.12	13.90	50.30
-560.00	-1470.00	220.00	-13.29	35.30	115.12	-1130.00	-1560.00	370.00	-43.66	98.84	-123.48	-270.00	-1180.00	50.00	-22.38	8.78	55.49	-100.00	-1120.00	40.00	-12.32	23.11	57.50
-560.00	-1470.00	220.00	-13.29	35.30	115.12	-1170.00	-1400.00	210.00	-41.65	58.17	-88.05	-240.00	-1140.00	-40.00	-22.38	8.78	55.49	-100.00	-1110.00	60.00	-12.32	23.11	57.50
2000.00	-1160.00	-30.00	-8.29	27.07	97.07	-1200.00	-1320.00	110.00	-55.49	23.29	-47.87	-320.00	-1060.00	-140.00	-22.38	8.78	55.49	-140.00	-1080.00	40.00	-11.34	27.99	62.87
2000.00	-1160.00	-30.00	-8.29	27.07	97.07	-1230.00	-1370.00	300.00	-55.24	5.24	-4.88	-320.00	-1060.00	-140.00	-22.26	8.66	57.99	-140.00	-1080.00	40.00	-13.05	33.54	70.73
1980.00	-1400.00	-300.00	36.65	8.35	68.84	-1350.00	-1320.00	430.00	-28.35	6.71	32.13	-310.00	-1080.00	-90.00	-21.10	14.09	65.49	-130.00	-1100.00	50.00	-13.05	33.54	70.73
-880.00	-1180.00	460.00	27.80	-10.24	47.50	-1440.00	-1070.00	450.00	4.02	16.71	61.28	-320.00	-1100.00	-60.00	-21.10	14.09	65.49	-120.00	-1130.00	90.00	-15.18	35.98	74.94
-880.00	-1180.00	460.00	27.80	-10.24	47.50	-1330.00	-940.00	380.00	19.45	24.70	81.59	-320.00	-1100.00	-60.00	-21.16	11.83	69.09	-120.00	-1130.00	90.00	-15.18	35.98	74.94
-570.00	-1260.00	190.00	22.13	-30.79	34.45	-1080.00	-950.00	320.00	22.01	22.80	93.90	-320.00	-1080.00	-90.00	-22.07	7.93	74.51	-140.00	-1130.00	50.00	-27.07	35.61	82.44
-570.00	-1260.00	190.00	4.33	4.76	32.74	-830.00	-1050.00	240.00	31.95	-7.38	106.10	-370.00	-1040.00	-100.00	-22.07	7.93	74.51	-140.00	-1130.00	50.00	-27.07	35.61	82.44
-260.00	-1330.00	-350.00	4.33	4.76	32.74	-540.00	-1080.00	160.00	5.43	-42.38	105.67	-370.00	-1040.00	-100.00	-22.07	7.93	74.51	-180.00	-1130.00	10.00	-43.41	36.16	109.21
-260.00	-1330.00	-350.00	-0.30	9.57	32.99	170.00	-1420.00	150.00	1.16	10.98	79.09	-370.00	-1040.00	-100.00	-25.49	6.65	79.63	-180.00	-1130.00	10.00	-43.41	36.16	109.21
-110.00	-1400.00	330.00	3.41	-1.65	26.89	1350.00	-1120.00	330.00	26.28	20.12	110.73	-380.00	-1030.00	-100.00	-25.67	5.85	91.95	-150.00	-1270.00	-10.00	-52.93	34.21	119.39
-10.00	-1250.00	270.00	9.27	5.55	26.04	2000.00	-500.00	340.00	23.96	-1.16	177.44	-400.00	-1090.00	-80.00	-25.67	5.85	91.95	-150.00	-1280.00	10.00	-63.11	26.77	184.88
-210.00	-1050.00	-440.00	9.27	5.55	26.04	2000.00	-960.00	-10.00	3.78	-5.18	167.93	-400.00	-1090.00	-80.00	-30.91	7.01	99.02	-70.00	-1490.00	-190.00	-59.15	16.59	201.59
-210.00	-1050.00	-440.00	11.71	24.76	31.04	430.00	-1210.00	90.00	-4.39	9.70	140.30	-400.00	-1090.00	-70.00	-33.78	6.46	116.52	-70.00	-1490.00	-190.00	-59.15	16.59	201.59
130.00	-890.00	-190.00	7.80	23.11	29.09	-550.00	-1320.00	380.00	-1.59	31.46	114.94	-390.00	-1110.00	-110.00	-33.78	6.46	116.52	20.00	-1580.00	-160.00	-51.04	7.20	235.00
60.00	-1130.00	10.00	1.65	9.57	23.78	-480.00	-1340.00	-60.00	-1.71	49.94	82.74	-390.00	-1110.00	-110.00	-33.78	6.46	116.52	120.00	-1650.00	-150.00	-51.04	7.20	235.00
60.00	-1130.00	10.00	2.07	-4.21	19.82	-560.00	-1280.00	-630.00	6.59	43.96	70.06	-390.00	-1110.00	-110.00	-39.51	8.90	126.52	50.00	-1440.00	170.00	-43.48	8.84	230.67
10.00	-1140.00	60.00	4.57	-6.52	18.41	-370.00	-1320.00	-280.00	-8.78	50.61	64.76	-400.00	-1090.00	-110.00	-42.68	21.40	149.09	50.00	-1440.00	170.00	-35.00	26.46	212.44
10.00	-1140.00	60.00	4.57	-6.52	18.41	210.00	-1040.00	280.00	-33.90	57.99	69.57	-400.00	-1230.00	-180.00	-42.68	21.40	149.09	-330.00	-1360.00	210.00	-35.00	26.46	212.44
80.00	-1120.00	100.00	5.49	-2.38	18.60	140.00	-1370.00	280.00	-50.61	49.09	62.68	-400.00	-1230.00	-180.00	-49.02	20.49	155.67	-470.00	-1320.00	170.00	-25.12	38.17	202.62
80.00	-1120.00	100.00	7.20	-0.55	18.17	240.00	-1130.00	280.00	-26.28	28.23	47.13	-440.00	-1240.00	-140.00	-41.46	-3.05	166.65	-450.00	-1340.00	200.00	-12.56	53.41	194.70
130.00	-1090.00	30.00	7.20	-0.55	18.17	170.00	-860.00	-90.00	-2.56	15.12	34.57	-400.00	-1340.00	-310.00	-41.46	-3.05	166.65	-250.00	-1040.00	190.00	-21.10	46.04	171.34
-110.00	-1100.00	-130.00	9.02	3.11	18.96	70.00	-720.00	-390.00	8.35	9.63	30.12	-400.00	-1340.00	-310.00	-41.46	-3.05	166.65	-320.00	-950.00	280.00	-21.10	46.04	171.34
-110.00	-1100.00	-130.00	10.43	6.77	19.33	150.00	-750.00	-520.00	9.27	13.66	32.87	-400.00	-1340.00	-310.00	-37.87	-11.59	171.71	-320.00	-950.00	280.00	-46.10	46.40	95.43
-50.00	-1090.00	-100.00	10.55	7.38	18.60	200.00	-720.00	-350.00	6.77	14.70	33.23	-360.00	-1410.00	-340.00	-50.24	-8.54	173.72	-450.00	-770.00	310.00	-3.96	115.49	-62.32
70.00	-1020.00	-80.00	10.55	7.38	18.60	170.00	-870.00	-80.00	7.93	11.65	31.65	-250.00	-1700.00	-350.00	-50.24	-8.54	173.72	-800.00	-570.00	130.00	-3.96	115.49	-62.32
70.00	-1020.00	-80.00	8.66	3.17	16.22	220.00	-940.00	-30.00	-3.84	19.39	27.68	-250.00	-1700.00	-350.00	-58.23	-15.67	171.65	-800.00	-570.00	130.00	-0.06	107.56	-72.13
40.00	-1050.00	-20.00	6.46	-1.59	13.48	220.00	-1010.00	50.00	-13.41	24.88	19.27	-290.00	-1660.00	-270.00	-37.38	-3.84	96.89	10.00	-650.00	190.00	-22.26	94.82	-109.21
70.00	-1080.00	10.00	5.37	-4.15	11.46	-20.00	-1040.00	200.00	-8.72	25.85	14.57	-20.00	-1680.00	-170.00	-37.38	-3.84	96.89	560.00	-390.00	420.00	-5.06	94.15	-125.06
70.00	-1090.00	20.00	5.37	-4.15	11.46	80.00	-950.00	30.00	-8.60	21.22	16.22	-20.00	-1680.00	-170.00	-13.23	46.46	70.00	220.00	-180.00	490.00	-0.12	68.84	-125.85
70.00	-1090.00	20.00	4.45	-3.96	8.96	200.00	-930.00	-40.00	-7.13	9.94	21.04	-20.00	-1680.00	-170.00	-13.23	46.46	70.00	220.00	-180.00	490.00	11.22	53.96	-144.57
60.00	-1070.00	20.00	4.45	-3.96	8.96	290.00	-940.00	-60.00	0.79	-1.40	23.17	-0.00	-1520.00	-70.00	19.02	148.54	-7.74	50.00	-370.00	60.00	15.12	46.52	-165.06
-20.00	-1050.00	-20.00	5.61	-1.52	7.80	300.00	-890.00	-150.00	1.34	-3.29	21.04	-360.00	-1400.00	50.00	2.87	109.27	-39.21	100.00	-420.00	-110.00	15.12	46.52	-165.06
-20.00	-1050.00	-20.00	5.98	-2.20	7.74	220.00	-900.00	-140.00	3.90	0.37	18.90	-360.00	-1400.00	50.00	2.87	109.27	-39.21	100.00	-420.00	-110.00	39.88	8.23	-189.70
-20.00	-1050.00	-20.00	5.98	-2.20	7.74	170.00	-850.00	-140.00	8.66	1.83	18.23	-590.00	-1400.00	-0.00	11.89	76.59	-86.71	100.00	-420.00	-110.00	39.88	8.23	-189.70
-0.00	-1030.00	-20.00	7.01	-3.66	8.05	160.00	-850.00	-140.00	9.45	2.32	17.80	-590.00	-1220.00	70.00	11.89	76.59	-86.71	30.00	-420.00	-170.00	61.22	-60.00	-257.74
10.00	-1030.00	-10.00	7.68	-4.15	8.72	180.00	-890.00	-90.00	7.07	5.30	17.20	-590.00	-1220.00	70.00	20.91	64.02	-105.30	30.00	-470.00	-130.00	61.22	-60.00	-257.74
10.00	-1030.00	-10.00	7.68	-4.15	8.72	170.00	-940.00	-40.00	3.90	7.13	13.66	-590.00	-1220.00	70.00	20.91	64.02	-105.30	30.00	-470.00	-130.00	51.65	-56.22	-261.71
10.00	-1020.00	-10.00	10.18	-3.54	11.40	150.00	-950.00	-30.00	3.90	7.13	13.66	-540.00	-1030.00	150.00	35.91	33.41	-147.56	10.00	-410.00	-90.00	40.12	-47.26	-249.09
10.00	-1030.00	0.00	11.46	-4.15	12.44	150.00	-950.00	-30.00	3.90	7.13	13.66	-810.00	120.00	470.00	40.43	15.06	-167.99	10.00	-440.00	-100.00	25.37	-47.07	-224.63
20.00	-1050.00	-10.00	11.46	-4.15	12.44	170.00	-920.00	-30.00	4.45	3.66	13.60	-260.00	-240.00	490.00	40.43	15.06	-167.99	-20.00	-530.00	-130.00	25.37	-47.07	-224.63
0.00	-1050.00	-20.00	11.46	-4.15	12.44	180.00	-910.00	-60.00	4.88	1.77	11.89	-260.00	-240.00	490.00	48.96	-18.96	-203.05	-240.00	-710.00	-210.00	29.76	-51.89	-179.51
0.00	-1050.00	-20.00	12.80	-4.45	13.54	180.00	-910.00	-60.00	4.88	1.77	11.89	430.00	-240.00	160.00	54.63	-30.49	-219.02	-510.00	-1030.00	-150.00	37.44	-60.67	-144.70
10.00	-1030.00	10.00	13.41	-3.84	13.90	160.00	-910.00	-70.00	5.24	1.34	9.63	430.00	-240.00	160.00	54.63	-30.49	-219.02	-510.00	-1030.00	-150.00	37.44	-60.67	-144.70
20.00	-1050.00	-10.00	13.41	-3.84	13.90	140.00	-890.00	-60.00	4.70	3.23	7.74	530.00	-340.00	20.00	60.85	-47.62	-245.73	-750.00	-1210.00	-160.00	26.28	-63.54	-100.55
20.00	-1050.00	-10.00	16.22	-0.79	16.04	140.00	-890.00	-60.00	4.70	3.23	7.74	530.00	-340.00	20.00	56.77	-57.32	-253.84	-910.00	-1530.00	-180.00	-23.60	-59.63	58.05
20.00	-1060.00	-30.00	16.22	-0.79	16.04	130.00	-890.00	-50.00	4.94	3.41	7.20	230.00	-190.00	-160.00	56.77	-57.32	-253.84	-910.00	-1530.00	-180.00	69.76	-241.59	257.07
10.00	-1060.00	-30.00	17.68	0.73	17.62	130.00	-890.00	-50.00	5.61	2.99	7.38	190.00	-190.00	-190.00	56.77	-57.32	-253.84	-1030.00	-1560.00	10.00	69.76	-241.59	257.07
10.00	-1050.00	-0.00	17.68	0.73	17.62	140.00	-900.00	-50.00	6.46	2.13	8.05	190.00	-190.00	-190.00	49.15	-59.15	-262.20	-1050.00	-1580.00	90.00	-117.44	16.89	-92.13
10.00	-1050.00	-0.00	19.94	4.27	20.73	160.00	-900.00	-60.00	7.99	1.34	9.27	280.00	-350.00	-120.00	47.20	-49.33	-262.32	-1050.00	-1580.00	90.00	-117.44	16.89	-92.13
10.00	-1040.00	20.00	20.91	5.00	22.07	160.00	-900.00	-70.00	8.48	0.55	10.18	280.00	-350.00	-120.00	47.20	-49.33	-262.32	-2000.00	-850.00	-1300.00	47.93	174.45	-62.38
10.00	-1040.00	20.00	20.91	5.00	22.07	160.00	-900.00	-60.00	9.15	-0.24	10.43	240.00	-370.00	-120.00	40.98	-20.49	-252.87	-2000.00	-850.00	-1300.00	78.29	-75.18	6.95
10.00	-1060.00	20.00	24.57	1.04	22.13	140.00	-880.00	-50.00	10.06	-0.91	11.71	30.00	-400.00	-180.00	36.83	-12.38	-244.27	-2000.00	-1140.00	-500.00	46.95	-82.56	11.28
10.00	-1060.00	20.00	24.57	1.04	22.13	160.00	-910.00	-50.00	11.28	-1.40	13.35	30.00	-400.00	-180.00	36.83	-12.38	-244.27	-1360.00	-2000.00	-1040.00	-16.52	-17.32	48.96
-10.00	-1070.00	50.00	24.33	-0.12	21.10	170.00	-910.00	-60.00	12.32	-2.20	14.57	-30.00	-460.00	-190.00	36.83	-12.38	-244.27	460.00	-1590.00	-1610.00	-16.52	-17.32	48.96
-10.00	-1070.00	90.00	24.33	-0.12	21.10	160.00	-910.00	-80.00	13.05	-2.50	15.43	-30.00	-460.00	-190.00	31.65	-5.85	-220.98	330.00	-700.00	-60.00	4.88	-23.17	15.12
-10.00	-1070.00	90.00	23.11	-3.23	15.91	150.00	-910.00	-50.00	13.72	-2.01	16.40	-130.00	-710.00	-250.00	30.61	0.12	-204.21	330.00	-700.00	-60.00	11.95	-14.09	-1.95
20.00	-1120.00	90.00	17.13	-11.22	3.90	130.00	-910.00	-40.00	13.54	-3.23	15.79	-240.00	-760.00	-250.00	30.61	0.12	-204.21	-80.00	-930.00	-390.00	11.83	-12.87	-7.13
20.00	-1120.00	90.00	17.13	-11.22	3.90	110.00	-900.00	-40.00	13.84	-3.11	16.10	-240.00	-760.00	-250.00	33.84	0.79	-164.39	-80.00	-930.00	-390.00	11.83	-12.87	-7.13
40.00	-1150.00	20.00	14.88	-10.73	0.43	130.00	-910.00	-20.00	14.76	-3.60	16.95	-570.00	-900.00	-230.00	30.37	-6.10	-138.72	-510.00	-1330.00	10.00	19.15	6.52	3.23
40.00	-1150.00	20.00	11.16	-7.44	-4.09	120.00	-920.00	-30.00	15.73	-5.18	17.87	-740.00	-1010.00	-210.00	30.37	-6.10	-138.72	-510.00	-1330.00	10.00	11.52	-14.33	-5.43
-30.00	-1030.00	20.00	11.16	-7.44	-4.09	130.00	-920.00	-10.00	16.71	-8.11	18.72	-740.00	-1010.00	-210.00	30.37	-6.10	-138.72	-90.00	-1000.00	-50.00	11.52	-14.33	-5.43
-30.00	-1030.00	20.00	11.16	-7.44	-4.09	120.00	-950.00	30.00	17.32	-9.70	20.18	-740.00	-1010.00	-210.00	-43.96	-170.30	52.26	-40.00	-1010.00	90.00	14.02	-15.67	-7.87
-50.00	-1060.00	-20.00	10.06	-1.95	-5.00	150.00	-970.00	50.00	15.98	-9.09	21.16	-960.00	-1200.00	-180.00	-43.96	-170.30	52.26	-40.00	-1010.00	90.00	14.02	-15.67	-7.87
-90.00	-1040.00	20.00	10.06	-1.95	-5.00	140.00	-1000.00	50.00	14.82	-6.59	21.95	-1050.00	-1230.00	-230.00	-43.96	-170.30	52.26	-100.00	-1050.00	-250.00	12.07	-6.46	-1.22
-90.00	-1040.00	20.00	10.37	-0.37	-3.17	140.00	-1010.00	20.00	15.73	-3.84	21.22	-1050.00	-1230.00	-230.00	-22.56	207.50	63.23	-100.00	-1050.00	-250.00	13.84	-3.17	7.50
-80.00	-980.00	80.00	10.37	-0.37	-3.17	130.00	-940.00	-50.00	15.98	-3.54	19.15	-1250.00	-1380.00	-250.00	37.56	-45.73	18.84	-50.00	-1040.00	-70.00	11.95	-2.44	7.87
-80.00	-980.00	80.00	10.43	-0.49	-2.26	80.00	-940.00	-30.00	17.20	-3.96	17.50	-1280.00	-1430.00	-190.00	7.50	-37.80	30.06	-20.00	-1010.00	80.00	9.09	-2.50	7.56
-60.00	-1000.00	80.00	10.91	-1.34	-0.43	100.00	-920.00	-40.00	18.05	-5.37	15.67	-1280.00	-1430.00	-190.00	7.50	-37.80	30.06	-20.00	-1010.00	80.00	9.09	-2.50	7.56
-40.00	-1000.00	60.00	10.73	-4.63	2.26	110.00	-920.00	-80.00	17.32	-7.87	13.48	-1280.00	-1430.00	-190.00	8.23	7.68	1.77	10.00	-1000.00	40.00	9.15	-3.90	3.29
-40.00	-1000.00	60.00	10.73	-4.63	2.26	90.00	-920.00	-40.00	16.34	-9.94	10.73	-1360.00	-1430.00	-40.00	8.23	7.68	1.77	10.00	-1020.00	20.00	10.06	-4.39	0.49
-30.00	-1020.00	60.00	9.88	-5.67	2.62	70.00	-910.00	-10.00	15.43	-11.10	7.50	-1050.00	-2000.00	-710.00	8.23	7.68	1.77	-30.00	-1020.00	20.00	10.06	-4.39	0.49
-30.00	-1020.00	60.00	7.62	-6.28	2.74	50.00	-910.00	10.00	14.88	-10.79	4.33	-1050.00	-2000.00	-710.00	7.93	-4.57	7.87	-70.00	-1030.00	-10.00	10.12	-0.37	2.07
-10.00	-1060.00	60.00	7.62	-6.28	2.74	30.00	-890.00	10.00	14.57	-9.76	1.59	-2000.00	-1770.00	-1100.00	11.77	2.38	-6.28	-70.00	-1030.00	-10.00	8.72	0.61	3.05
-10.00	-1060.00	60.00	6.34	-5.73	2.20	40.00	-900.00	10.00	13.60	-7.80	-0.30	-2000.00	-710.00	-370.00	11.77	2.38	-6.28	-80.00	-1040.00	-90.00	0.85	-1.22	7.20
-10.00	-1060.00	70.00	6.34	-5.73	2.20	40.00	-890.00	10.00	13.23	-5.43	-1.89	-2000.00	-710.00	-370.00	11.77	2.38	-6.28	-70.00	-1030.00	-70.00	0.85	-1.22	7.20
-10.00	-1060.00	60.00	5.61	-4.21	1.10	60.00	-890.00	-10.00	13.23	-3.54	-2.68	-2000.00	-710.00	-370.00	11.28	-9.70	7.62	-70.00	-1020.00	-20.00	1.46	-0.43	7.13
-30.00	-1060.00	90.00	5.61	-4.21	1.10	80.00	-890.00	0.00	12.99	-1.95	-2.74	1770.00	-1100.00	-450.00	11.28	-9.70	7.62	-70.00	-1020.00	-20.00	1.34	-0.43	6.71
-30.00	-1060.00	90.00	5.18	-3.41	0.49	80.00	-900.00	-0.00	12.68	-1.59	-2.26	-890.00	-1080.00	500.00	11.28	-9.70	7.62	-50.00	-1000.00	10.00	1.10	-0.85	6.04
-30.00	-1060.00	100.00	5.67	-2.13	-0.79	90.00	-910.00	10.00	12.62	-1.16	-1.34	-890.00	-1080.00	500.00	11.34	-2.13	5.67	-60.00	-1000.00	10.00	0.98	-0.98	5.43
-30.00	-1060.00	100.00	5.67	-2.13	-0.79	110.00	-920.00	10.00	12.26	-0.98	-0.37	-890.00	-1080.00	500.00	12.56	-1.28	2.38	-70.00	-1030.00	-20.00	1.04	-1.10	4.88
-40.00	-1040.00	130.00	5.79	-1.89	-1.52	110.00	-930.00	20.00	12.26	-1.71	0.73	-90.00	-900.00	-170.00	12.56	-1.28	2.38	-70.00	-1030.00	-20.00	1.04	-1.10	4.88
-40.00	-1040.00	130.00	5.79	-1.89	-1.52	120.00	-920.00	10.00	12.20	-2.20	1.83	-90.00	-900.00	-170.00	10.98	0.73	2.87	-70.00	-1030.00	-20.00	0.85	-0.49	4.76
-30.00	-1040.00	120.00	5.18	-2.26	-2.07	120.00	-930.00	10.00	11.71	-2.50	2.99	-90.00	-900.00	-170.00	11.10	1.83	1.28	-80.00	-1030.00	-20.00	0.67	-0.85	4.63
-40.00	-1040.00	90.00	5.18	-2.26	-2.07	110.00	-930.00	20.00	11.40	-3.17	3.78	-340.00	-1030.00	-0.00	11.10	1.83	1.28	-80.00	-1030.00	-20.00	-0.73	-1.77	4.15
