LLACx	LLACy	LLACz	LLGYx	LLGYy	LLGYz	LMACx	LMACy	LMACz	LMGYx	LMGYy	LMGYz	RLACx	RLACy	RLACz	RLGYx	RLGYy	RLGYz	RMACx	RMACy	RMACz	RMGYx	RMGYy	RMGYz
0.00	-1050.00	40.00	-3.60	-3.54	1.34	140.00	-930.00	20.00	-3.48	-0.12	0.67	-250.00	-1010.00	-30.00	-7.13	0.91	1.83	-100.00	-1020.00	70.00	-6.46	0.73	0.98
130.00	-1030.00	10.00	-0.67	-1.28	0.00	230.00	-890.00	-30.00	-1.16	-0.98	-0.43	-250.00	-1020.00	-40.00	-0.55	0.00	-1.16	-210.00	-1010.00	-100.00	-1.22	-0.37	-1.40
140.00	-1030.00	10.00	-0.55	-1.10	0.06	230.00	-890.00	-20.00	-1.04	-0.98	-0.37	-400.00	-940.00	-220.00	-0.55	-0.06	-1.04	-210.00	-1010.00	-100.00	-1.16	-0.49	-1.34
140.00	-1030.00	10.00	-0.49	-1.22	0.06	230.00	-890.00	-30.00	-1.22	-0.98	-0.37	-390.00	-940.00	-210.00	-0.55	0.12	-0.98	-200.00	-1010.00	-100.00	-1.10	-0.55	-1.28
130.00	-1030.00	10.00	-0.55	-1.28	0.06	230.00	-890.00	-20.00	-1.22	-1.04	-0.30	-400.00	-940.00	-220.00	-0.55	0.24	-0.98	-200.00	-1010.00	-90.00	-1.10	-0.43	-1.16
140.00	-1030.00	10.00	-0.55	-1.34	0.06	230.00	-890.00	-20.00	-1.16	-0.91	-0.30	-390.00	-940.00	-210.00	-0.61	0.12	-1.04	-200.00	-1010.00	-100.00	-0.98	-0.43	-0.98
140.00	-1020.00	10.00	-0.37	-1.34	-0.06	230.00	-890.00	-20.00	-1.22	-1.04	-0.43	-390.00	-940.00	-210.00	-0.61	0.12	-1.04	-200.00	-1010.00	-90.00	-0.85	-0.43	-0.79
140.00	-1030.00	10.00	-0.43	-1.40	-0.18	230.00	-890.00	-20.00	-1.28	-1.28	-0.49	-390.00	-940.00	-210.00	-0.67	0.18	-1.10	-200.00	-1010.00	-100.00	-0.85	-0.37	-0.85
140.00	-1020.00	10.00	-0.49	-1.52	-0.30	230.00	-890.00	-20.00	-1.22	-1.46	-0.49	-400.00	-940.00	-200.00	-0.67	0.18	-1.10	-200.00	-1000.00	-90.00	-0.91	-0.43	-0.79
140.00	-1020.00	10.00	-0.49	-1.59	-0.37	230.00	-890.00	-20.00	-1.34	-1.46	-0.73	-390.00	-940.00	-210.00	-0.85	0.18	-1.22	-200.00	-1010.00	-100.00	-0.91	-0.49	-0.98
140.00	-1030.00	10.00	-0.55	-1.65	-0.61	230.00	-890.00	-20.00	-1.59	-1.71	-0.73	-390.00	-940.00	-210.00	-0.98	0.24	-1.28	-200.00	-1000.00	-90.00	-0.98	-0.49	-0.98
140.00	-1020.00	10.00	-0.61	-1.77	-0.67	240.00	-890.00	-20.00	-1.89	-1.89	-0.85	-390.00	-940.00	-210.00	-0.98	0.24	-1.28	-200.00	-1000.00	-90.00	-1.10	-0.55	-1.04
140.00	-1020.00	10.00	-0.85	-1.52	-0.98	240.00	-890.00	-30.00	-1.95	-2.32	-1.10	-390.00	-930.00	-210.00	-1.10	0.43	-1.28	-200.00	-1000.00	-90.00	-1.22	-0.55	-1.22
140.00	-1020.00	10.00	-1.22	-1.28	-1.40	230.00	-890.00	-20.00	-2.26	-2.56	-1.22	-390.00	-940.00	-210.00	-1.28	0.55	-1.40	-200.00	-1000.00	-90.00	-1.10	-0.55	-1.22
140.00	-1020.00	10.00	-1.65	-0.49	-1.59	230.00	-890.00	-20.00	-2.87	-1.65	-1.71	-390.00	-940.00	-200.00	-1.34	0.49	-1.40	-200.00	-1000.00	-90.00	-1.10	-0.67	-1.28
140.00	-1020.00	20.00	-1.40	-0.91	-1.59	230.00	-890.00	-20.00	-2.87	-1.65	-1.71	-390.00	-940.00	-210.00	-1.40	0.37	-1.34	-200.00	-1000.00	-90.00	-1.34	-0.67	-1.40
140.00	-1020.00	20.00	-1.40	-0.91	-1.59	230.00	-890.00	-10.00	-2.87	-1.65	-1.71	-390.00	-940.00	-210.00	-1.65	0.67	-1.34	-200.00	-1000.00	-90.00	-1.40	-0.67	-1.59
140.00	-1020.00	20.00	-1.22	-1.34	-1.52	230.00	-900.00	-20.00	-2.01	-1.34	-2.13	-400.00	-930.00	-210.00	-1.77	0.67	-1.40	-200.00	-1000.00	-90.00	-1.52	-0.43	-1.59
130.00	-1020.00	20.00	-0.85	-2.01	-1.40	230.00	-890.00	-10.00	-1.59	-1.52	-1.71	-400.00	-930.00	-210.00	-1.65	0.55	-1.46	-200.00	-1000.00	-90.00	-2.38	-0.67	-2.80
140.00	-1020.00	20.00	-0.85	-2.01	-1.40	230.00	-890.00	-20.00	-1.59	-1.52	-1.71	-390.00	-930.00	-210.00	-1.65	0.43	-1.59	-200.00	-1000.00	-90.00	-2.38	-0.67	-2.80
130.00	-1020.00	20.00	-0.79	-2.26	-1.28	230.00	-890.00	-30.00	-0.98	-1.59	-1.52	-400.00	-930.00	-200.00	-1.59	0.30	-1.71	-200.00	-1000.00	-90.00	-2.38	-0.67	-2.80
140.00	-1020.00	10.00	-0.91	-1.95	-1.04	230.00	-880.00	-50.00	-0.98	-1.71	-0.98	-390.00	-940.00	-200.00	-1.52	0.06	-1.83	-200.00	-1000.00	-80.00	-2.44	-0.30	-2.20
150.00	-1020.00	0.00	-1.16	-1.46	-0.55	230.00	-880.00	-50.00	-0.98	-1.71	-0.98	-390.00	-940.00	-210.00	-1.59	-0.18	-1.89	-200.00	-1000.00	-90.00	-2.44	-0.30	-2.20
140.00	-1030.00	-10.00	-1.28	-0.79	-0.18	250.00	-880.00	-60.00	-1.40	-1.40	-0.91	-390.00	-940.00	-210.00	-1.46	-0.37	-1.83	-200.00	-1000.00	-100.00	-2.44	-0.30	-2.20
150.00	-1030.00	-20.00	-1.34	-0.67	0.00	250.00	-890.00	-50.00	-1.40	-0.98	-0.98	-390.00	-940.00	-210.00	-1.52	-0.61	-1.95	-200.00	-1000.00	-100.00	-2.38	-0.37	-2.01
150.00	-1030.00	-20.00	-1.34	-0.55	0.06	250.00	-890.00	-50.00	-1.59	-0.67	-0.79	-400.00	-930.00	-220.00	-1.59	-0.43	-1.89	-200.00	-1010.00	-90.00	-2.07	-0.30	-1.46
140.00	-1030.00	-20.00	-1.34	-0.43	0.12	240.00	-890.00	-40.00	-1.83	-0.55	-0.73	-390.00	-930.00	-220.00	-1.59	-0.43	-1.77	-200.00	-1010.00	-90.00	-2.07	-0.30	-1.46
150.00	-1030.00	10.00	-1.04	-0.85	0.12	240.00	-890.00	-30.00	-1.83	-0.43	-0.73	-380.00	-930.00	-210.00	-1.59	-0.37	-1.59	-190.00	-1010.00	-90.00	-1.95	-0.18	-1.28
150.00	-1030.00	10.00	-0.79	-1.34	-0.06	240.00	-890.00	-20.00	-1.71	-0.49	-0.61	-390.00	-930.00	-210.00	-1.71	-0.06	-1.34	-190.00	-1010.00	-100.00	-1.46	0.00	-0.79
150.00	-1030.00	10.00	-0.73	-1.52	-0.06	240.00	-890.00	-20.00	-1.46	-0.73	-0.55	-390.00	-940.00	-210.00	-1.52	-0.37	-1.10	-190.00	-1010.00	-100.00	-1.46	0.00	-0.79
150.00	-1020.00	10.00	-0.55	-1.59	0.00	240.00	-890.00	-30.00	-1.16	-0.98	-0.43	-390.00	-940.00	-210.00	-1.46	-0.61	-0.85	-190.00	-1010.00	-90.00	-1.46	0.00	-0.79
150.00	-1020.00	0.00	-0.49	-1.71	0.18	240.00	-890.00	-30.00	-1.04	-0.98	-0.24	-390.00	-940.00	-210.00	-1.40	-0.67	-0.73	-190.00	-1010.00	-100.00	-1.34	0.00	-0.73
150.00	-1030.00	0.00	-0.61	-1.46	0.30	230.00	-890.00	-40.00	-1.04	-0.98	-0.18	-390.00	-940.00	-210.00	-1.28	-0.85	-0.61	-190.00	-1010.00	-100.00	-1.34	0.00	-0.67
150.00	-1020.00	-0.00	-0.79	-1.10	0.55	240.00	-880.00	-40.00	-0.91	-0.85	-0.12	-390.00	-950.00	-210.00	-1.28	-0.67	-0.61	-190.00	-1010.00	-100.00	-1.34	0.00	-0.67
140.00	-1020.00	-10.00	-0.73	-0.73	0.73	240.00	-880.00	-40.00	-1.04	-0.55	-0.06	-390.00	-940.00	-210.00	-1.16	-0.55	-0.61	-190.00	-1010.00	-100.00	-1.34	0.00	-0.67
150.00	-1030.00	-0.00	-0.61	-0.43	0.85	240.00	-880.00	-40.00	-1.22	-0.30	-0.12	-380.00	-940.00	-220.00	-1.04	-0.49	-0.61	-190.00	-1010.00	-100.00	-1.34	0.12	-0.61
150.00	-1030.00	0.00	-0.73	-0.43	0.79	240.00	-890.00	-40.00	-1.52	-0.12	-0.12	-380.00	-940.00	-210.00	-1.04	-0.49	-0.55	-190.00	-1010.00	-100.00	-1.28	0.06	-0.67
150.00	-1020.00	0.00	-0.79	-0.30	0.61	240.00	-890.00	-40.00	-1.52	0.12	-0.06	-390.00	-940.00	-220.00	-0.98	-0.43	-0.61	-190.00	-1010.00	-100.00	-1.28	0.06	-0.67
150.00	-1020.00	0.00	-0.67	-0.43	0.55	240.00	-890.00	-30.00	-1.59	0.24	-0.06	-380.00	-940.00	-220.00	-1.04	-0.24	-0.67	-180.00	-1010.00	-100.00	-1.28	0.06	-0.67
150.00	-1020.00	0.00	-0.55	-0.43	0.49	240.00	-890.00	-40.00	-1.65	0.12	-0.18	-390.00	-940.00	-210.00	-1.04	-0.18	-0.73	-180.00	-1010.00	-100.00	-1.46	0.43	-1.22
150.00	-1020.00	0.00	-0.55	-0.43	0.55	240.00	-890.00	-30.00	-1.52	0.18	-0.24	-390.00	-940.00	-220.00	-0.91	-0.18	-0.79	-180.00	-1010.00	-100.00	-1.40	0.37	-1.46
150.00	-1020.00	10.00	-0.49	-0.55	0.43	240.00	-890.00	-30.00	-1.40	0.12	-0.24	-380.00	-940.00	-210.00	-0.98	-0.18	-0.79	-180.00	-1010.00	-100.00	-1.28	0.12	-1.77
150.00	-1020.00	10.00	-0.49	-0.79	0.37	240.00	-890.00	-30.00	-1.34	-0.06	-0.37	-400.00	-940.00	-210.00	-0.98	0.24	-0.79	-200.00	-1000.00	-100.00	-1.28	0.12	-1.77
150.00	-1020.00	0.00	-0.73	-0.61	0.30	240.00	-890.00	-30.00	-1.22	-0.12	-0.30	-390.00	-940.00	-210.00	-0.98	0.30	-0.91	-190.00	-1000.00	-90.00	-1.52	-0.12	-2.01
140.00	-1020.00	-0.00	-0.55	-0.55	0.30	240.00	-890.00	-40.00	-1.40	-0.18	-0.37	-390.00	-940.00	-220.00	-0.98	0.43	-0.91	-190.00	-1000.00	-90.00	-1.52	-0.24	-2.07
150.00	-1020.00	0.00	-0.37	-0.49	0.18	240.00	-890.00	-40.00	-1.40	-0.18	-0.37	-390.00	-930.00	-220.00	-0.98	0.55	-0.91	-190.00	-1000.00	-90.00	-1.16	-0.30	-1.89
150.00	-1020.00	-0.00	-0.49	-0.49	0.24	240.00	-890.00	-40.00	-1.52	-0.24	-0.49	-390.00	-940.00	-220.00	-1.16	0.55	-0.98	-190.00	-1000.00	-100.00	-1.16	-0.30	-2.01
140.00	-1020.00	0.00	-0.55	-0.55	0.24	240.00	-880.00	-40.00	-1.34	-0.30	-0.43	-390.00	-940.00	-220.00	-1.16	0.73	-1.16	-190.00	-1000.00	-100.00	-1.16	-0.30	-2.01
150.00	-1020.00	0.00	-0.73	-0.43	0.24	240.00	-890.00	-40.00	-1.34	-0.30	-0.43	-390.00	-940.00	-220.00	-1.34	0.98	-1.34	-190.00	-1000.00	-100.00	-1.34	-0.30	-2.13
150.00	-1020.00	10.00	-0.55	-0.55	0.18	240.00	-890.00	-30.00	-1.46	-0.12	-0.24	-390.00	-940.00	-210.00	-1.28	0.85	-1.34	-190.00	-1000.00	-100.00	-1.16	-0.18	-2.38
150.00	-1020.00	0.00	-0.61	-0.49	0.18	240.00	-890.00	-40.00	-1.40	-0.12	-0.37	-390.00	-940.00	-210.00	-1.34	0.85	-1.34	-190.00	-1010.00	-100.00	-1.16	-0.18	-2.38
150.00	-1020.00	0.00	-0.67	-0.37	0.06	240.00	-890.00	-40.00	-1.34	-0.18	-0.49	-390.00	-930.00	-210.00	-1.28	0.73	-1.34	-190.00	-1010.00	-100.00	-1.22	-0.18	-2.74
150.00	-1020.00	0.00	-0.67	-0.37	0.00	240.00	-890.00	-30.00	-1.34	-0.18	-0.49	-380.00	-930.00	-210.00	-1.46	0.55	-1.40	-190.00	-1000.00	-100.00	-1.28	-0.18	-3.72
150.00	-1020.00	0.00	-0.55	-0.61	-0.12	240.00	-890.00	-40.00	-1.28	-0.18	-0.61	-400.00	-930.00	-210.00	-1.40	0.43	-1.34	-190.00	-1000.00	-100.00	-1.28	-0.18	-3.72
150.00	-1020.00	-0.00	-0.55	-0.49	-0.12	250.00	-890.00	-40.00	-1.34	-0.18	-0.73	-390.00	-930.00	-220.00	-1.34	0.18	-1.28	-190.00	-1000.00	-100.00	-1.28	-0.18	-3.72
150.00	-1030.00	-10.00	-0.49	-0.37	-0.12	240.00	-890.00	-50.00	-1.16	-0.37	-0.79	-380.00	-940.00	-220.00	-1.34	0.37	-1.34	-190.00	-1000.00	-100.00	-1.52	-0.24	-4.45
140.00	-1020.00	0.00	-0.37	-0.43	-0.24	240.00	-890.00	-30.00	-1.16	-0.37	-0.79	-390.00	-940.00	-220.00	-1.16	0.37	-1.28	-190.00	-1000.00	-100.00	-1.71	-0.49	-4.09
150.00	-1020.00	-0.00	-0.24	-0.37	-0.12	240.00	-880.00	-40.00	-1.04	-0.30	-0.73	-380.00	-930.00	-220.00	-1.28	0.37	-1.40	-190.00	-1000.00	-100.00	-1.71	-0.49	-4.09
150.00	-1020.00	0.00	-0.24	-0.37	-0.18	240.00	-890.00	-40.00	-0.37	-0.24	-0.61	-390.00	-940.00	-220.00	-1.28	0.43	-1.46	-190.00	-1000.00	-110.00	-1.52	-0.37	-2.99
150.00	-1020.00	0.00	-0.12	-0.37	0.00	240.00	-890.00	-40.00	-0.37	-0.24	-0.61	-390.00	-940.00	-220.00	-1.28	0.55	-1.71	-190.00	-1000.00	-100.00	-1.52	-0.37	-2.99
150.00	-1020.00	-0.00	-0.12	-0.24	0.00	240.00	-890.00	-40.00	-0.24	-0.43	-0.61	-380.00	-940.00	-220.00	-1.28	0.79	-2.01	-190.00	-1000.00	-100.00	-1.22	-0.24	-2.38
150.00	-1020.00	-0.00	-0.06	-0.24	0.00	240.00	-890.00	-40.00	-0.24	-0.73	-0.49	-380.00	-940.00	-210.00	-1.28	0.98	-2.32	-190.00	-1000.00	-100.00	-1.22	-0.24	-2.38
150.00	-1020.00	-0.00	0.12	-0.55	-0.18	240.00	-890.00	-40.00	-0.24	-0.73	-0.49	-390.00	-940.00	-210.00	-1.10	0.98	-2.62	-170.00	-1010.00	-110.00	-0.85	-0.12	-1.83
150.00	-1020.00	0.00	0.30	-0.73	-0.30	250.00	-890.00	-40.00	-0.24	-0.61	-0.37	-390.00	-940.00	-210.00	-1.10	1.10	-2.93	-180.00	-1010.00	-100.00	-0.79	-0.24	-1.59
150.00	-1020.00	-0.00	0.37	-1.04	-0.49	250.00	-880.00	-40.00	-0.24	-0.61	-0.37	-380.00	-940.00	-210.00	-0.91	1.10	-3.11	-180.00	-1010.00	-100.00	-0.79	-0.24	-1.59
150.00	-1020.00	-0.00	0.55	-1.16	-0.49	250.00	-890.00	-40.00	-0.18	-0.55	-0.43	-380.00	-940.00	-210.00	-0.79	1.16	-2.99	-160.00	-1020.00	-100.00	-0.79	-0.24	-1.59
150.00	-1020.00	0.00	0.49	-0.79	-0.49	250.00	-890.00	-40.00	-0.18	-0.55	-0.43	-380.00	-930.00	-220.00	-0.43	0.67	-2.74	-170.00	-1010.00	-100.00	-0.49	-0.61	-1.22
150.00	-1020.00	-10.00	0.43	-0.79	-0.43	250.00	-890.00	-40.00	-0.24	-0.55	-0.37	-390.00	-930.00	-220.00	-0.37	0.73	-2.44	-170.00	-1010.00	-100.00	-0.24	-0.73	-0.79
150.00	-1030.00	-10.00	0.67	-0.91	-0.43	250.00	-890.00	-40.00	-0.30	-0.43	-0.24	-390.00	-930.00	-220.00	-0.30	0.73	-2.13	-170.00	-1010.00	-100.00	-0.24	-0.73	-0.79
150.00	-1020.00	-0.00	0.61	-0.79	-0.49	250.00	-890.00	-40.00	-0.30	-0.43	-0.24	-390.00	-930.00	-220.00	0.06	0.73	-1.95	-180.00	-1010.00	-110.00	0.43	-0.43	0.06
150.00	-1020.00	-0.00	0.55	-0.73	-0.43	250.00	-890.00	-40.00	-0.30	-0.18	0.00	-390.00	-930.00	-220.00	0.24	1.04	-1.95	-180.00	-1010.00	-100.00	0.43	-0.43	0.06
150.00	-1020.00	-0.00	0.73	-0.73	-0.12	250.00	-890.00	-40.00	-0.30	-0.18	0.00	-390.00	-930.00	-220.00	0.37	1.04	-1.83	-180.00	-1010.00	-100.00	0.43	-0.30	0.30
160.00	-1020.00	-0.00	0.85	-0.55	0.24	250.00	-890.00	-40.00	0.30	0.30	0.43	-380.00	-940.00	-220.00	0.49	0.67	-1.65	-170.00	-1010.00	-100.00	0.43	-0.30	0.30
150.00	-1030.00	-0.00	0.98	-0.55	0.61	240.00	-880.00	-40.00	0.30	0.30	0.43	-370.00	-940.00	-220.00	0.55	0.43	-1.40	-170.00	-1010.00	-100.00	0.67	-0.37	0.73
150.00	-1020.00	-0.00	1.22	-0.85	0.79	240.00	-880.00	-40.00	0.73	0.24	0.55	-380.00	-950.00	-220.00	0.67	0.06	-1.16	-170.00	-1010.00	-100.00	0.49	-0.30	0.91
150.00	-1020.00	-0.00	1.46	-1.04	1.04	250.00	-880.00	-50.00	1.16	0.24	1.04	-370.00	-960.00	-220.00	0.73	-0.06	-0.85	-170.00	-1010.00	-100.00	0.49	-0.30	0.91
150.00	-1020.00	-0.00	1.65	-1.10	1.22	250.00	-880.00	-50.00	1.16	0.24	1.04	-380.00	-950.00	-210.00	0.85	-0.06	-0.67	-180.00	-1010.00	-100.00	0.98	-0.49	1.46
150.00	-1020.00	0.00	1.65	-1.16	1.28	250.00	-880.00	-50.00	1.16	0.24	1.04	-390.00	-950.00	-220.00	0.98	-0.37	-0.55	-170.00	-1010.00	-100.00	0.98	-0.49	1.46
160.00	-1020.00	-10.00	1.65	-1.04	1.34	250.00	-880.00	-50.00	1.22	0.24	1.16	-380.00	-950.00	-220.00	0.98	-0.18	-0.37	-170.00	-1010.00	-100.00	0.98	-0.30	1.71
160.00	-1020.00	-10.00	1.71	-0.85	1.40	250.00	-880.00	-50.00	1.22	0.43	1.04	-370.00	-950.00	-220.00	0.98	-0.18	-0.18	-180.00	-1010.00	-100.00	0.98	-0.30	1.71
160.00	-1020.00	-10.00	1.77	-0.91	1.40	250.00	-880.00	-50.00	1.22	0.43	1.04	-370.00	-940.00	-220.00	0.91	-0.49	0.06	-180.00	-1010.00	-100.00	1.16	-0.18	2.32
160.00	-1020.00	-10.00	1.59	-0.79	1.40	250.00	-880.00	-50.00	0.91	0.61	1.16	-380.00	-950.00	-220.00	0.79	-0.55	0.30	-170.00	-1010.00	-110.00	1.16	-0.18	2.32
150.00	-1020.00	-10.00	1.52	-0.67	1.46	240.00	-880.00	-40.00	0.73	0.73	1.22	-380.00	-940.00	-220.00	0.79	-0.55	0.67	-170.00	-1010.00	-110.00	0.98	0.06	2.38
160.00	-1020.00	0.00	1.52	-0.61	1.46	240.00	-880.00	-40.00	0.73	0.73	1.22	-370.00	-940.00	-220.00	0.73	-0.55	0.91	-180.00	-1010.00	-100.00	0.73	0.06	2.20
160.00	-1020.00	-0.00	1.65	-0.67	1.46	240.00	-880.00	-40.00	0.61	0.91	1.22	-370.00	-950.00	-220.00	0.85	-0.61	0.98	-180.00	-1010.00	-100.00	0.73	0.06	2.20
160.00	-1020.00	-0.00	1.59	-0.55	1.52	240.00	-890.00	-30.00	0.79	0.98	1.46	-380.00	-940.00	-210.00	0.91	-0.43	1.22	-170.00	-1010.00	-110.00	0.73	0.06	2.20
160.00	-1020.00	0.00	1.71	-0.49	1.65	240.00	-890.00	-30.00	0.79	0.98	1.46	-370.00	-940.00	-220.00	1.10	-0.12	1.46	-180.00	-1000.00	-100.00	0.67	0.18	2.20
160.00	-1020.00	0.00	1.83	-0.67	1.83	240.00	-880.00	-40.00	0.79	1.16	1.52	-380.00	-940.00	-220.00	1.16	0.43	1.40	-180.00	-1000.00	-100.00	0.55	0.43	2.20
150.00	-1020.00	-0.00	1.83	-0.67	1.95	240.00	-880.00	-40.00	0.85	1.28	1.65	-380.00	-940.00	-220.00	1.10	0.67	1.34	-180.00	-1010.00	-100.00	0.55	0.43	2.20
150.00	-1020.00	-0.00	1.71	-0.43	2.07	240.00	-880.00	-40.00	0.85	1.28	1.65	-380.00	-940.00	-220.00	1.16	0.73	1.28	-180.00	-1010.00	-100.00	0.55	0.43	2.07
160.00	-1020.00	0.00	1.77	-0.55	2.07	240.00	-880.00	-40.00	0.85	1.28	1.65	-380.00	-940.00	-220.00	1.28	0.79	1.16	-180.00	-1000.00	-90.00	0.24	0.18	1.83
150.00	-1020.00	0.00	1.83	-0.61	2.13	250.00	-880.00	-40.00	0.85	1.28	1.65	-370.00	-950.00	-210.00	1.34	0.67	1.16	-180.00	-1000.00	-90.00	0.24	0.18	1.83
160.00	-1020.00	-0.00	1.77	-0.49	2.32	250.00	-880.00	-40.00	0.98	1.22	1.65	-380.00	-940.00	-220.00	1.40	0.61	1.04	-180.00	-1000.00	-100.00	0.24	0.18	1.83
150.00	-1020.00	-0.00	1.83	-0.49	2.38	250.00	-880.00	-40.00	0.98	1.22	1.65	-370.00	-950.00	-210.00	1.40	0.67	0.85	-180.00	-1000.00	-100.00	0.18	0.00	1.89
160.00	-1020.00	-0.00	1.95	-0.73	2.26	240.00	-890.00	-40.00	0.98	1.22	1.65	-390.00	-950.00	-210.00	1.40	0.79	0.79	-180.00	-1000.00	-100.00	0.18	0.00	1.89
160.00	-1020.00	-10.00	1.89	-0.91	2.20	250.00	-890.00	-40.00	0.98	0.79	1.65	-380.00	-940.00	-220.00	1.46	0.67	0.85	-180.00	-1000.00	-100.00	0.18	0.00	1.89
150.00	-1020.00	-0.00	1.83	-0.85	2.26	250.00	-890.00	-40.00	0.98	0.79	1.65	-390.00	-940.00	-210.00	1.34	0.43	0.79	-190.00	-1000.00	-100.00	0.67	-0.12	2.87
150.00	-1020.00	0.00	1.71	-0.79	2.20	250.00	-890.00	-40.00	0.98	0.79	1.65	-370.00	-940.00	-220.00	1.10	0.12	1.10	-180.00	-1000.00	-100.00	0.67	-0.12	2.87
160.00	-1020.00	0.00	1.59	-0.67	2.13	250.00	-890.00	-30.00	0.98	0.79	1.65	-390.00	-940.00	-210.00	1.10	0.12	1.22	-180.00	-1000.00	-100.00	0.67	-0.12	2.87
160.00	-1020.00	0.00	1.59	-0.67	2.01	250.00	-890.00	-30.00	0.43	0.79	1.34	-380.00	-940.00	-220.00	0.91	0.49	1.46	-180.00	-1000.00	-100.00	0.67	-0.12	2.87
150.00	-1020.00	0.00	1.59	-0.55	2.07	250.00	-890.00	-30.00	0.43	0.79	1.34	-390.00	-940.00	-210.00	0.85	0.30	1.77	-180.00	-1010.00	-100.00	0.37	0.18	2.99
150.00	-1020.00	0.00	1.46	-0.61	1.89	250.00	-890.00	-30.00	0.43	0.79	1.34	-390.00	-940.00	-210.00	0.85	0.37	1.95	-180.00	-1010.00	-100.00	0.37	0.18	2.99
150.00	-1020.00	10.00	1.22	-0.61	1.71	240.00	-890.00	-20.00	0.00	0.55	0.98	-380.00	-930.00	-220.00	0.79	0.61	2.01	-180.00	-1000.00	-80.00	0.37	0.18	2.99
150.00	-1020.00	10.00	1.04	-0.55	1.83	240.00	-890.00	-20.00	0.00	0.55	0.98	-380.00	-940.00	-220.00	0.79	1.16	1.95	-180.00	-1000.00	-80.00	0.30	0.00	2.50
150.00	-1020.00	10.00	0.98	-0.43	1.77	240.00	-890.00	-20.00	0.00	0.55	0.98	-380.00	-940.00	-210.00	0.67	1.16	1.77	-180.00	-1000.00	-80.00	0.30	0.00	2.50
150.00	-1020.00	10.00	0.98	-0.67	1.89	240.00	-890.00	-30.00	0.00	0.55	0.98	-380.00	-940.00	-210.00	0.61	0.85	1.71	-190.00	-1000.00	-100.00	0.30	0.00	2.50
150.00	-1020.00	10.00	0.98	-0.73	2.01	240.00	-890.00	-30.00	0.00	0.98	1.22	-380.00	-950.00	-210.00	0.55	0.61	1.77	-190.00	-1000.00	-100.00	-0.12	0.06	1.89
140.00	-1020.00	10.00	0.98	-0.73	2.13	240.00	-890.00	-30.00	0.00	0.98	1.22	-380.00	-940.00	-220.00	0.61	0.55	1.71	-190.00	-1000.00	-100.00	-0.12	0.06	1.89
150.00	-1020.00	10.00	0.91	-0.73	2.13	240.00	-890.00	-30.00	0.00	0.98	1.22	-380.00	-950.00	-210.00	0.55	0.67	1.52	-190.00	-1000.00	-100.00	-0.12	0.06	1.89
140.00	-1020.00	10.00	0.85	-0.79	2.13	240.00	-890.00	-30.00	0.06	0.79	1.34	-380.00	-950.00	-210.00	0.49	0.55	1.40	-190.00	-1000.00	-100.00	-0.12	0.06	1.89
160.00	-1020.00	10.00	0.91	-1.04	1.95	240.00	-890.00	-30.00	0.06	0.79	1.34	-390.00	-950.00	-210.00	0.49	0.49	1.22	-190.00	-1000.00	-100.00	-0.49	0.00	1.46
150.00	-1020.00	-0.00	0.91	-1.10	1.83	240.00	-890.00	-30.00	0.06	0.79	1.34	-390.00	-940.00	-210.00	0.24	0.61	1.04	-190.00	-1000.00	-100.00	-0.49	0.00	1.46
150.00	-1020.00	-10.00	0.73	-1.16	1.77	240.00	-890.00	-40.00	0.12	0.49	1.40	-380.00	-940.00	-210.00	0.24	0.67	0.91	-190.00	-1000.00	-90.00	-0.49	0.00	1.46
150.00	-1020.00	0.00	0.73	-0.98	1.77	240.00	-890.00	-40.00	-0.06	0.30	1.16	-380.00	-940.00	-210.00	0.37	0.55	0.79	-190.00	-1000.00	-90.00	-0.49	0.00	1.59
150.00	-1020.00	0.00	0.67	-0.98	1.65	240.00	-890.00	-40.00	-0.06	0.30	1.16	-390.00	-940.00	-210.00	0.30	0.43	0.85	-190.00	-1000.00	-90.00	-0.49	0.00	1.71
150.00	-1030.00	10.00	0.49	-0.91	1.52	240.00	-890.00	-30.00	-0.18	0.18	1.10	-380.00	-940.00	-210.00	0.06	0.18	0.85	-180.00	-1010.00	-90.00	-0.49	0.00	1.71
150.00	-1020.00	10.00	0.49	-0.79	1.46	250.00	-890.00	-30.00	-0.37	0.12	0.85	-380.00	-940.00	-210.00	-0.06	0.49	0.79	-180.00	-1010.00	-90.00	-0.49	0.00	1.71
140.00	-1020.00	0.00	0.43	-0.73	1.34	250.00	-890.00	-30.00	-0.37	0.12	0.85	-390.00	-940.00	-210.00	0.12	0.37	0.91	-180.00	-1010.00	-90.00	-0.43	-0.06	1.65
150.00	-1020.00	10.00	0.30	-0.79	1.28	240.00	-890.00	-30.00	-0.49	0.18	0.85	-390.00	-940.00	-210.00	0.12	0.18	0.91	-180.00	-1010.00	-90.00	-0.43	-0.06	1.65
150.00	-1020.00	10.00	0.30	-0.91	1.16	240.00	-890.00	-30.00	-0.55	0.24	0.73	-380.00	-940.00	-210.00	0.00	0.37	0.85	-190.00	-1010.00	-100.00	-0.43	-0.06	1.65
150.00	-1020.00	10.00	0.37	-1.16	0.98	240.00	-890.00	-30.00	-0.55	0.06	0.61	-390.00	-930.00	-210.00	0.12	0.49	0.79	-190.00	-1010.00	-100.00	-0.67	0.00	1.52
150.00	-1020.00	10.00	0.30	-1.28	0.85	240.00	-890.00	-30.00	-0.49	-0.06	0.55	-390.00	-940.00	-210.00	0.00	0.37	0.73	-190.00	-1010.00	-100.00	-0.55	0.00	1.40
150.00	-1020.00	0.00	0.24	-1.16	0.73	240.00	-890.00	-30.00	-0.49	-0.18	0.49	-390.00	-940.00	-210.00	-0.12	0.37	0.79	-190.00	-1000.00	-90.00	-0.61	0.12	1.10
150.00	-1020.00	10.00	0.12	-0.98	0.79	240.00	-890.00	-30.00	-0.49	-0.24	0.43	-390.00	-940.00	-210.00	-0.12	0.37	0.67	-190.00	-1000.00	-100.00	-0.61	0.12	1.10
140.00	-1020.00	0.00	0.12	-0.79	0.91	240.00	-880.00	-30.00	-0.55	-0.30	0.37	-380.00	-940.00	-210.00	-0.06	0.49	0.49	-190.00	-1000.00	-100.00	-0.61	0.12	0.85
140.00	-1020.00	10.00	0.12	-0.67	0.79	240.00	-890.00	-30.00	-0.73	-0.24	0.24	-390.00	-940.00	-210.00	0.06	0.43	0.24	-190.00	-1000.00	-90.00	-0.67	0.06	0.61
150.00	-1020.00	10.00	0.00	-0.61	0.85	240.00	-890.00	-40.00	-0.85	-0.06	0.12	-380.00	-940.00	-210.00	0.00	0.37	0.18	-190.00	-1000.00	-100.00	-0.73	0.00	0.37
140.00	-1020.00	10.00	0.18	-0.85	0.73	240.00	-890.00	-40.00	-0.91	0.06	0.12	-390.00	-940.00	-210.00	-0.06	0.49	0.00	-190.00	-1000.00	-100.00	-0.73	-0.30	0.00
150.00	-1020.00	10.00	0.24	-0.98	0.73	240.00	-890.00	-30.00	-0.98	0.06	0.24	-390.00	-940.00	-210.00	-0.06	0.37	-0.24	-200.00	-1000.00	-100.00	-0.73	-0.30	0.00
150.00	-1010.00	10.00	0.18	-1.04	0.67	240.00	-890.00	-40.00	-0.79	0.00	0.24	-390.00	-940.00	-210.00	0.00	0.24	-0.24	-190.00	-1000.00	-90.00	-0.91	-0.37	-0.06
150.00	-1020.00	10.00	0.30	-1.16	0.61	240.00	-890.00	-30.00	-0.67	-0.18	0.18	-380.00	-940.00	-210.00	-0.24	0.12	-0.24	-200.00	-1000.00	-90.00	-0.85	-0.30	-0.12
150.00	-1020.00	10.00	0.43	-1.22	0.55	240.00	-880.00	-30.00	-0.73	-0.30	0.18	-390.00	-940.00	-210.00	-0.30	0.06	-0.37	-190.00	-1000.00	-90.00	-0.85	-0.30	-0.12
150.00	-1020.00	-0.00	0.37	-1.04	0.67	240.00	-890.00	-30.00	-0.67	-0.43	0.24	-390.00	-930.00	-220.00	-0.43	0.00	-0.30	-190.00	-1000.00	-100.00	-0.85	-0.30	-0.12
150.00	-1020.00	-0.00	0.30	-0.91	0.61	240.00	-890.00	-30.00	-0.61	-0.43	0.24	-390.00	-940.00	-220.00	-0.49	0.06	-0.37	-200.00	-1000.00	-90.00	-0.91	-0.24	-0.12
150.00	-1020.00	10.00	0.37	-0.79	0.67	240.00	-880.00	-40.00	-0.55	-0.43	0.18	-380.00	-930.00	-210.00	-0.43	0.06	-0.43	-190.00	-1000.00	-100.00	-0.91	-0.24	-0.12
140.00	-1020.00	10.00	0.37	-0.67	0.73	240.00	-890.00	-40.00	-0.55	-0.37	0.18	-390.00	-930.00	-210.00	-0.49	0.12	-0.37	-200.00	-1000.00	-100.00	-0.79	-0.30	-0.06
150.00	-1020.00	0.00	0.24	-0.61	0.73	240.00	-890.00	-30.00	-0.79	-0.24	0.18	-390.00	-930.00	-220.00	-0.55	0.12	-0.37	-200.00	-1000.00	-100.00	-0.79	-0.30	0.06
150.00	-1020.00	10.00	0.37	-0.73	0.67	240.00	-890.00	-40.00	-0.73	-0.12	0.24	-390.00	-930.00	-210.00	-0.55	0.06	-0.37	-190.00	-1000.00	-100.00	-0.79	-0.30	0.06
150.00	-1020.00	10.00	0.30	-0.79	0.67	240.00	-890.00	-30.00	-0.73	-0.18	0.06	-390.00	-930.00	-210.00	-0.55	-0.12	-0.37	-190.00	-1000.00	-100.00	-0.79	-0.30	0.06
140.00	-1020.00	0.00	0.18	-0.61	0.73	240.00	-890.00	-30.00	-0.67	-0.24	0.12	-390.00	-930.00	-210.00	-0.49	-0.06	-0.24	-190.00	-1010.00	-100.00	-0.61	-0.37	-0.18
150.00	-1020.00	0.00	0.30	-0.61	0.85	240.00	-890.00	-30.00	-0.61	-0.30	0.18	-390.00	-940.00	-210.00	-0.43	0.00	-0.37	-190.00	-1010.00	-100.00	-0.79	-0.43	-0.43
140.00	-1020.00	10.00	0.37	-0.55	0.91	240.00	-890.00	-30.00	-0.79	-0.18	0.30	-390.00	-940.00	-210.00	-0.30	0.12	-0.43	-190.00	-1010.00	-100.00	-0.79	-0.43	-0.43
150.00	-1020.00	10.00	0.24	-0.37	0.98	240.00	-890.00	-30.00	-0.79	-0.12	0.43	-380.00	-940.00	-210.00	-0.18	0.06	-0.37	-190.00	-1000.00	-100.00	-0.85	-0.43	-0.37
150.00	-1020.00	10.00	0.24	-0.55	1.22	240.00	-890.00	-30.00	-0.55	0.06	0.37	-390.00	-940.00	-210.00	-0.18	-0.12	-0.43	-200.00	-1000.00	-100.00	-0.67	-0.37	-0.30
150.00	-1030.00	10.00	0.49	-0.85	1.22	240.00	-890.00	-30.00	-0.49	0.30	0.43	-380.00	-940.00	-210.00	-0.24	-0.12	-0.55	-200.00	-1000.00	-100.00	-0.67	-0.37	-0.30
150.00	-1030.00	0.00	0.61	-0.98	1.16	240.00	-890.00	-40.00	-0.37	0.30	0.49	-390.00	-940.00	-210.00	-0.30	0.00	-0.61	-190.00	-1000.00	-100.00	-0.67	-0.37	-0.18
150.00	-1020.00	-0.00	0.61	-0.91	1.04	240.00	-890.00	-40.00	-0.12	0.18	0.61	-380.00	-940.00	-210.00	-0.24	0.12	-0.67	-190.00	-1010.00	-90.00	-0.79	-0.43	-0.12
150.00	-1020.00	0.00	0.67	-1.10	1.10	240.00	-880.00	-40.00	-0.12	0.12	0.67	-380.00	-940.00	-210.00	-0.24	0.12	-0.55	-190.00	-1010.00	-90.00	-0.73	-0.37	-0.12
160.00	-1020.00	-0.00	0.73	-0.85	1.16	240.00	-890.00	-40.00	-0.18	-0.06	0.67	-390.00	-940.00	-210.00	-0.18	0.18	-0.55	-190.00	-1010.00	-90.00	-0.67	-0.24	0.12
150.00	-1020.00	0.00	0.73	-0.85	1.16	250.00	-880.00	-40.00	-0.18	-0.12	0.73	-390.00	-940.00	-210.00	-0.18	0.12	-0.55	-190.00	-1000.00	-90.00	-0.67	-0.06	0.18
150.00	-1020.00	10.00	0.73	-0.79	1.16	250.00	-890.00	-40.00	-0.06	0.00	0.73	-380.00	-940.00	-210.00	-0.30	0.06	-0.55	-190.00	-1000.00	-90.00	-0.55	-0.06	0.18
150.00	-1020.00	0.00	0.79	-0.79	1.16	250.00	-890.00	-30.00	-0.06	0.00	0.61	-390.00	-940.00	-210.00	-0.30	0.12	-0.43	-190.00	-1000.00	-100.00	-0.55	0.06	0.43
150.00	-1020.00	0.00	0.98	-1.10	1.40	240.00	-890.00	-30.00	-0.24	0.18	0.61	-390.00	-940.00	-210.00	-0.18	0.18	-0.37	-200.00	-1000.00	-100.00	-0.49	0.06	0.43
150.00	-1020.00	0.00	0.98	-1.10	1.40	240.00	-890.00	-30.00	-0.30	0.37	0.61	-390.00	-940.00	-210.00	-0.06	0.30	-0.30	-190.00	-1010.00	-90.00	-0.43	-0.06	0.49
150.00	-1020.00	10.00	0.98	-1.10	1.40	240.00	-880.00	-30.00	-0.12	0.37	0.67	-390.00	-940.00	-210.00	0.00	0.49	-0.18	-190.00	-1010.00	-90.00	-0.43	-0.30	0.55
150.00	-1020.00	10.00	0.91	-0.85	1.52	240.00	-890.00	-40.00	0.00	0.24	0.73	-380.00	-940.00	-210.00	-0.06	0.55	-0.18	-180.00	-1010.00	-100.00	-0.61	-0.30	0.61
150.00	-1020.00	0.00	0.91	-0.85	1.52	240.00	-890.00	-30.00	0.00	0.30	0.79	-390.00	-940.00	-210.00	0.06	0.55	0.00	-190.00	-1010.00	-100.00	-0.61	-0.43	0.79
150.00	-1020.00	0.00	0.91	-0.85	1.52	240.00	-890.00	-30.00	0.06	0.30	0.73	-390.00	-940.00	-210.00	0.06	0.37	0.06	-190.00	-1010.00	-100.00	-0.37	-0.67	1.04
150.00	-1030.00	-0.00	0.91	-0.85	1.52	240.00	-890.00	-40.00	0.00	0.24	0.91	-380.00	-940.00	-220.00	0.12	0.30	0.18	-190.00	-1010.00	-100.00	-0.37	-0.67	1.16
140.00	-1020.00	0.00	1.04	-0.67	1.52	240.00	-890.00	-40.00	0.00	0.30	0.91	-390.00	-940.00	-220.00	0.06	0.24	0.55	-190.00	-1010.00	-90.00	-0.30	-0.37	1.46
150.00	-1020.00	0.00	1.04	-0.67	1.52	240.00	-890.00	-30.00	0.00	0.43	0.98	-380.00	-950.00	-220.00	0.00	0.30	0.79	-190.00	-1000.00	-100.00	-0.37	-0.30	1.59
150.00	-1020.00	0.00	1.04	-0.67	1.52	240.00	-890.00	-30.00	-0.06	0.49	0.98	-380.00	-940.00	-210.00	0.18	0.55	0.85	-190.00	-1010.00	-100.00	-0.43	-0.49	1.46
150.00	-1020.00	0.00	0.73	-0.61	1.28	240.00	-890.00	-30.00	0.18	0.61	0.91	-380.00	-940.00	-210.00	0.12	0.79	0.85	-190.00	-1010.00	-100.00	-0.37	-0.55	1.52
150.00	-1020.00	-0.00	0.61	-0.67	1.22	240.00	-890.00	-30.00	0.12	0.43	0.98	-390.00	-940.00	-210.00	0.12	0.85	0.85	-180.00	-1000.00	-90.00	-0.37	-0.61	1.46
150.00	-1020.00	-0.00	0.61	-0.67	1.22	240.00	-890.00	-30.00	0.06	0.18	0.91	-390.00	-940.00	-210.00	0.06	0.61	0.91	-190.00	-1000.00	-90.00	-0.43	-0.55	1.40
150.00	-1020.00	-0.00	0.61	-0.67	1.22	240.00	-890.00	-30.00	0.06	0.18	0.85	-380.00	-940.00	-210.00	0.12	0.30	0.98	-190.00	-1010.00	-90.00	-0.30	-0.49	1.28
150.00	-1020.00	0.00	0.49	-0.49	1.22	240.00	-890.00	-40.00	0.00	0.12	0.79	-390.00	-940.00	-210.00	0.12	0.30	0.91	-190.00	-1010.00	-100.00	-0.43	-0.37	1.28
150.00	-1020.00	10.00	0.43	-0.43	1.16	240.00	-890.00	-40.00	-0.12	0.12	0.73	-380.00	-940.00	-210.00	0.18	0.43	0.73	-190.00	-1010.00	-100.00	-0.37	-0.12	1.28
150.00	-1020.00	10.00	0.43	-0.43	1.16	240.00	-890.00	-30.00	-0.12	0.24	0.61	-380.00	-940.00	-210.00	0.12	0.43	0.67	-190.00	-1000.00	-100.00	-0.30	0.12	1.22
140.00	-1020.00	10.00	0.55	-0.55	1.04	240.00	-880.00	-40.00	-0.18	0.18	0.61	-390.00	-940.00	-210.00	0.24	0.37	0.67	-190.00	-1000.00	-100.00	-0.43	0.06	1.22
150.00	-1020.00	10.00	0.61	-0.49	1.10	240.00	-890.00	-30.00	-0.49	0.18	0.55	-380.00	-940.00	-200.00	0.30	0.43	0.49	-190.00	-1000.00	-90.00	-0.24	-0.12	1.04
150.00	-1020.00	10.00	0.61	-0.49	1.10	240.00	-890.00	-30.00	-0.61	0.24	0.43	-390.00	-940.00	-210.00	0.24	0.67	0.37	-190.00	-1000.00	-100.00	-0.30	-0.12	0.85
150.00	-1020.00	10.00	0.61	-0.49	1.10	240.00	-890.00	-30.00	-0.55	0.12	0.49	-390.00	-940.00	-210.00	0.43	0.61	0.24	-190.00	-1000.00	-90.00	-0.43	-0.12	0.55
140.00	-1020.00	0.00	0.73	-0.55	1.10	240.00	-890.00	-30.00	-0.43	0.12	0.37	-390.00	-940.00	-220.00	0.49	0.61	0.12	-190.00	-1000.00	-100.00	-0.43	-0.24	0.37
150.00	-1020.00	10.00	0.67	-0.61	1.16	240.00	-880.00	-30.00	-0.43	0.24	0.37	-390.00	-930.00	-210.00	0.37	0.49	0.12	-200.00	-1000.00	-100.00	-0.49	-0.18	0.24
150.00	-1020.00	10.00	0.67	-0.61	1.16	240.00	-890.00	-30.00	-0.43	0.24	0.43	-380.00	-940.00	-210.00	0.30	0.37	0.00	-200.00	-1000.00	-100.00	-0.61	-0.12	0.18
150.00	-1020.00	10.00	0.55	-0.91	1.16	240.00	-890.00	-30.00	-0.37	0.30	0.49	-390.00	-940.00	-210.00	0.24	0.30	-0.24	-200.00	-1000.00	-90.00	-0.61	-0.18	0.18
150.00	-1020.00	0.00	0.55	-0.91	1.16	240.00	-880.00	-40.00	-0.18	0.30	0.43	-390.00	-940.00	-210.00	0.06	0.30	-0.24	-200.00	-1000.00	-90.00	-0.73	-0.24	0.12
150.00	-1020.00	0.00	0.49	-1.04	1.10	240.00	-890.00	-40.00	-0.24	0.18	0.43	-390.00	-940.00	-210.00	0.00	0.37	-0.30	-200.00	-1000.00	-90.00	-0.61	-0.24	0.12
150.00	-1020.00	0.00	0.49	-1.04	1.10	240.00	-880.00	-40.00	-0.24	0.00	0.61	-390.00	-930.00	-210.00	0.00	0.37	-0.37	-190.00	-1000.00	-90.00	-0.61	-0.24	0.18
150.00	-1030.00	10.00	0.49	-0.79	1.16	240.00	-890.00	-40.00	-0.24	0.00	0.61	-390.00	-930.00	-220.00	-0.06	0.30	-0.30	-200.00	-1000.00	-90.00	-0.73	-0.24	0.24
150.00	-1030.00	10.00	0.49	-0.79	1.16	240.00	-880.00	-40.00	-0.24	0.00	0.55	-390.00	-940.00	-210.00	-0.12	0.24	-0.18	-190.00	-1000.00	-90.00	-0.61	-0.24	0.18
150.00	-1020.00	10.00	0.49	-0.73	1.10	240.00	-890.00	-40.00	-0.24	0.00	0.55	-390.00	-930.00	-210.00	-0.12	0.18	-0.06	-190.00	-1000.00	-90.00	-0.55	-0.30	0.37
150.00	-1020.00	10.00	0.37	-0.79	1.04	240.00	-890.00	-40.00	-0.37	-0.06	0.55	-390.00	-940.00	-210.00	-0.18	0.18	-0.12	-190.00	-1010.00	-100.00	-0.61	-0.18	0.43
150.00	-1030.00	10.00	0.37	-0.79	1.04	240.00	-890.00	-30.00	-0.37	0.12	0.49	-390.00	-930.00	-210.00	-0.24	0.18	-0.06	-190.00	-1000.00	-100.00	-0.67	-0.12	0.43
150.00	-1020.00	0.00	0.37	-0.79	1.04	250.00	-890.00	-40.00	-0.43	0.06	0.37	-390.00	-930.00	-210.00	-0.18	0.12	-0.06	-190.00	-1000.00	-100.00	-0.67	-0.18	0.43
150.00	-1020.00	0.00	0.43	-0.61	1.04	240.00	-890.00	-30.00	-0.37	-0.06	0.37	-390.00	-930.00	-210.00	-0.06	0.06	-0.06	-190.00	-1000.00	-100.00	-0.73	-0.12	0.49
150.00	-1020.00	0.00	0.55	-0.73	1.04	240.00	-890.00	-30.00	-0.37	0.06	0.49	-390.00	-930.00	-210.00	-0.18	0.12	-0.12	-190.00	-1010.00	-90.00	-0.73	-0.06	0.37
150.00	-1020.00	0.00	0.61	-0.79	1.04	240.00	-890.00	-30.00	-0.30	0.06	0.49	-390.00	-940.00	-210.00	-0.06	0.18	0.00	-190.00	-1000.00	-100.00	-0.73	0.06	0.30
150.00	-1020.00	10.00	0.61	-0.91	1.10	240.00	-890.00	-30.00	-0.24	0.18	0.43	-390.00	-940.00	-210.00	-0.06	0.06	-0.06	-190.00	-1000.00	-90.00	-0.67	0.06	0.30
150.00	-1020.00	10.00	0.61	-0.91	1.10	240.00	-880.00	-30.00	-0.24	0.18	0.55	-390.00	-940.00	-220.00	-0.06	0.18	-0.12	-200.00	-1010.00	-100.00	-0.67	0.00	0.30
150.00	-1020.00	10.00	0.55	-0.79	1.10	240.00	-880.00	-30.00	-0.30	0.06	0.49	-390.00	-940.00	-220.00	0.06	0.30	-0.12	-190.00	-1010.00	-90.00	-0.67	-0.12	0.12
150.00	-1020.00	-0.00	0.49	-0.73	1.04	240.00	-880.00	-30.00	-0.37	0.12	0.43	-390.00	-940.00	-210.00	0.18	0.30	-0.30	-190.00	-1010.00	-90.00	-0.67	-0.18	0.06
140.00	-1020.00	10.00	0.49	-0.73	1.04	240.00	-890.00	-30.00	-0.37	0.06	0.43	-380.00	-940.00	-210.00	0.06	0.30	-0.43	-190.00	-1010.00	-90.00	-0.67	-0.30	-0.06
150.00	-1020.00	10.00	0.67	-0.79	1.04	240.00	-890.00	-40.00	-0.43	0.00	0.49	-390.00	-940.00	-210.00	0.00	0.37	-0.37	-190.00	-1000.00	-90.00	-0.67	-0.30	-0.06
140.00	-1020.00	0.00	0.55	-0.91	1.04	240.00	-890.00	-40.00	-0.43	0.06	0.43	-390.00	-940.00	-210.00	0.12	0.24	-0.43	-200.00	-1000.00	-100.00	-0.67	-0.24	0.00
150.00	-1020.00	10.00	0.55	-0.91	0.98	240.00	-880.00	-30.00	-0.37	-0.06	0.43	-390.00	-940.00	-210.00	0.00	0.18	-0.43	-190.00	-1000.00	-90.00	-0.73	-0.30	0.18
150.00	-1020.00	10.00	0.61	-0.91	0.91	240.00	-890.00	-30.00	-0.30	-0.24	0.37	-390.00	-940.00	-210.00	-0.06	0.24	-0.37	-200.00	-1000.00	-100.00	-0.73	-0.30	0.18
150.00	-1020.00	10.00	0.67	-1.04	0.79	240.00	-890.00	-30.00	-0.30	-0.06	0.43	-390.00	-940.00	-210.00	-0.12	0.37	-0.30	-190.00	-1000.00	-90.00	-0.61	-0.37	0.24
150.00	-1020.00	0.00	0.61	-1.10	0.79	240.00	-890.00	-30.00	-0.24	-0.12	0.49	-390.00	-940.00	-210.00	-0.12	0.18	-0.30	-190.00	-1000.00	-90.00	-0.73	-0.30	0.30
150.00	-1020.00	10.00	0.73	-0.91	0.79	250.00	-890.00	-30.00	-0.30	-0.12	0.43	-390.00	-940.00	-210.00	-0.24	0.12	-0.24	-190.00	-1000.00	-90.00	-0.73	-0.30	0.30
150.00	-1030.00	0.00	0.73	-0.85	0.79	240.00	-890.00	-30.00	-0.24	0.06	0.43	-390.00	-940.00	-210.00	-0.24	0.24	-0.12	-190.00	-1010.00	-90.00	-0.73	-0.24	0.37
150.00	-1020.00	0.00	0.67	-0.98	0.85	240.00	-890.00	-30.00	-0.24	-0.06	0.43	-390.00	-940.00	-210.00	-0.18	0.30	-0.06	-190.00	-1000.00	-90.00	-0.67	-0.24	0.30
150.00	-1020.00	10.00	0.61	-1.04	0.85	240.00	-880.00	-40.00	-0.24	-0.18	0.37	-390.00	-940.00	-210.00	-0.30	0.12	0.00	-190.00	-1000.00	-90.00	-0.73	-0.12	0.30
150.00	-1020.00	10.00	0.61	-1.04	0.79	240.00	-890.00	-40.00	-0.12	-0.30	0.43	-390.00	-940.00	-210.00	-0.24	0.24	0.00	-190.00	-1010.00	-90.00	-0.67	-0.24	0.18
150.00	-1020.00	10.00	0.73	-1.04	0.79	240.00	-890.00	-40.00	-0.30	-0.24	0.49	-390.00	-930.00	-210.00	-0.24	0.24	-0.12	-190.00	-1010.00	-100.00	-0.73	-0.30	0.30
150.00	-1020.00	10.00	0.49	-0.85	0.79	240.00	-890.00	-40.00	-0.30	-0.18	0.49	-390.00	-940.00	-210.00	-0.30	0.24	-0.18	-190.00	-1000.00	-90.00	-0.61	-0.18	0.49
150.00	-1020.00	10.00	0.49	-0.85	0.79	240.00	-890.00	-30.00	-0.18	-0.18	0.49	-380.00	-940.00	-210.00	-0.18	0.30	0.00	-190.00	-1000.00	-90.00	-0.61	0.00	0.49
150.00	-1020.00	10.00	0.49	-0.85	0.79	240.00	-880.00	-30.00	-0.24	-0.12	0.43	-390.00	-940.00	-200.00	-0.12	0.06	0.18	-190.00	-1000.00	-90.00	-0.49	-0.18	0.37
150.00	-1020.00	10.00	0.49	-0.55	1.04	240.00	-890.00	-30.00	-0.37	-0.06	0.43	-390.00	-940.00	-200.00	-0.12	0.18	0.18	-190.00	-1000.00	-100.00	-0.49	-0.18	0.37
150.00	-1020.00	0.00	0.49	-0.55	1.04	240.00	-890.00	-30.00	-0.30	-0.12	0.30	-390.00	-940.00	-210.00	0.00	0.37	0.12	-190.00	-1010.00	-90.00	-0.67	-0.24	0.24
150.00	-1020.00	0.00	0.49	-0.55	1.04	240.00	-890.00	-30.00	-0.24	-0.18	0.37	-390.00	-940.00	-210.00	0.12	0.43	-0.06	-180.00	-1010.00	-90.00	-0.61	-0.37	0.18
140.00	-1020.00	10.00	0.67	-0.79	0.91	240.00	-890.00	-40.00	-0.37	-0.12	0.37	-390.00	-940.00	-210.00	0.18	0.43	-0.18	-200.00	-1010.00	-100.00	-0.61	-0.37	0.18
150.00	-1020.00	10.00	0.67	-0.79	0.91	240.00	-890.00	-30.00	-0.30	0.00	0.43	-390.00	-940.00	-210.00	0.06	0.37	-0.18	-190.00	-1000.00	-100.00	-0.49	-0.24	0.37
150.00	-1020.00	10.00	0.67	-0.79	0.91	240.00	-890.00	-30.00	-0.24	-0.06	0.37	-380.00	-940.00	-210.00	0.06	0.18	-0.18	-190.00	-1000.00	-90.00	-0.43	-0.24	0.37
150.00	-1020.00	10.00	0.67	-0.79	0.91	240.00	-890.00	-30.00	-0.43	0.00	0.61	-390.00	-940.00	-210.00	0.06	0.12	-0.18	-190.00	-1000.00	-90.00	-0.43	-0.18	0.49
150.00	-1020.00	0.00	0.73	-0.85	0.73	240.00	-890.00	-30.00	-0.30	0.06	0.55	-390.00	-940.00	-210.00	0.06	0.18	-0.18	-190.00	-1010.00	-90.00	-0.37	-0.43	0.55
150.00	-1020.00	0.00	0.91	-0.85	0.85	240.00	-890.00	-30.00	-0.12	-0.06	0.43	-380.00	-940.00	-210.00	0.00	0.37	-0.12	-190.00	-1010.00	-90.00	-0.43	-0.43	0.37
150.00	-1020.00	0.00	0.91	-0.85	0.85	240.00	-880.00	-40.00	-0.12	-0.06	0.43	-390.00	-940.00	-210.00	-0.06	0.49	-0.18	-190.00	-1000.00	-90.00	-0.43	-0.43	0.37
150.00	-1020.00	10.00	1.04	-0.85	0.91	240.00	-890.00	-30.00	-0.06	-0.12	0.37	-390.00	-940.00	-220.00	-0.06	0.30	-0.37	-190.00	-1000.00	-90.00	-0.43	-0.43	0.37
150.00	-1020.00	10.00	1.10	-0.91	0.85	250.00	-890.00	-40.00	-0.06	-0.18	0.37	-390.00	-940.00	-210.00	-0.06	0.30	-0.30	-190.00	-1000.00	-90.00	-0.49	-0.49	0.37
150.00	-1020.00	10.00	0.98	-0.61	1.16	250.00	-890.00	-30.00	-0.18	-0.18	0.37	-390.00	-940.00	-210.00	0.00	0.30	-0.37	-200.00	-1000.00	-90.00	-0.43	-0.43	0.18
150.00	-1020.00	10.00	1.04	-0.91	1.10	240.00	-880.00	-30.00	-0.18	-0.18	0.30	-390.00	-940.00	-210.00	-0.12	0.18	-0.43	-190.00	-1010.00	-100.00	-0.43	-0.43	0.18
150.00	-1020.00	10.00	1.04	-0.91	1.10	240.00	-890.00	-30.00	-0.18	-0.12	0.37	-390.00	-940.00	-220.00	-0.18	0.12	-0.30	-190.00	-1010.00	-100.00	-0.30	-0.49	0.12
150.00	-1020.00	10.00	1.10	-1.04	1.16	240.00	-890.00	-40.00	-0.18	-0.06	0.30	-390.00	-940.00	-210.00	-0.06	0.00	-0.18	-200.00	-1010.00	-90.00	-0.49	-0.67	0.18
150.00	-1020.00	10.00	1.04	-1.22	1.04	240.00	-890.00	-30.00	-0.24	0.06	0.30	-390.00	-940.00	-210.00	-0.12	0.06	-0.06	-200.00	-1010.00	-90.00	-0.49	-0.67	0.18
150.00	-1030.00	0.00	1.04	-1.22	1.04	240.00	-890.00	-30.00	-0.12	0.12	0.37	-390.00	-940.00	-210.00	-0.06	0.12	0.00	-190.00	-1000.00	-90.00	-0.49	-0.67	0.18
150.00	-1020.00	10.00	0.79	-1.16	1.10	240.00	-890.00	-30.00	0.06	0.12	0.37	-390.00	-930.00	-210.00	0.00	0.18	0.00	-190.00	-1010.00	-90.00	-0.43	-0.55	0.24
150.00	-1020.00	10.00	1.10	-1.04	1.65	240.00	-890.00	-30.00	0.24	0.00	0.43	-390.00	-940.00	-210.00	-0.06	0.30	0.06	-190.00	-1010.00	-90.00	-0.49	-0.43	0.43
150.00	-1020.00	10.00	1.10	-1.04	1.65	240.00	-890.00	-30.00	0.12	0.00	0.49	-390.00	-930.00	-210.00	-0.12	0.30	0.12	-190.00	-1010.00	-90.00	-0.49	-0.43	0.43
140.00	-1020.00	10.00	1.10	-1.04	1.65	240.00	-890.00	-40.00	0.24	0.00	0.61	-390.00	-930.00	-210.00	-0.06	0.12	0.06	-190.00	-1000.00	-90.00	-0.49	-0.43	0.43
160.00	-1030.00	0.00	1.52	-1.04	1.95	240.00	-890.00	-30.00	0.24	0.18	0.61	-380.00	-930.00	-210.00	-0.06	0.06	0.12	-190.00	-1010.00	-100.00	-0.24	-0.24	0.85
160.00	-1030.00	0.00	1.52	-1.04	1.95	240.00	-890.00	-40.00	0.12	0.43	0.73	-390.00	-940.00	-210.00	-0.12	0.18	0.06	-190.00	-1010.00	-100.00	-0.37	-0.91	1.22
150.00	-1030.00	-0.00	1.52	-1.04	1.95	240.00	-890.00	-40.00	0.24	0.43	0.73	-390.00	-940.00	-210.00	0.00	0.12	0.00	-190.00	-1000.00	-90.00	-0.37	-0.91	1.22
150.00	-1030.00	0.00	1.65	-0.61	2.07	240.00	-890.00	-30.00	0.49	0.30	0.61	-390.00	-940.00	-210.00	0.06	0.12	0.00	-180.00	-1010.00	-100.00	-0.43	-1.34	2.13
150.00	-1030.00	10.00	1.52	-0.61	2.01	240.00	-890.00	-30.00	0.49	0.18	0.73	-380.00	-950.00	-210.00	0.12	0.06	-0.06	-180.00	-1010.00	-100.00	-0.43	-0.79	2.68
150.00	-1030.00	10.00	1.16	-0.67	1.83	240.00	-890.00	-30.00	0.43	0.18	0.79	-390.00	-940.00	-210.00	0.06	0.00	-0.06	-180.00	-1010.00	-100.00	-0.43	-0.79	2.68
150.00	-1020.00	10.00	0.98	-0.24	2.01	240.00	-890.00	-30.00	0.37	0.18	0.85	-390.00	-930.00	-210.00	0.00	0.06	0.12	-190.00	-1010.00	-100.00	-0.43	-0.79	2.68
150.00	-1020.00	0.00	0.98	-0.24	2.01	240.00	-890.00	-30.00	0.12	0.61	1.04	-390.00	-940.00	-210.00	-0.18	0.00	0.12	-200.00	-1010.00	-100.00	-0.30	-0.12	3.48
150.00	-1020.00	0.00	1.04	-0.61	1.83	240.00	-890.00	-40.00	0.30	0.91	1.10	-390.00	-930.00	-210.00	-0.12	-0.06	0.18	-180.00	-1020.00	-100.00	-0.18	-0.43	2.87
150.00	-1020.00	0.00	0.91	-0.79	1.65	240.00	-890.00	-30.00	0.61	1.10	1.10	-390.00	-940.00	-210.00	0.06	0.12	0.43	-180.00	-1020.00	-100.00	-0.18	-0.43	2.87
140.00	-1010.00	10.00	0.73	-1.04	1.52	240.00	-890.00	-40.00	0.61	1.16	1.16	-390.00	-940.00	-210.00	0.00	0.12	0.61	-180.00	-1010.00	-80.00	-0.18	-0.43	2.87
150.00	-1020.00	10.00	0.73	-1.04	1.52	240.00	-890.00	-30.00	0.61	1.16	1.34	-390.00	-940.00	-210.00	0.06	0.06	0.67	-190.00	-1010.00	-80.00	-0.30	-0.61	2.26
140.00	-1020.00	0.00	0.67	-0.73	1.59	240.00	-890.00	-30.00	0.61	0.98	1.46	-390.00	-940.00	-210.00	0.00	0.06	0.79	-190.00	-1010.00	-80.00	-0.24	-0.49	2.01
140.00	-1020.00	0.00	0.49	-0.67	1.59	250.00	-890.00	-40.00	0.61	0.79	1.52	-380.00	-940.00	-210.00	0.18	0.24	0.55	-190.00	-1010.00	-90.00	-0.24	-0.49	2.01
140.00	-1020.00	10.00	0.49	-0.67	1.59	240.00	-890.00	-40.00	0.49	0.67	1.52	-390.00	-940.00	-210.00	0.24	0.30	0.61	-200.00	-1000.00	-100.00	-0.24	0.00	1.65
150.00	-1020.00	20.00	0.37	-0.37	1.28	250.00	-880.00	-40.00	0.43	0.91	1.40	-390.00	-940.00	-210.00	0.06	0.12	0.79	-210.00	-1000.00	-100.00	-0.55	-0.18	1.16
150.00	-1020.00	20.00	0.37	-0.37	1.28	240.00	-890.00	-30.00	0.55	1.04	1.40	-390.00	-940.00	-210.00	0.06	0.12	1.34	-210.00	-1000.00	-100.00	-0.55	0.06	0.73
150.00	-1020.00	20.00	0.49	-0.49	1.16	240.00	-890.00	-30.00	0.49	1.04	1.40	-390.00	-950.00	-210.00	0.00	0.06	1.89	-200.00	-1000.00	-80.00	-0.55	0.06	0.73
150.00	-1020.00	10.00	0.55	-0.24	0.30	240.00	-890.00	-30.00	0.55	0.91	1.28	-390.00	-940.00	-210.00	0.06	-0.06	2.26	-200.00	-1000.00	-90.00	-0.79	0.18	0.61
150.00	-1020.00	10.00	0.55	-0.24	0.30	240.00	-890.00	-30.00	0.37	0.73	1.28	-390.00	-940.00	-210.00	0.00	0.37	2.26	-200.00	-1000.00	-90.00	-0.79	0.18	0.61
140.00	-1020.00	20.00	0.73	-0.18	0.49	240.00	-890.00	-30.00	0.24	0.55	1.22	-390.00	-950.00	-210.00	0.06	0.55	2.26	-200.00	-1000.00	-80.00	-0.73	0.24	0.55
140.00	-1020.00	20.00	0.73	-0.18	0.49	240.00	-890.00	-40.00	0.06	0.67	1.28	-390.00	-940.00	-210.00	0.06	0.85	2.32	-200.00	-1000.00	-90.00	-0.73	0.18	0.12
140.00	-1020.00	10.00	1.10	0.06	1.16	240.00	-890.00	-30.00	-0.18	0.85	1.28	-390.00	-940.00	-210.00	0.24	1.10	2.20	-200.00	-1000.00	-90.00	-0.73	0.18	0.12
140.00	-1020.00	10.00	1.77	1.16	1.16	240.00	-880.00	-30.00	-0.18	0.91	1.34	-390.00	-940.00	-210.00	0.24	1.10	1.89	-200.00	-1000.00	-90.00	-0.67	0.06	-0.24
150.00	-1020.00	10.00	1.77	1.16	1.16	240.00	-890.00	-30.00	0.00	0.98	1.10	-390.00	-940.00	-210.00	0.24	0.85	1.77	-200.00	-1000.00	-90.00	-0.43	0.18	-0.37
150.00	-1020.00	10.00	2.32	1.16	1.59	240.00	-890.00	-20.00	0.12	0.79	1.10	-380.00	-950.00	-220.00	0.18	0.37	1.77	-200.00	-1000.00	-90.00	-0.43	0.18	-0.37
150.00	-1030.00	10.00	2.32	1.16	1.59	240.00	-890.00	-20.00	0.12	0.49	0.98	-380.00	-950.00	-210.00	0.12	0.00	1.65	-200.00	-1000.00	-100.00	-0.30	2.68	-0.49
150.00	-1030.00	10.00	4.27	2.13	2.87	240.00	-890.00	-20.00	0.06	0.37	0.85	-390.00	-950.00	-200.00	0.24	0.00	1.40	-200.00	-1000.00	-100.00	-0.30	2.68	-0.49
150.00	-1030.00	20.00	4.27	2.13	2.87	240.00	-890.00	-30.00	-0.06	0.43	0.85	-390.00	-950.00	-210.00	0.30	0.18	1.16	-200.00	-1000.00	-90.00	-1.59	5.43	-1.16
150.00	-1030.00	20.00	5.12	2.07	4.51	240.00	-890.00	-30.00	-0.30	0.49	0.91	-390.00	-950.00	-210.00	0.37	0.37	0.85	-200.00	-1000.00	-90.00	-1.59	5.43	-1.16
160.00	-1030.00	20.00	6.77	1.95	7.68	240.00	-890.00	-40.00	-0.61	0.67	0.73	-400.00	-940.00	-210.00	0.30	0.73	0.67	-200.00	-1000.00	-90.00	-1.28	12.87	-5.37
160.00	-1030.00	20.00	6.77	1.95	7.68	240.00	-880.00	-30.00	-0.61	0.91	0.79	-390.00	-940.00	-210.00	0.12	0.98	0.55	-200.00	-1000.00	-90.00	-1.28	12.87	-5.37
150.00	-1030.00	30.00	6.95	2.01	8.84	240.00	-890.00	-30.00	-0.55	0.98	0.73	-400.00	-930.00	-210.00	-0.06	1.22	0.37	-200.00	-1000.00	-90.00	-1.65	13.11	-7.93
170.00	-1030.00	-20.00	7.26	3.66	10.98	230.00	-890.00	-30.00	-0.24	0.79	0.73	-390.00	-930.00	-210.00	-0.12	0.91	0.43	-200.00	-990.00	-90.00	-1.65	13.11	-7.93
170.00	-1030.00	-20.00	7.26	3.66	10.98	240.00	-890.00	-20.00	-0.18	0.61	0.79	-390.00	-930.00	-220.00	-0.18	0.73	0.37	-190.00	-1000.00	-110.00	-1.46	8.41	-12.80
160.00	-1030.00	-10.00	7.01	4.02	12.07	240.00	-890.00	-30.00	-0.06	0.49	0.85	-390.00	-930.00	-210.00	-0.18	0.85	0.18	-190.00	-1000.00	-110.00	-1.46	8.41	-12.80
160.00	-1030.00	-10.00	7.01	4.02	12.07	240.00	-890.00	-30.00	-0.06	0.37	0.79	-400.00	-930.00	-210.00	-0.24	0.98	0.12	-200.00	-990.00	-80.00	-1.46	2.44	-17.99
150.00	-1030.00	10.00	6.40	5.00	13.41	240.00	-890.00	-40.00	-0.18	0.30	0.73	-400.00	-930.00	-200.00	-0.06	0.91	-0.06	-210.00	-980.00	-80.00	-2.50	1.65	-20.37
150.00	-1030.00	10.00	6.40	5.00	13.41	240.00	-890.00	-30.00	-0.24	0.37	0.73	-390.00	-930.00	-210.00	-0.06	0.91	-0.06	-210.00	-980.00	-80.00	-2.50	1.65	-20.37
160.00	-1020.00	20.00	6.46	5.06	13.72	240.00	-890.00	-40.00	-0.30	0.37	0.67	-400.00	-930.00	-200.00	-0.12	0.91	-0.18	-220.00	-980.00	-90.00	-3.66	4.27	-20.00
150.00	-1030.00	30.00	6.40	5.18	14.27	240.00	-890.00	-30.00	-0.55	0.37	0.61	-390.00	-940.00	-200.00	-0.06	0.91	-0.18	-210.00	-980.00	-100.00	-3.66	4.27	-20.00
150.00	-1030.00	30.00	6.04	4.88	14.82	240.00	-890.00	-30.00	-0.61	0.18	0.55	-400.00	-940.00	-200.00	-0.06	0.85	-0.24	-220.00	-980.00	-110.00	-3.96	3.66	-18.11
140.00	-1030.00	40.00	6.04	4.88	14.82	230.00	-890.00	-30.00	-0.43	-0.24	0.49	-390.00	-930.00	-210.00	-0.06	1.04	-0.24	-220.00	-980.00	-110.00	-3.96	3.66	-18.11
120.00	-1030.00	30.00	2.68	2.32	17.26	240.00	-890.00	-30.00	-0.43	-1.40	0.49	-390.00	-930.00	-210.00	-0.12	1.04	-0.30	-200.00	-980.00	-110.00	-4.39	2.62	-16.46
120.00	-1030.00	30.00	2.80	2.07	18.11	240.00	-890.00	-20.00	-0.55	-2.20	0.43	-400.00	-940.00	-210.00	-0.18	0.98	-0.43	-180.00	-1000.00	-110.00	-5.55	1.95	-12.38
120.00	-1030.00	30.00	2.80	2.07	18.11	230.00	-890.00	-20.00	-0.43	-2.32	0.49	-400.00	-930.00	-210.00	-0.12	0.98	-0.55	-180.00	-1000.00	-110.00	-5.55	1.95	-12.38
130.00	-1030.00	30.00	1.22	3.29	19.57	240.00	-890.00	-20.00	-0.30	-1.95	0.55	-400.00	-940.00	-210.00	-0.18	0.91	-0.61	-150.00	-1020.00	-90.00	-5.55	1.95	-12.38
130.00	-1030.00	30.00	0.73	3.41	19.88	240.00	-890.00	-30.00	-0.30	-1.83	0.67	-400.00	-940.00	-210.00	-0.12	0.79	-0.67	-130.00	-1030.00	-100.00	-5.30	2.38	-10.61
130.00	-1030.00	30.00	0.73	3.41	19.88	240.00	-890.00	-30.00	-0.24	-1.77	0.91	-400.00	-940.00	-210.00	-0.30	0.67	-0.79	-130.00	-1030.00	-100.00	-6.04	1.40	-4.82
120.00	-1020.00	20.00	0.73	3.41	19.88	240.00	-890.00	-20.00	-0.30	-2.50	1.22	-400.00	-940.00	-200.00	-0.55	-0.18	-1.04	-130.00	-1000.00	-90.00	-6.04	1.40	-4.82
130.00	-1020.00	30.00	0.37	6.83	19.94	240.00	-890.00	-30.00	-0.18	-3.41	1.46	-400.00	-940.00	-210.00	-0.73	-2.13	-1.89	-130.00	-1000.00	-90.00	-7.07	0.98	-1.46
130.00	-1020.00	30.00	0.43	12.50	21.95	240.00	-890.00	-30.00	0.18	-3.84	1.77	-390.00	-940.00	-210.00	-0.49	-3.41	-3.17	-120.00	-1010.00	-90.00	-7.26	0.12	1.22
90.00	-1010.00	40.00	0.43	12.50	21.95	240.00	-890.00	-30.00	0.67	-3.72	2.32	-400.00	-940.00	-210.00	-0.61	-4.88	-5.18	-120.00	-1010.00	-90.00	-6.77	-0.06	3.54
110.00	-1020.00	50.00	-0.18	11.10	21.71	240.00	-890.00	-20.00	1.10	-2.87	2.93	-390.00	-940.00	-210.00	0.37	-8.17	-8.41	-110.00	-1020.00	-90.00	-9.45	1.28	14.94
100.00	-1010.00	50.00	-0.43	12.32	21.77	240.00	-900.00	-20.00	2.07	-2.07	4.02	-390.00	-940.00	-210.00	1.28	-9.70	-9.94	-70.00	-1030.00	-60.00	-9.45	1.28	14.94
100.00	-1010.00	50.00	-0.43	12.32	21.77	230.00	-900.00	-10.00	3.66	-1.34	4.82	-390.00	-930.00	-200.00	1.22	-9.94	-10.37	-80.00	-1050.00	-70.00	-11.16	0.91	18.35
90.00	-1010.00	50.00	-0.06	14.27	21.95	240.00	-900.00	-20.00	4.57	-1.16	5.79	-390.00	-930.00	-200.00	1.34	-8.96	-10.43	-80.00	-1050.00	-70.00	-13.35	-0.18	22.20
110.00	-1010.00	20.00	0.06	16.95	22.87	240.00	-900.00	-20.00	4.82	-0.85	7.01	-400.00	-930.00	-210.00	1.10	-8.60	-12.50	-100.00	-1050.00	-80.00	-14.51	-2.99	27.01
80.00	-1020.00	40.00	-0.67	19.70	23.78	230.00	-900.00	-20.00	4.94	-0.73	7.93	-390.00	-930.00	-210.00	1.16	-6.89	-13.05	-90.00	-1060.00	-100.00	-14.51	-2.99	27.01
80.00	-1020.00	40.00	-0.67	19.70	23.78	240.00	-890.00	-40.00	4.57	-0.79	8.78	-400.00	-930.00	-210.00	1.16	-4.57	-13.41	-90.00	-1070.00	-130.00	-15.98	-5.55	32.44
70.00	-1030.00	60.00	-1.10	17.07	23.11	240.00	-880.00	-70.00	4.33	-0.43	9.27	-400.00	-940.00	-210.00	1.22	-3.96	-14.33	-70.00	-1070.00	-90.00	-16.77	-8.41	37.62
80.00	-1060.00	20.00	-0.67	11.83	21.77	240.00	-880.00	-50.00	3.84	-0.43	9.94	-400.00	-930.00	-210.00	1.40	-3.48	-15.00	-70.00	-1070.00	-90.00	-17.62	-11.71	44.27
80.00	-1060.00	20.00	0.18	7.32	18.96	240.00	-880.00	-40.00	3.35	-0.61	10.55	-400.00	-940.00	-200.00	1.16	-3.48	-15.43	-80.00	-1080.00	-100.00	-17.62	-11.71	44.27
100.00	-1070.00	30.00	0.18	7.32	18.96	240.00	-890.00	-30.00	2.62	-0.30	10.85	-380.00	-930.00	-210.00	0.98	-3.96	-15.37	-100.00	-1080.00	-40.00	-25.30	-12.20	56.28
80.00	-1080.00	-30.00	-1.04	2.01	13.29	230.00	-890.00	-20.00	1.89	-0.43	11.22	-400.00	-920.00	-210.00	1.16	-5.30	-15.30	-100.00	-1080.00	-40.00	-32.93	-9.57	61.34
50.00	-1080.00	-50.00	-1.52	1.95	11.16	230.00	-900.00	-30.00	1.40	-1.34	11.89	-400.00	-910.00	-210.00	1.16	-7.99	-16.04	-100.00	-1080.00	-40.00	-32.93	-9.57	61.34
50.00	-1080.00	-50.00	-1.52	1.95	11.16	230.00	-900.00	-20.00	1.34	-2.50	12.32	-400.00	-910.00	-210.00	1.28	-10.91	-16.83	-120.00	-1100.00	-70.00	-41.16	-8.41	73.66
-20.00	-1070.00	0.00	-1.52	1.95	11.16	230.00	-900.00	-10.00	1.40	-4.15	12.62	-390.00	-910.00	-200.00	1.34	-11.59	-16.40	-110.00	-1140.00	-110.00	-45.30	-9.15	84.63
-20.00	-1070.00	30.00	-2.93	1.10	8.66	230.00	-910.00	-10.00	1.83	-5.43	13.11	-400.00	-920.00	-210.00	0.79	-11.59	-15.73	-110.00	-1140.00	-110.00	-45.30	-9.15	84.63
-20.00	-1070.00	30.00	-4.21	1.95	8.23	220.00	-900.00	-20.00	1.65	-5.61	13.35	-410.00	-900.00	-200.00	0.67	-11.52	-15.30	-110.00	-1230.00	-190.00	-50.79	-9.88	110.49
-0.00	-1050.00	50.00	-4.21	1.95	8.23	230.00	-910.00	-20.00	1.59	-5.49	13.66	-400.00	-900.00	-210.00	0.30	-10.55	-14.70	-110.00	-1200.00	-220.00	-52.99	-11.34	122.26
-0.00	-1060.00	40.00	-5.37	5.30	10.67	220.00	-900.00	-20.00	1.77	-5.18	14.21	-400.00	-900.00	-210.00	0.24	-10.12	-13.96	-110.00	-1200.00	-220.00	-52.99	-11.34	122.26
10.00	-1040.00	60.00	-5.37	5.30	10.67	220.00	-900.00	-20.00	1.52	-4.94	14.76	-400.00	-900.00	-220.00	0.24	-9.15	-12.74	-40.00	-1300.00	-200.00	-52.99	-11.34	122.26
10.00	-1040.00	60.00	-5.98	4.39	11.16	220.00	-890.00	-40.00	1.34	-5.91	14.94	-380.00	-910.00	-220.00	0.06	-8.78	-11.34	-40.00	-1330.00	-260.00	-63.23	-18.54	147.93
40.00	-1020.00	60.00	-5.98	4.39	11.16	220.00	-890.00	-30.00	0.49	-5.37	15.18	-370.00	-900.00	-220.00	0.30	-8.84	-10.06	-40.00	-1330.00	-260.00	-66.34	-22.01	160.24
40.00	-1020.00	40.00	-7.44	0.67	12.93	210.00	-890.00	-30.00	-0.49	-4.63	14.82	-370.00	-910.00	-220.00	-0.30	-8.35	-8.54	-40.00	-1330.00	-260.00	-66.34	-22.01	160.24
40.00	-1020.00	40.00	-3.41	-4.09	15.12	210.00	-890.00	-30.00	-1.04	-3.48	14.94	-360.00	-930.00	-230.00	-0.73	-7.62	-7.07	-20.00	-1440.00	-330.00	-72.80	-33.90	193.41
40.00	-1020.00	40.00	-1.46	-1.52	17.07	200.00	-890.00	-30.00	-1.40	-3.17	14.76	-360.00	-930.00	-210.00	-0.85	-7.38	-5.30	-0.00	-1400.00	-320.00	-72.80	-33.90	193.41
20.00	-1040.00	40.00	-1.46	-1.52	17.07	210.00	-890.00	-20.00	-1.77	-3.66	14.09	-370.00	-940.00	-220.00	-1.34	-6.22	-2.87	-0.00	-1400.00	-320.00	-71.10	-33.66	211.89
20.00	-1030.00	30.00	4.15	2.74	21.22	200.00	-890.00	-10.00	-2.13	-2.50	13.29	-370.00	-950.00	-200.00	-1.89	-4.76	-1.28	100.00	-1480.00	-260.00	-22.99	7.26	290.61
20.00	-1030.00	30.00	6.10	4.45	22.44	190.00	-890.00	-10.00	-2.80	0.73	12.99	-380.00	-960.00	-200.00	-2.50	-2.07	0.49	100.00	-1480.00	-260.00	-17.20	40.24	271.71
20.00	-1080.00	-20.00	6.10	4.45	22.44	200.00	-890.00	-10.00	-3.29	3.78	12.87	-370.00	-960.00	-210.00	-2.74	0.55	2.62	160.00	-1540.00	-250.00	-17.20	40.24	271.71
40.00	-1080.00	-10.00	9.51	5.55	23.84	190.00	-890.00	-0.00	-3.41	6.71	12.80	-360.00	-970.00	-210.00	-2.38	3.60	4.39	160.00	-1540.00	-250.00	23.11	75.12	207.87
40.00	-1080.00	-10.00	9.51	5.55	23.84	170.00	-890.00	-10.00	-3.41	9.15	12.74	-360.00	-980.00	-200.00	-1.83	5.18	6.52	380.00	-1620.00	-60.00	23.11	75.12	207.87
20.00	-1060.00	10.00	10.24	7.20	23.48	160.00	-890.00	-0.00	-3.48	10.18	13.11	-340.00	-990.00	-190.00	-2.01	4.88	9.57	380.00	-1620.00	-60.00	9.76	101.89	-70.12
30.00	-1080.00	10.00	10.24	7.20	23.48	160.00	-890.00	-10.00	-3.96	11.34	13.48	-360.00	-1010.00	-190.00	-2.93	6.34	12.56	-390.00	-1360.00	290.00	84.76	48.23	-113.05
30.00	-1080.00	10.00	13.48	7.74	22.07	160.00	-880.00	-30.00	-5.37	13.11	14.09	-340.00	-1000.00	-180.00	-4.33	8.54	15.91	-390.00	-1360.00	290.00	84.76	48.23	-113.05
10.00	-1090.00	10.00	13.48	7.74	22.07	170.00	-870.00	-40.00	-7.68	15.79	14.70	-330.00	-1010.00	-200.00	-6.59	10.61	20.85	-200.00	-1200.00	290.00	79.76	30.98	-118.90
10.00	-1090.00	10.00	14.02	7.20	20.91	180.00	-860.00	-40.00	-8.90	17.50	15.06	-320.00	-1030.00	-150.00	-9.94	14.94	27.26	-350.00	-680.00	360.00	79.76	30.98	-118.90
-10.00	-1070.00	-0.00	14.02	7.07	18.54	180.00	-870.00	-40.00	-9.63	19.63	16.04	-320.00	-1030.00	-160.00	-14.39	18.54	34.02	-510.00	-330.00	460.00	111.71	-9.82	-182.87
-10.00	-1070.00	-0.00	14.02	7.07	18.54	180.00	-890.00	-20.00	-8.84	20.00	15.55	-340.00	-1020.00	-170.00	-18.96	19.57	41.34	480.00	-840.00	200.00	111.71	-9.82	-182.87
-40.00	-1070.00	-0.00	14.09	7.13	17.13	170.00	-910.00	-0.00	-6.46	18.35	14.15	-360.00	-1020.00	-190.00	-23.29	19.76	48.29	480.00	-840.00	200.00	122.87	-20.98	-223.60
-40.00	-1050.00	40.00	13.66	6.16	16.10	170.00	-930.00	-0.00	-5.43	15.55	12.32	-340.00	-1030.00	-180.00	-28.11	18.17	55.06	320.00	-820.00	240.00	133.35	-33.11	-276.65
-40.00	-1050.00	40.00	12.50	3.72	16.95	180.00	-920.00	-30.00	-4.51	10.98	10.37	-350.00	-1030.00	-180.00	-31.71	16.16	62.99	320.00	-820.00	240.00	133.35	-33.11	-276.65
-40.00	-1050.00	60.00	12.50	3.72	16.95	190.00	-920.00	-40.00	-4.70	8.66	8.96	-320.00	-1040.00	-210.00	-34.82	12.01	71.46	210.00	-740.00	220.00	136.77	-34.51	-287.99
-50.00	-1040.00	60.00	12.20	4.15	18.96	190.00	-920.00	-70.00	-5.91	9.27	7.50	-330.00	-1060.00	-190.00	-35.43	9.27	79.57	170.00	-700.00	250.00	136.77	-34.51	-287.99
-50.00	-1040.00	60.00	12.38	4.21	22.38	190.00	-900.00	-100.00	-7.38	9.39	5.67	-330.00	-1070.00	-190.00	-35.43	5.00	88.66	170.00	-700.00	250.00	148.54	-30.73	-287.32
-50.00	-1040.00	50.00	12.38	4.21	22.38	170.00	-910.00	-80.00	-8.90	9.57	4.45	-310.00	-1090.00	-190.00	-37.56	3.05	97.80	250.00	-680.00	230.00	148.54	-30.73	-287.32
-60.00	-1020.00	60.00	12.80	3.11	24.51	160.00	-920.00	-70.00	-10.98	10.55	4.27	-340.00	-1120.00	-140.00	-40.73	1.10	107.01	250.00	-680.00	230.00	147.44	-22.50	-286.89
-20.00	-1040.00	70.00	14.39	0.24	27.74	140.00	-930.00	-40.00	-12.38	12.07	4.33	-350.00	-1120.00	-170.00	-43.11	-1.52	115.91	390.00	-790.00	80.00	142.32	-13.41	-290.12
-20.00	-1040.00	70.00	14.39	0.24	27.74	140.00	-930.00	-30.00	-12.38	12.80	4.51	-340.00	-1130.00	-200.00	-44.33	-6.71	124.76	390.00	-790.00	80.00	142.32	-13.41	-290.12
-30.00	-1060.00	70.00	15.91	-0.61	30.12	130.00	-940.00	-20.00	-12.13	12.26	5.37	-330.00	-1120.00	-220.00	-45.73	-11.83	134.33	370.00	-860.00	10.00	143.17	-10.18	-290.49
-40.00	-1080.00	40.00	17.87	-3.23	35.91	130.00	-920.00	-10.00	-11.77	10.98	6.71	-330.00	-1150.00	-250.00	-48.66	-12.68	144.33	220.00	-930.00	-40.00	123.90	-51.95	-274.21
-40.00	-1080.00	40.00	17.87	-3.23	35.91	130.00	-920.00	20.00	-10.67	9.45	8.48	-330.00	-1150.00	-270.00	-51.65	-16.34	154.02	220.00	-930.00	-40.00	123.90	-51.95	-274.21
-60.00	-1080.00	20.00	18.78	-3.90	39.70	140.00	-910.00	10.00	-9.21	7.38	10.61	-350.00	-1160.00	-300.00	-49.51	-22.13	162.74	170.00	-1030.00	-120.00	123.90	-51.95	-274.21
-60.00	-1080.00	20.00	18.78	-3.90	39.70	140.00	-900.00	-20.00	-4.39	1.40	13.11	-260.00	-1250.00	-290.00	-47.26	-24.15	174.45	170.00	-1030.00	-120.00	104.27	-82.32	-275.12
-60.00	-1100.00	10.00	20.18	-2.50	51.89	150.00	-900.00	-20.00	-2.62	0.98	14.45	-310.00	-1300.00	-340.00	-56.77	-18.90	187.13	90.00	-1320.00	-290.00	92.26	-92.07	-269.94
-60.00	-1100.00	10.00	22.01	0.73	59.15	170.00	-900.00	-30.00	-0.43	-2.68	14.33	-320.00	-1340.00	-370.00	-60.61	-17.07	198.35	90.00	-1320.00	-290.00	92.26	-92.07	-269.94
-80.00	-1100.00	20.00	22.01	0.73	59.15	190.00	-900.00	-50.00	1.22	-1.34	15.37	-340.00	-1390.00	-440.00	-58.41	-9.82	209.76	40.00	-1460.00	-370.00	92.26	-92.07	-269.94
-50.00	-1120.00	30.00	36.89	-1.89	74.27	200.00	-910.00	-50.00	2.01	-1.34	16.65	-290.00	-1390.00	-430.00	-57.38	3.72	216.52	-70.00	-1560.00	-440.00	58.84	-121.22	-226.52
-50.00	-1120.00	30.00	44.09	-1.77	84.09	210.00	-920.00	-80.00	2.99	-3.66	16.95	-240.00	-1430.00	-450.00	-57.20	20.61	215.37	-680.00	-1800.00	-570.00	58.84	-121.22	-226.52
-30.00	-1120.00	60.00	44.09	-1.77	84.09	190.00	-910.00	-90.00	4.33	-2.74	18.48	-260.00	-1470.00	-410.00	-53.54	31.59	210.30	-680.00	-1800.00	-570.00	56.10	-123.90	-193.60
-60.00	-1110.00	100.00	44.51	-1.46	88.66	180.00	-910.00	-90.00	5.98	-4.82	18.41	-190.00	-1560.00	-380.00	-41.10	44.33	201.83	-730.00	-1750.00	-570.00	58.05	-100.18	-112.80
-120.00	-1160.00	70.00	45.18	0.61	101.16	110.00	-890.00	-110.00	7.74	-3.96	18.17	-120.00	-1630.00	-360.00	-27.99	54.33	183.54	-990.00	-1650.00	-340.00	58.05	-100.18	-112.80
-120.00	-1160.00	70.00	45.18	0.61	101.16	140.00	-910.00	-80.00	9.02	-3.11	17.50	-130.00	-1670.00	-230.00	-8.66	56.22	154.57	-990.00	-1650.00	-340.00	46.83	-84.39	-42.38
-120.00	-1160.00	70.00	46.46	1.52	108.60	150.00	-920.00	-50.00	10.12	-4.09	16.28	-40.00	-1790.00	-110.00	1.16	56.77	118.41	-990.00	-1650.00	-340.00	-48.84	-3.78	131.10
-100.00	-1310.00	120.00	44.21	-2.87	116.59	130.00	-910.00	-70.00	10.30	-1.83	16.28	-20.00	-1850.00	20.00	19.88	99.63	93.23	-1220.00	-1540.00	-220.00	-48.84	-3.78	131.10
-80.00	-1380.00	220.00	39.82	-14.02	124.45	150.00	-930.00	-60.00	10.12	-4.39	14.88	-20.00	-1780.00	270.00	42.26	162.56	49.33	-1320.00	-1530.00	-240.00	-48.84	-3.78	131.10
-80.00	-1380.00	220.00	36.40	-22.74	134.51	200.00	-960.00	-40.00	9.76	-4.51	13.48	-230.00	-1620.00	340.00	55.73	118.23	-13.72	-1320.00	-1530.00	-240.00	-18.54	65.24	238.90
0.00	-1510.00	280.00	35.43	-31.83	159.70	120.00	-900.00	-80.00	9.70	-2.80	13.05	-520.00	-1540.00	330.00	63.48	63.05	-59.94	-1570.00	-1220.00	-240.00	-23.48	15.55	268.29
60.00	-1530.00	310.00	35.43	-31.83	159.70	130.00	-920.00	-70.00	9.76	-4.82	11.83	-780.00	-1380.00	200.00	69.45	24.02	-93.96	-1460.00	-1450.00	-400.00	-31.10	-2.44	199.76
60.00	-1530.00	310.00	35.43	-31.83	159.70	90.00	-890.00	-70.00	9.63	-3.72	11.28	-620.00	-1190.00	230.00	82.99	-8.05	-112.93	-1460.00	-1450.00	-400.00	-31.10	-2.44	199.76
-10.00	-1540.00	310.00	44.94	-41.89	181.34	110.00	-920.00	-40.00	9.21	-2.87	11.59	-550.00	-1010.00	270.00	94.21	-32.20	-130.30	-1990.00	-820.00	-590.00	-24.33	-49.39	124.88
140.00	-1590.00	330.00	45.85	-42.93	191.95	150.00	-950.00	-0.00	8.72	-4.82	11.52	-270.00	-740.00	330.00	106.52	-42.87	-156.16	740.00	-1300.00	260.00	-30.00	-37.56	120.00
140.00	-1590.00	330.00	45.85	-42.93	191.95	90.00	-910.00	-20.00	8.11	-1.59	13.48	-270.00	-550.00	380.00	117.32	-43.05	-187.74	740.00	-1300.00	260.00	-30.00	-37.56	120.00
140.00	-1590.00	330.00	45.79	-38.35	202.13	100.00	-920.00	-10.00	7.62	-2.56	15.00	-310.00	-500.00	300.00	124.94	-47.50	-216.40	740.00	-1300.00	260.00	-30.00	-37.56	120.00
310.00	-1640.00	190.00	46.52	-31.16	211.34	120.00	-930.00	-20.00	7.13	-2.01	16.71	-1020.00	-360.00	460.00	130.91	-52.68	-237.80	-1430.00	-1680.00	-410.00	5.37	-27.87	88.60
380.00	-1690.00	100.00	49.33	-24.70	220.12	90.00	-910.00	-30.00	7.44	0.43	19.39	50.00	-260.00	270.00	137.20	-51.28	-252.68	-780.00	-1530.00	-160.00	16.65	-7.50	62.80
380.00	-1690.00	100.00	49.33	-24.70	220.12	110.00	-900.00	-20.00	7.80	-2.56	20.61	890.00	-490.00	110.00	144.45	-42.07	-263.48	-780.00	-1530.00	-160.00	30.30	-2.44	59.15
400.00	-1640.00	-0.00	59.09	-24.51	223.96	70.00	-890.00	-30.00	8.84	-2.99	22.44	650.00	-610.00	370.00	151.95	-31.59	-272.80	20.00	-1380.00	-50.00	8.96	-7.20	30.18
380.00	-1620.00	-100.00	60.91	-27.07	212.13	100.00	-930.00	-10.00	11.83	-3.60	26.40	940.00	-590.00	320.00	156.04	-22.62	-278.29	20.00	-1300.00	-230.00	8.96	-7.20	30.18
230.00	-1650.00	-170.00	60.91	-27.07	212.13	160.00	-950.00	20.00	11.83	-3.60	26.40	570.00	-500.00	200.00	157.62	-12.50	-282.38	-300.00	-1370.00	-240.00	8.96	-7.20	30.18
230.00	-1650.00	-170.00	60.91	-27.07	212.13	120.00	-920.00	-0.00	12.99	-3.54	28.84	370.00	-490.00	210.00	157.56	-0.85	-284.57	-300.00	-1370.00	-240.00	6.83	-12.07	22.38
-260.00	-1740.00	-160.00	52.01	-37.07	155.98	120.00	-930.00	-20.00	14.76	-3.48	35.79	310.00	-440.00	280.00	158.35	9.82	-286.22	-110.00	-1210.00	-240.00	11.46	-12.74	24.09
-310.00	-1640.00	-200.00	50.67	-63.78	115.98	150.00	-950.00	-10.00	14.76	-3.48	35.79	350.00	-560.00	280.00	161.04	19.76	-286.83	-110.00	-1210.00	-240.00	11.46	-12.74	24.09
-310.00	-1640.00	-200.00	50.67	-63.78	115.98	110.00	-930.00	-50.00	14.76	-3.54	40.06	420.00	-670.00	230.00	161.59	25.61	-286.16	80.00	-1130.00	-140.00	4.51	13.54	24.76
-310.00	-1640.00	-200.00	31.28	-122.07	32.26	120.00	-920.00	-60.00	13.23	-0.49	48.54	380.00	-720.00	160.00	158.35	22.68	-286.22	-210.00	-1020.00	100.00	4.51	13.54	24.76
-150.00	-1330.00	-300.00	31.28	-122.07	32.26	110.00	-940.00	-70.00	13.23	-0.49	48.54	300.00	-760.00	110.00	152.44	11.52	-287.26	-0.00	-1060.00	110.00	10.06	24.51	20.73
-190.00	-950.00	-250.00	31.34	-113.05	1.04	110.00	-930.00	-60.00	12.44	0.24	52.80	210.00	-840.00	60.00	142.87	-7.20	-290.18	-0.00	-1060.00	110.00	2.74	15.73	26.22
-190.00	-950.00	-250.00	31.34	-113.05	1.04	110.00	-930.00	-60.00	13.23	1.04	56.71	160.00	-960.00	10.00	129.09	-27.93	-292.56	120.00	-1030.00	240.00	2.74	15.73	26.22
-290.00	-440.00	-110.00	-34.76	-6.10	-125.12	120.00	-930.00	-50.00	14.39	0.98	61.34	90.00	-1060.00	-50.00	113.78	-45.73	-292.07	120.00	-1030.00	240.00	4.63	14.57	27.32
-290.00	-440.00	-110.00	-48.60	5.91	-149.02	120.00	-960.00	-10.00	17.38	-0.24	65.55	30.00	-1180.00	-140.00	97.74	-57.56	-285.67	50.00	-1010.00	290.00	4.63	14.57	27.32
-160.00	-380.00	-290.00	-48.60	5.91	-149.02	120.00	-960.00	-10.00	22.07	-2.62	71.77	-40.00	-1280.00	-230.00	83.60	-68.78	-274.21	50.00	-1010.00	290.00	4.63	19.70	28.90
-160.00	-380.00	-290.00	-73.72	27.74	-196.10	100.00	-980.00	-0.00	37.68	-6.16	89.63	-100.00	-1330.00	-330.00	72.56	-79.70	-258.23	70.00	-1050.00	160.00	4.63	19.70	28.90
460.00	-370.00	-130.00	-73.72	27.74	-196.10	80.00	-980.00	-0.00	36.95	-8.72	96.22	-150.00	-1430.00	-420.00	60.73	-88.84	-236.16	10.00	-1020.00	210.00	4.94	17.50	31.22
620.00	-250.00	-100.00	-81.40	31.59	-214.82	70.00	-970.00	0.00	36.95	-8.72	96.22	-210.00	-1540.00	-500.00	51.34	-98.66	-209.39	10.00	-1020.00	210.00	-1.59	18.35	25.43
620.00	-250.00	-100.00	-95.00	25.91	-236.16	40.00	-1000.00	0.00	36.95	-8.72	96.22	-250.00	-1650.00	-580.00	43.84	-105.37	-180.12	-40.00	-1060.00	180.00	-1.59	18.35	25.43
360.00	-250.00	-20.00	-95.00	25.91	-236.16	50.00	-1010.00	-30.00	32.20	-22.62	122.74	-320.00	-1770.00	-650.00	41.10	-105.43	-145.91	-30.00	-1020.00	190.00	-3.78	7.56	19.57
360.00	-250.00	-20.00	-101.40	20.00	-242.50	50.00	-1010.00	-30.00	32.20	-22.62	122.74	-400.00	-1850.00	-690.00	41.89	-94.63	-94.15	-30.00	-1020.00	190.00	-3.78	7.56	19.57
320.00	-330.00	-70.00	-101.40	20.00	-242.50	70.00	-1080.00	-30.00	32.20	-22.62	122.74	-530.00	-1890.00	-740.00	12.87	-81.34	-32.68	-30.00	-1000.00	230.00	-4.76	7.56	15.91
320.00	-330.00	-70.00	-119.76	-15.00	-257.01	50.00	-1090.00	-20.00	24.51	-42.87	148.23	-660.00	-1850.00	-740.00	-8.54	-69.02	25.61	-30.00	-1000.00	230.00	-7.80	7.44	7.74
260.00	-530.00	-100.00	-119.76	-15.00	-257.01	100.00	-1180.00	40.00	13.78	-45.00	196.04	-810.00	-1810.00	-700.00	-25.79	-67.50	90.73	-90.00	-970.00	170.00	-7.80	7.44	7.74
210.00	-640.00	-100.00	-125.43	-35.24	-249.15	180.00	-1370.00	170.00	12.44	-48.60	213.60	-930.00	-1800.00	-590.00	-46.46	-11.95	150.43	-90.00	-970.00	170.00	-12.87	-4.39	10.30
210.00	-640.00	-100.00	-120.73	-63.17	-236.22	180.00	-1370.00	170.00	12.44	-48.60	213.60	-1090.00	-1760.00	-480.00	-70.55	79.39	163.96	-110.00	-1000.00	170.00	-12.62	-2.74	12.80
100.00	-870.00	-100.00	-120.73	-63.17	-236.22	180.00	-1370.00	170.00	15.49	-47.20	250.49	-1210.00	-1640.00	-420.00	-59.02	77.07	145.61	-110.00	-970.00	180.00	-12.62	-2.74	12.80
10.00	-990.00	-90.00	-119.39	-69.63	-228.60	340.00	-1460.00	250.00	13.05	-48.78	262.62	-1370.00	-1520.00	-430.00	4.70	18.90	145.61	-110.00	-970.00	180.00	-13.84	-3.23	13.78
10.00	-990.00	-90.00	-120.24	-65.43	-215.91	340.00	-1450.00	280.00	13.05	-48.78	262.62	-1580.00	-1360.00	-370.00	5.30	-14.57	151.22	-120.00	-970.00	190.00	-13.84	-3.23	13.78
-120.00	-1410.00	-10.00	-120.24	-65.43	-215.91	340.00	-1450.00	280.00	13.05	-48.78	262.62	-1840.00	-1130.00	-330.00	-24.57	-35.91	135.91	-90.00	-1020.00	150.00	-19.51	-5.67	15.79
-160.00	-1580.00	-10.00	-122.62	-51.40	-212.13	340.00	-1450.00	290.00	19.39	-66.52	256.65	-2000.00	-1130.00	-540.00	-23.48	-50.00	113.29	-110.00	-1060.00	30.00	-19.51	-5.67	15.79
-160.00	-1580.00	-10.00	-122.62	-51.40	-212.13	600.00	-1350.00	50.00	28.90	-79.63	251.77	-2000.00	-1130.00	-780.00	-17.99	-50.24	110.43	-110.00	-1060.00	30.00	-19.45	-6.89	19.33
-200.00	-1780.00	-50.00	-112.26	-10.49	-202.01	560.00	-1290.00	-60.00	28.90	-79.63	251.77	-2000.00	-1020.00	-690.00	-20.18	-39.94	117.74	-60.00	-1010.00	180.00	-16.28	-6.77	21.77
-100.00	-1810.00	60.00	-112.26	-10.49	-202.01	560.00	-1290.00	-60.00	40.61	-78.23	209.15	-2000.00	-1300.00	-530.00	-16.89	-25.30	112.99	-70.00	-970.00	220.00	-16.28	-6.77	21.77
-100.00	-1810.00	60.00	-95.85	44.88	-168.41	560.00	-1290.00	-60.00	40.61	-78.23	209.15	-1790.00	-1260.00	140.00	-9.15	-14.76	92.68	-70.00	-970.00	220.00	-13.05	-9.94	27.99
-80.00	-1800.00	150.00	-89.39	49.51	-120.06	220.00	-1430.00	-270.00	35.73	-65.55	172.38	720.00	-1820.00	420.00	-9.02	4.51	72.62	-70.00	-960.00	230.00	-14.21	-10.55	30.06
-130.00	-1790.00	270.00	-89.39	49.51	-120.06	-110.00	-1510.00	-370.00	35.73	-65.55	172.38	1970.00	-1790.00	590.00	-10.79	2.32	60.91	-60.00	-970.00	220.00	-14.21	-10.55	30.06
-130.00	-1790.00	270.00	-76.71	27.68	-84.94	-110.00	-1510.00	-370.00	24.57	-74.57	80.61	800.00	-1020.00	100.00	-9.21	-19.39	61.16	-70.00	-1000.00	190.00	-13.54	-11.16	30.98
-150.00	-1790.00	320.00	-76.71	27.68	-84.94	-180.00	-1310.00	-380.00	12.68	-89.33	35.98	-570.00	-1190.00	-570.00	-8.66	-37.99	64.94	-70.00	-1000.00	190.00	-15.73	-9.09	34.63
-160.00	-1770.00	340.00	-45.67	27.44	-5.61	-140.00	-1170.00	-430.00	12.68	-89.33	35.98	-670.00	-1180.00	-490.00	-6.04	-42.87	64.45	-50.00	-1070.00	70.00	-15.73	-9.09	34.63
-170.00	-1760.00	360.00	-45.67	27.44	-5.61	-140.00	-1170.00	-430.00	16.22	-75.79	-37.80	-250.00	-1340.00	-200.00	-2.01	-47.68	62.93	-50.00	-1070.00	70.00	-16.83	-9.39	38.41
-170.00	-1760.00	360.00	19.63	17.44	79.70	-140.00	-1170.00	-430.00	16.22	-75.79	-37.80	-100.00	-1320.00	-210.00	-1.10	-47.93	59.82	-70.00	-1070.00	100.00	-19.57	-9.02	42.44
-760.00	-1390.00	340.00	23.54	3.41	85.67	-200.00	-980.00	-270.00	26.10	-50.55	-61.65	-330.00	-1240.00	-310.00	-3.66	-32.20	51.59	-130.00	-1070.00	40.00	-21.46	-8.72	45.98
-1290.00	-1260.00	660.00	15.18	3.11	108.17	-40.00	-670.00	-160.00	16.52	-35.30	-78.23	-500.00	-1080.00	-280.00	-0.98	-20.73	43.48	-130.00	-1070.00	40.00	-21.46	-8.72	45.98
-1290.00	-1260.00	660.00	15.18	3.11	108.17	-40.00	-670.00	-160.00	8.78	-18.48	-97.87	-610.00	-980.00	-210.00	1.59	-15.73	38.60	-130.00	-1070.00	50.00	-20.79	-6.52	48.05
-1190.00	-1270.00	710.00	43.41	15.91	119.21	590.00	-500.00	-180.00	3.11	-5.43	-120.24	-430.00	-1010.00	-280.00	2.74	-15.12	38.66	-100.00	-1060.00	70.00	-11.28	3.60	60.79
-730.00	-1330.00	630.00	-7.07	107.44	144.70	590.00	-500.00	-180.00	-6.10	3.41	-143.84	-170.00	-910.00	-240.00	3.05	-17.93	44.39	-100.00	-1040.00	120.00	-11.28	3.60	60.79
-730.00	-1330.00	630.00	-7.07	107.44	144.70	340.00	-620.00	-250.00	-12.74	13.66	-171.40	-140.00	-940.00	-140.00	3.48	-18.48	47.56	-100.00	-1040.00	120.00	-11.28	3.60	60.79
-730.00	-1330.00	630.00	3.05	69.51	210.79	140.00	-110.00	-50.00	-19.94	23.41	-197.74	-160.00	-1010.00	-60.00	2.32	-13.96	44.76	-100.00	-1040.00	130.00	-15.49	8.60	68.72
-570.00	-980.00	250.00	22.44	16.52	207.68	420.00	-170.00	-80.00	-26.89	30.85	-221.59	-120.00	-1070.00	-40.00	1.46	-8.48	41.46	-130.00	-1110.00	100.00	-15.24	12.74	75.37
970.00	-1290.00	390.00	18.48	-5.61	180.79	370.00	-240.00	30.00	-34.63	32.80	-240.30	-90.00	-1060.00	-20.00	1.89	-6.22	40.24	-130.00	-1110.00	100.00	-15.24	12.74	75.37
970.00	-1290.00	390.00	18.48	-5.61	180.79	290.00	-180.00	30.00	-57.68	22.99	-261.28	-60.00	-1120.00	140.00	1.95	-6.04	39.45	-130.00	-1110.00	100.00	-19.02	33.72	95.43
1990.00	-970.00	310.00	6.04	-2.01	164.39	370.00	-290.00	10.00	-57.68	22.99	-261.28	-310.00	-1100.00	180.00	1.04	-5.00	37.32	-130.00	-1150.00	-10.00	-32.99	38.84	120.49
2000.00	-1410.00	-500.00	4.51	-4.15	120.79	290.00	-300.00	10.00	-63.35	19.33	-265.49	-290.00	-960.00	60.00	-0.12	-4.94	35.00	-210.00	-1130.00	-80.00	-32.99	38.84	120.49
550.00	-1770.00	-290.00	4.51	-4.15	120.79	250.00	-350.00	-40.00	-63.35	19.33	-265.49	-190.00	-1060.00	50.00	-1.22	-5.06	33.54	-210.00	-1130.00	-80.00	-50.12	29.82	141.28
550.00	-1770.00	-290.00	4.51	-4.15	120.79	250.00	-380.00	-60.00	-85.30	7.44	-265.98	-120.00	-1090.00	90.00	-2.07	-4.15	31.89	-210.00	-1130.00	-80.00	-58.72	27.13	157.44
-600.00	-1350.00	330.00	14.70	16.22	85.43	270.00	-440.00	-70.00	-85.30	7.44	-265.98	-80.00	-1100.00	50.00	-1.77	-3.35	29.27	-140.00	-1130.00	80.00	-58.72	27.13	157.44
-40.00	-1280.00	-330.00	20.37	12.62	76.77	320.00	-530.00	-80.00	-88.66	3.11	-260.43	-180.00	-1070.00	80.00	-1.40	-3.11	26.04	-140.00	-1210.00	80.00	-63.66	-8.90	303.84
-40.00	-1280.00	-330.00	20.37	12.62	76.77	310.00	-620.00	-90.00	-97.99	-10.55	-249.70	-240.00	-1080.00	60.00	-0.24	0.49	21.77	-140.00	-1210.00	80.00	-63.66	-8.90	303.84
-40.00	-1280.00	-330.00	20.37	12.62	76.77	260.00	-710.00	-100.00	-97.99	-10.55	-249.70	-210.00	-1070.00	90.00	1.89	1.16	15.67	-170.00	-1220.00	-80.00	-79.76	-3.35	269.15
-550.00	-1500.00	250.00	17.74	-14.57	52.01	120.00	-920.00	-110.00	-98.78	-15.49	-243.23	-180.00	-1050.00	100.00	2.93	2.20	10.73	-110.00	-1410.00	-120.00	-67.74	14.76	252.26
-10.00	-1230.00	420.00	10.30	6.83	50.00	120.00	-920.00	-110.00	-98.78	-15.49	-243.23	-220.00	-1030.00	70.00	1.77	1.40	9.27	-110.00	-1410.00	-120.00	-3.17	68.54	-0.67
-10.00	-1230.00	420.00	10.30	6.83	50.00	80.00	-1060.00	-90.00	-88.29	-19.94	-228.96	-230.00	-1000.00	60.00	-1.28	0.43	10.49	-10.00	-1480.00	-90.00	-3.17	68.54	-0.67
80.00	-1020.00	260.00	5.24	16.95	44.33	10.00	-1260.00	-60.00	-88.29	-19.94	-228.96	-230.00	-1020.00	60.00	-3.41	1.34	12.13	160.00	-1710.00	-100.00	-24.02	84.21	-123.72
-250.00	-1000.00	-190.00	-0.18	20.00	34.94	30.00	-1520.00	-70.00	-85.24	-21.83	-223.60	-260.00	-1010.00	60.00	-4.09	2.38	13.17	-510.00	-1740.00	220.00	-2.74	55.91	-125.49
-290.00	-1040.00	-360.00	-6.71	19.33	37.13	30.00	-1520.00	-70.00	-88.96	-16.34	-220.00	-250.00	-990.00	70.00	-4.70	1.40	13.78	-340.00	-1580.00	160.00	-2.74	55.91	-125.49
-290.00	-1040.00	-360.00	-6.71	19.33	37.13	60.00	-1590.00	-80.00	-88.96	-16.34	-220.00	-250.00	-970.00	80.00	-5.61	-2.01	14.51	-10.00	-1180.00	470.00	11.34	52.56	-141.65
200.00	-930.00	0.00	-3.60	10.91	31.77	60.00	-1580.00	-110.00	-88.96	-16.34	-220.00	-280.00	-970.00	40.00	-5.98	-4.82	15.43	-10.00	-1180.00	470.00	11.34	52.56	-141.65
110.00	-1060.00	10.00	-1.16	10.67	30.37	60.00	-1580.00	-110.00	-88.72	-7.68	-220.55	-300.00	-920.00	80.00	-6.04	-5.98	15.61	-200.00	-550.00	770.00	19.63	22.80	-188.05
110.00	-1060.00	10.00	-1.16	10.67	30.37	40.00	-1590.00	-80.00	-85.30	19.57	-209.76	-310.00	-900.00	60.00	-7.13	-4.76	15.79	-200.00	-550.00	770.00	19.63	22.80	-188.05
110.00	-1060.00	10.00	3.11	2.01	25.98	-10.00	-1710.00	80.00	-85.30	19.57	-209.76	-290.00	-930.00	50.00	-8.29	-2.56	16.34	210.00	-540.00	80.00	29.27	5.06	-205.61
90.00	-1020.00	60.00	7.62	-0.73	22.32	-10.00	-1710.00	80.00	-85.30	19.57	-209.76	-240.00	-1010.00	30.00	-9.45	-0.30	17.07	-40.00	-510.00	-20.00	43.84	-23.05	-230.12
40.00	-1120.00	-60.00	7.62	-0.73	22.32	-90.00	-1750.00	120.00	-72.38	61.71	-162.07	-210.00	-1090.00	40.00	-10.67	2.68	18.90	-40.00	-510.00	-20.00	50.49	-19.70	-248.84
40.00	-1120.00	-60.00	6.65	0.79	21.71	-90.00	-1750.00	120.00	-72.38	61.71	-162.07	-220.00	-1110.00	70.00	-11.89	5.37	21.34	-90.00	-440.00	-40.00	50.49	-19.70	-248.84
20.00	-1020.00	-160.00	4.27	1.59	21.04	-260.00	-1730.00	190.00	-72.38	61.71	-162.07	-230.00	-1070.00	10.00	-13.17	6.28	23.90	-30.00	-490.00	-10.00	60.43	-1.83	-260.67
10.00	-1030.00	-210.00	4.27	1.59	21.04	-260.00	-1730.00	190.00	-72.38	58.60	-139.70	-230.00	-1040.00	-50.00	-14.51	6.77	26.46	-30.00	-490.00	-10.00	60.43	-1.83	-260.67
10.00	-1030.00	-210.00	3.72	0.98	20.06	-290.00	-1670.00	220.00	-76.04	19.82	-82.20	-230.00	-1040.00	-20.00	-15.43	7.07	27.87	40.00	-560.00	-20.00	68.72	10.30	-269.57
10.00	-1030.00	-210.00	3.72	0.98	20.06	-420.00	-1520.00	200.00	-19.09	18.96	29.70	-260.00	-1030.00	20.00	-14.27	8.35	28.17	60.00	-620.00	-0.00	68.72	10.30	-269.57
30.00	-1050.00	-170.00	5.85	-2.26	18.17	-420.00	-1520.00	200.00	-19.09	18.96	29.70	-270.00	-1040.00	60.00	-13.35	12.07	28.90	70.00	-680.00	50.00	71.71	13.60	-270.85
10.00	-1000.00	-110.00	5.85	-2.26	18.17	-420.00	-1520.00	200.00	-19.09	18.96	29.70	-270.00	-1040.00	80.00	-12.50	14.27	30.73	10.00	-810.00	110.00	79.70	5.91	-264.09
-10.00	-980.00	-140.00	8.11	-1.52	15.79	-490.00	-1430.00	180.00	-1.52	21.16	53.72	-270.00	-1030.00	110.00	-12.07	16.83	33.54	10.00	-810.00	110.00	79.70	5.91	-264.09
-10.00	-980.00	-140.00	8.11	-1.52	15.79	-710.00	-1300.00	140.00	9.70	2.99	73.41	-260.00	-1050.00	120.00	-12.50	17.32	36.52	-100.00	-930.00	50.00	79.70	5.91	-264.09
-40.00	-990.00	-170.00	7.68	0.55	18.54	-710.00	-1300.00	140.00	9.70	2.99	73.41	-230.00	-1030.00	130.00	-13.11	17.07	40.24	-220.00	-1110.00	-60.00	81.77	-4.15	-256.89
-40.00	-970.00	-150.00	10.67	3.23	24.15	-840.00	-1280.00	260.00	9.70	2.99	73.41	-230.00	-1040.00	110.00	-14.02	16.95	44.15	-220.00	-1110.00	-60.00	82.20	-15.43	-248.78
-40.00	-970.00	-150.00	10.67	3.23	24.15	-1150.00	-1030.00	430.00	12.99	-28.54	114.33	-250.00	-1050.00	80.00	-15.24	15.98	48.05	-300.00	-1200.00	-100.00	87.07	-39.39	-238.29
-0.00	-1010.00	-80.00	14.45	0.18	25.18	-1150.00	-1030.00	430.00	12.99	-28.54	114.33	-260.00	-1030.00	30.00	-16.83	14.82	52.56	-300.00	-1200.00	-100.00	86.10	-41.65	-243.96
-0.00	-1010.00	-80.00	14.76	-2.62	24.51	-680.00	-910.00	330.00	12.99	-28.54	114.33	-330.00	-1040.00	-20.00	-18.60	13.96	56.28	-440.00	-1310.00	-150.00	86.10	-41.65	-243.96
-30.00	-1030.00	-80.00	14.76	-2.62	24.51	-680.00	-910.00	330.00	1.28	19.33	120.37	-270.00	-1060.00	-40.00	-19.39	14.09	59.39	-440.00	-1310.00	-150.00	81.77	-31.52	-243.54
20.00	-1020.00	-40.00	13.54	-3.11	23.66	-680.00	-910.00	330.00	-1.04	20.61	222.93	-290.00	-1050.00	-10.00	-19.57	15.91	61.65	-440.00	-1400.00	-160.00	80.55	-24.09	-232.20
40.00	-1050.00	-110.00	13.54	-3.11	23.66	-360.00	-910.00	130.00	-10.61	14.82	167.74	-320.00	-1050.00	-30.00	-18.72	19.88	62.99	-470.00	-1500.00	-140.00	80.55	-24.09	-232.20
40.00	-1050.00	-110.00	12.26	-0.67	23.60	-360.00	-910.00	130.00	-10.61	14.82	167.74	-300.00	-1040.00	-60.00	-18.90	18.60	64.51	-530.00	-1580.00	-60.00	79.51	-19.70	-217.74
-10.00	-1060.00	-140.00	12.26	-0.67	23.60	-360.00	-910.00	130.00	-10.61	14.82	167.74	-320.00	-1040.00	-50.00	-18.90	15.67	67.93	-660.00	-1680.00	-50.00	65.55	-21.71	-188.11
-60.00	-1060.00	-30.00	9.88	1.65	27.13	-90.00	-1070.00	70.00	-18.41	40.61	88.23	-310.00	-1040.00	-40.00	-20.00	11.71	70.61	-660.00	-1680.00	-50.00	65.55	-21.71	-188.11
-60.00	-1060.00	-30.00	9.88	1.65	27.13	1160.00	-580.00	340.00	-18.41	40.61	88.23	-280.00	-1050.00	-10.00	-19.70	9.57	73.48	-630.00	-1720.00	-90.00	65.55	-21.71	-188.11
-50.00	-1060.00	30.00	8.60	3.66	30.18	1160.00	-580.00	340.00	-18.41	40.61	88.23	-280.00	-1050.00	10.00	-18.17	10.12	77.32	-680.00	-1620.00	-140.00	55.06	-33.29	-151.28
-50.00	-1060.00	30.00	8.48	7.13	34.39	2000.00	-1350.00	-240.00	-16.28	13.54	61.40	-300.00	-1060.00	30.00	-19.82	12.38	81.28	-680.00	-1620.00	-140.00	52.13	-43.23	-112.68
-10.00	-1070.00	140.00	8.48	7.13	34.39	-440.00	-1460.00	230.00	-16.28	13.54	61.40	-350.00	-1040.00	-0.00	-20.43	24.21	95.73	-720.00	-1530.00	-160.00	40.37	-38.11	-68.48
-10.00	-1070.00	140.00	8.84	6.34	34.02	-670.00	-1560.00	-540.00	-16.28	13.54	61.40	-420.00	-1050.00	-50.00	-24.51	25.12	100.85	-710.00	-1490.00	-180.00	40.37	-38.11	-68.48
-20.00	-1100.00	90.00	8.84	6.34	34.02	-670.00	-1560.00	-540.00	-16.28	13.54	61.40	-400.00	-1050.00	-120.00	-24.51	25.12	100.85	-680.00	-1450.00	-170.00	30.79	-22.32	-25.43
20.00	-1080.00	10.00	10.18	-2.20	32.38	-670.00	-1560.00	-540.00	2.38	5.06	45.73	-400.00	-1030.00	-170.00	-30.73	21.16	113.66	-680.00	-1450.00	-170.00	-3.41	-18.23	49.82
20.00	-1080.00	10.00	10.18	-2.20	32.38	170.00	-910.00	140.00	2.38	5.06	45.73	-390.00	-1030.00	-190.00	-35.24	15.49	122.62	-670.00	-1420.00	-140.00	-3.41	-18.23	49.82
-10.00	-1080.00	-60.00	10.43	-5.06	31.65	170.00	-910.00	140.00	2.38	5.06	45.73	-370.00	-1060.00	-210.00	-35.24	15.49	122.62	-790.00	-1240.00	-100.00	-38.17	0.98	88.23
-10.00	-1080.00	-60.00	10.00	-6.83	30.06	170.00	-910.00	140.00	-1.89	-14.15	34.88	-390.00	-1060.00	-170.00	-44.02	7.13	158.54	-790.00	-1240.00	-100.00	-26.40	13.11	87.38
-90.00	-1060.00	-80.00	10.00	-6.83	30.06	170.00	-910.00	140.00	-9.82	-19.51	29.57	-400.00	-1080.00	-130.00	-44.02	7.13	158.54	-890.00	-1060.00	-190.00	-26.40	13.11	87.38
-90.00	-1060.00	-80.00	10.00	-6.83	30.06	150.00	-750.00	-430.00	0.67	-15.73	25.49	-410.00	-1130.00	-60.00	-44.02	7.13	158.54	-960.00	-910.00	-280.00	-17.01	30.06	112.99
-110.00	-1070.00	-90.00	9.63	-7.32	28.66	150.00	-750.00	-430.00	0.67	-15.73	25.49	-440.00	-1190.00	-60.00	-42.50	8.66	201.89	-660.00	-930.00	-170.00	-17.01	30.06	112.99
-100.00	-1060.00	-30.00	10.37	-8.72	27.07	150.00	-750.00	-430.00	0.67	-15.73	25.49	-450.00	-1210.00	-70.00	-42.50	8.66	201.89	-660.00	-930.00	-170.00	-1.10	14.70	150.61
-100.00	-1060.00	-30.00	10.37	-8.72	27.07	240.00	-1020.00	-10.00	7.80	-15.06	20.49	-470.00	-1170.00	-60.00	-42.50	8.66	201.89	470.00	-790.00	-210.00	-1.10	14.70	150.61
-100.00	-1060.00	-30.00	11.22	-9.88	27.13	240.00	-1020.00	-10.00	7.80	-15.06	20.49	-400.00	-1260.00	-290.00	-42.50	8.66	201.89	1410.00	-1110.00	-110.00	13.78	23.11	159.51
-110.00	-1050.00	-10.00	13.23	-11.77	29.21	240.00	-1020.00	-10.00	7.80	-15.06	20.49	-400.00	-1260.00	-290.00	-61.46	-27.13	230.43	1410.00	-1110.00	-110.00	15.73	14.70	134.02
-130.00	-1040.00	10.00	13.23	-11.77	29.21	80.00	-1090.00	140.00	6.59	-12.44	19.94	-400.00	-1260.00	-290.00	-61.46	-27.13	230.43	1410.00	-1110.00	-110.00	15.73	14.70	134.02
-130.00	-1040.00	10.00	13.23	-11.77	29.21	260.00	-1020.00	50.00	6.34	-10.98	18.48	-260.00	-1530.00	-270.00	-61.46	-27.13	230.43	500.00	-1060.00	-140.00	2.93	-23.66	109.51
-120.00	-1060.00	-10.00	14.09	-12.62	31.28	250.00	-920.00	-110.00	6.34	-10.98	18.48	-260.00	-1530.00	-270.00	-98.78	-39.33	221.16	70.00	-1360.00	-370.00	2.93	-23.66	109.51
-130.00	-1050.00	-60.00	16.16	-16.28	35.24	180.00	-800.00	-290.00	6.34	-10.98	18.48	-260.00	-1530.00	-270.00	-98.78	-39.33	221.16	70.00	-1360.00	-370.00	5.00	-55.06	93.17
-130.00	-1050.00	-60.00	16.16	-16.28	35.24	180.00	-800.00	-290.00	7.13	-7.26	17.13	-120.00	-1910.00	-250.00	-98.78	-39.33	221.16	-290.00	-1210.00	-10.00	5.00	-55.06	93.17
-130.00	-1050.00	-60.00	16.16	-16.28	35.24	180.00	-800.00	-290.00	14.39	3.84	12.80	-120.00	-1910.00	-250.00	-113.11	-51.59	205.30	-290.00	-1210.00	-10.00	-11.16	-47.80	44.09
-130.00	-1070.00	-70.00	17.07	-18.11	39.94	130.00	-850.00	-190.00	14.39	3.84	12.80	-120.00	-1910.00	-250.00	-89.02	-53.17	153.60	-50.00	-1300.00	70.00	-11.16	-47.80	44.09
-120.00	-1080.00	-50.00	19.27	-17.50	43.72	130.00	-850.00	-190.00	14.39	3.84	12.80	70.00	-1910.00	-150.00	-89.02	-53.17	153.60	-610.00	-1230.00	310.00	4.88	-43.41	41.34
-120.00	-1080.00	-50.00	19.27	-17.50	43.72	130.00	-850.00	-190.00	17.62	10.61	17.20	70.00	-1910.00	-150.00	-72.07	-17.99	127.20	-410.00	-1180.00	0.00	8.29	-30.55	39.88
-120.00	-1080.00	-50.00	19.27	-17.50	43.72	110.00	-820.00	-210.00	17.62	10.61	17.20	70.00	-1910.00	-150.00	28.84	136.34	40.61	-410.00	-1180.00	0.00	8.29	-30.55	39.88
-140.00	-1110.00	-0.00	24.88	-15.49	56.16	110.00	-820.00	-210.00	17.62	10.61	17.20	-610.00	-1720.00	150.00	28.84	136.34	40.61	-20.00	-1150.00	-110.00	5.37	-20.91	36.34
-140.00	-1110.00	-0.00	24.88	-15.49	56.16	110.00	-820.00	-210.00	18.29	9.94	17.56	-610.00	-1720.00	150.00	4.21	152.26	-4.57	-20.00	-1150.00	-110.00	5.37	-20.91	36.34
-140.00	-1110.00	-0.00	24.88	-15.49	56.16	70.00	-800.00	-250.00	17.68	5.43	17.68	-610.00	-1720.00	150.00	-6.65	134.21	-43.17	80.00	-1030.00	40.00	6.16	-8.66	32.44
-120.00	-1130.00	-10.00	27.87	-14.02	65.12	70.00	-790.00	-230.00	17.68	5.43	17.68	-360.00	-1450.00	220.00	-2.62	98.29	-72.07	80.00	-1030.00	40.00	6.16	-8.66	32.44
-100.00	-1160.00	-30.00	32.07	-11.04	84.51	110.00	-880.00	-170.00	12.80	4.09	17.56	-360.00	-1130.00	420.00	4.27	73.78	-87.68	-50.00	-1000.00	170.00	9.76	-5.91	33.35
-100.00	-1160.00	-30.00	33.17	-13.48	91.77	110.00	-880.00	-170.00	8.17	3.78	19.15	-360.00	-1130.00	420.00	11.52	62.50	-105.06	-50.00	-1000.00	170.00	7.13	-5.06	29.94
-100.00	-1160.00	-30.00	33.17	-13.48	91.77	90.00	-860.00	-180.00	8.17	3.78	19.15	-360.00	-820.00	410.00	24.33	56.34	-124.57	40.00	-1000.00	160.00	7.13	-5.06	29.94
-150.00	-1190.00	-20.00	42.26	-27.74	107.56	120.00	-900.00	-150.00	3.96	2.56	21.40	-810.00	-60.00	380.00	35.79	40.49	-147.13	40.00	-1000.00	120.00	7.13	-5.06	29.94
-130.00	-1230.00	20.00	40.67	-35.98	114.51	120.00	-900.00	-150.00	1.04	2.20	26.52	-810.00	-60.00	380.00	40.30	4.57	-190.43	40.00	-1000.00	120.00	10.85	-9.51	27.80
-130.00	-1230.00	20.00	40.67	-35.98	114.51	130.00	-930.00	-90.00	1.04	2.20	26.52	-1010.00	500.00	630.00	40.30	4.57	-190.43	40.00	-1000.00	120.00	7.62	-22.56	15.49
-130.00	-1230.00	20.00	40.67	-35.98	114.51	140.00	-960.00	-30.00	2.38	-2.01	29.27	-90.00	-500.00	450.00	41.59	-11.59	-206.71	70.00	-1000.00	100.00	7.62	-22.56	15.49
-80.00	-1300.00	70.00	44.21	-49.39	126.10	120.00	-990.00	30.00	4.45	-4.51	29.33	110.00	-830.00	470.00	48.66	-19.94	-233.29	-60.00	-1050.00	10.00	5.00	-24.51	13.48
-20.00	-1570.00	-40.00	41.95	-52.56	132.50	120.00	-990.00	30.00	4.45	-4.51	29.33	480.00	-400.00	280.00	68.84	11.10	-252.93	-60.00	-1050.00	10.00	3.05	-13.11	18.54
-20.00	-1570.00	-40.00	41.95	-52.56	132.50	160.00	-1000.00	10.00	5.61	-6.46	28.96	580.00	-340.00	130.00	68.84	11.10	-252.93	-90.00	-1030.00	30.00	3.05	-13.11	18.54
-20.00	-1570.00	-40.00	46.22	-59.21	141.59	160.00	-1000.00	10.00	6.65	-7.80	28.41	370.00	-240.00	-40.00	74.51	20.43	-256.46	30.00	-1030.00	120.00	3.05	-13.11	18.54
-50.00	-1480.00	10.00	44.82	-52.20	144.57	150.00	-980.00	-30.00	6.65	-7.80	28.41	80.00	-230.00	-70.00	88.41	32.26	-258.72	30.00	-1030.00	120.00	0.98	-3.48	22.74
40.00	-1460.00	60.00	44.82	-52.20	144.57	140.00	-940.00	-90.00	6.65	-7.80	28.41	60.00	-160.00	-60.00	88.41	32.26	-258.72	30.00	-1030.00	120.00	-2.38	4.76	23.54
40.00	-1460.00	60.00	44.82	-52.20	144.57	130.00	-950.00	-110.00	5.43	-7.80	26.40	160.00	-240.00	-50.00	88.84	18.66	-257.13	30.00	-1050.00	130.00	-2.38	4.76	23.54
20.00	-1400.00	150.00	41.83	-41.95	153.17	130.00	-950.00	-110.00	4.94	-6.95	25.79	200.00	-410.00	-50.00	88.90	0.12	-254.63	60.00	-1040.00	200.00	-2.38	4.76	23.54
60.00	-1400.00	150.00	41.28	-35.49	155.79	100.00	-910.00	-130.00	4.94	-6.95	25.79	220.00	-490.00	-50.00	85.85	-6.52	-257.38	60.00	-1040.00	200.00	-4.15	-1.59	21.10
60.00	-1400.00	150.00	41.28	-35.49	155.79	90.00	-930.00	-110.00	6.04	-8.29	25.55	170.00	-530.00	-50.00	85.55	-3.84	-250.79	60.00	-1040.00	200.00	-3.66	-0.91	15.98
60.00	-1400.00	150.00	43.23	-8.78	156.10	90.00	-930.00	-110.00	6.04	-8.29	25.55	60.00	-560.00	-0.00	85.55	-3.84	-250.79	-10.00	-1050.00	100.00	-3.66	-0.91	15.98
90.00	-1240.00	130.00	43.23	-8.78	156.10	90.00	-930.00	-110.00	6.04	-8.29	25.55	-80.00	-600.00	40.00	83.96	7.74	-224.33	-10.00	-1050.00	100.00	-3.66	-0.91	15.98
-120.00	-1260.00	120.00	43.17	-9.70	148.17	40.00	-930.00	-60.00	8.41	-7.68	27.80	-300.00	-890.00	10.00	80.73	11.34	-210.98	-10.00	-1050.00	100.00	-2.62	7.13	12.62
-120.00	-1260.00	120.00	43.17	-9.70	148.17	30.00	-940.00	-50.00	9.33	-8.05	29.76	-300.00	-890.00	10.00	80.73	11.34	-210.98	-40.00	-1050.00	70.00	-2.62	7.13	12.62
-240.00	-1240.00	-40.00	34.70	-10.43	124.09	30.00	-940.00	-50.00	9.33	-8.05	29.76	-300.00	-890.00	10.00	80.73	11.34	-210.98	-30.00	-1030.00	110.00	-2.62	7.13	12.62
-240.00	-1240.00	-40.00	34.70	-10.43	124.09	20.00	-930.00	-40.00	8.84	-8.11	35.18	-430.00	-1120.00	-160.00	66.83	9.63	-184.51	-30.00	-1030.00	110.00	-4.09	3.72	8.54
-300.00	-1230.00	-10.00	32.93	-66.83	5.18	20.00	-920.00	-70.00	8.72	-7.87	38.96	-480.00	-1320.00	-260.00	59.51	6.59	-169.76	-30.00	-1030.00	110.00	-4.45	1.52	6.89
-300.00	-1230.00	-10.00	32.93	-66.83	5.18	30.00	-920.00	-100.00	8.72	-7.87	38.96	-540.00	-1390.00	-250.00	59.51	6.59	-169.76	-70.00	-1000.00	90.00	-4.45	1.52	6.89
-460.00	-1030.00	-90.00	37.50	-91.52	-26.34	30.00	-900.00	-130.00	8.72	-7.87	38.96	-540.00	-1390.00	-250.00	49.94	-2.50	-136.40	-80.00	-1000.00	60.00	-4.76	0.24	5.55
-550.00	-950.00	-70.00	42.62	-114.21	-63.96	40.00	-910.00	-130.00	10.49	-11.46	60.91	-910.00	-1600.00	-210.00	49.94	-2.50	-136.40	-80.00	-1000.00	60.00	-5.37	1.16	4.33
-550.00	-950.00	-70.00	42.62	-114.21	-63.96	40.00	-910.00	-130.00	11.83	-13.90	66.46	-940.00	-1600.00	-250.00	41.16	-18.35	-83.72	-80.00	-1010.00	40.00	-5.37	1.16	4.33
-610.00	-610.00	-160.00	26.22	-108.84	-89.57	50.00	-930.00	-120.00	11.83	-13.90	66.46	-940.00	-1600.00	-250.00	38.11	-20.30	-62.80	-70.00	-1010.00	80.00	-5.37	1.16	4.33
-610.00	-610.00	-160.00	-7.01	-85.00	-129.45	40.00	-950.00	-100.00	14.21	-18.84	78.35	-940.00	-1600.00	-250.00	38.11	-20.30	-62.80	-70.00	-1010.00	80.00	-6.65	5.30	4.15
180.00	-420.00	-310.00	-7.01	-85.00	-129.45	40.00	-950.00	-100.00	15.98	-20.73	86.16	-920.00	-1570.00	-320.00	25.24	-18.05	-14.94	-70.00	-1010.00	80.00	-7.62	5.98	3.60
180.00	-420.00	-310.00	-7.01	-85.00	-129.45	40.00	-950.00	-100.00	15.98	-20.73	86.16	-880.00	-1570.00	-350.00	-5.43	-21.10	53.11	-40.00	-1000.00	120.00	-7.62	5.98	3.60
390.00	-340.00	-180.00	-22.38	-59.57	-147.13	40.00	-990.00	-70.00	15.98	-20.73	86.16	-880.00	-1570.00	-350.00	-9.02	-20.49	70.18	-50.00	-990.00	120.00	-7.62	5.98	3.60
260.00	-140.00	90.00	-44.45	-12.44	-173.23	40.00	-990.00	-100.00	18.90	-28.11	101.59	-800.00	-1480.00	-320.00	-9.02	-20.49	70.18	-50.00	-990.00	120.00	-10.00	4.76	2.01
260.00	-140.00	90.00	-44.45	-12.44	-173.23	40.00	-990.00	-100.00	22.99	-33.48	112.32	-830.00	-1430.00	-290.00	-47.56	2.93	69.45	-50.00	-990.00	120.00	-10.67	4.39	1.28
280.00	-200.00	150.00	-55.43	6.89	-183.66	50.00	-1010.00	-110.00	22.99	-33.48	112.32	-830.00	-1430.00	-290.00	-47.56	2.93	69.45	-60.00	-1010.00	90.00	-10.67	4.39	1.28
280.00	-200.00	150.00	-72.80	27.20	-204.70	50.00	-1090.00	-30.00	19.63	-50.67	132.07	-830.00	-1430.00	-290.00	-47.56	2.93	69.45	-60.00	-1020.00	70.00	-10.61	5.91	0.49
320.00	-250.00	140.00	-72.80	27.20	-204.70	70.00	-1140.00	30.00	19.63	-50.67	132.07	-880.00	-1250.00	-250.00	-10.98	-10.37	65.85	-60.00	-1020.00	70.00	-9.21	7.13	0.79
320.00	-250.00	140.00	-72.80	27.20	-204.70	70.00	-1140.00	30.00	19.70	-55.00	143.11	-910.00	-1160.00	-260.00	2.50	-5.61	103.78	-50.00	-1020.00	70.00	-9.21	7.13	0.79
310.00	-320.00	110.00	-80.49	34.33	-212.50	90.00	-1160.00	-20.00	16.34	-62.32	161.59	-1100.00	-970.00	-380.00	2.50	-5.61	103.78	-60.00	-1030.00	70.00	-9.21	7.13	0.79
170.00	-450.00	70.00	-89.21	45.61	-219.63	180.00	-1290.00	30.00	10.49	-63.84	171.77	-1100.00	-970.00	-380.00	10.00	-22.50	89.57	-60.00	-1030.00	70.00	-9.21	0.12	1.83
170.00	-450.00	70.00	-89.21	45.61	-219.63	180.00	-1290.00	30.00	10.49	-63.84	171.77	-1100.00	-970.00	-380.00	10.00	-22.50	89.57	-60.00	-1030.00	70.00	-9.21	0.12	1.83
170.00	-450.00	70.00	-89.21	45.61	-219.63	210.00	-1280.00	-60.00	5.98	-61.89	184.94	-1080.00	-990.00	-460.00	6.71	-53.78	69.94	-50.00	-1040.00	50.00	-7.07	0.24	2.38
60.00	-530.00	70.00	-79.02	47.07	-214.94	250.00	-1330.00	-40.00	5.98	-61.89	184.94	-330.00	-1600.00	-470.00	6.71	-53.78	69.94	-50.00	-1050.00	50.00	-4.63	2.38	3.54
-90.00	-750.00	80.00	-79.02	47.07	-214.94	250.00	-1330.00	-40.00	5.61	-62.01	185.49	-330.00	-1600.00	-470.00	-11.71	-18.60	76.89	-50.00	-1050.00	50.00	-4.63	2.38	3.54
-90.00	-750.00	80.00	-72.80	57.26	-183.48	250.00	-1330.00	-40.00	5.61	-62.01	185.49	340.00	-1050.00	-190.00	-10.73	-32.01	62.32	-50.00	-1050.00	70.00	-3.05	2.20	3.66
-90.00	-750.00	80.00	-72.80	57.26	-183.48	250.00	-1200.00	70.00	8.41	-59.82	179.82	1010.00	-1040.00	-170.00	-10.73	-32.01	62.32	-40.00	-1080.00	50.00	-3.05	2.20	3.66
-330.00	-1150.00	140.00	-72.80	57.26	-183.48	230.00	-1270.00	110.00	24.63	-64.57	167.20	1010.00	-1040.00	-170.00	-14.02	-22.26	54.45	-20.00	-1050.00	50.00	-4.15	2.93	6.77
-330.00	-1150.00	140.00	-62.44	25.85	-140.06	230.00	-1270.00	110.00	24.63	-64.57	167.20	380.00	-1280.00	-290.00	-14.02	-22.26	54.45	-20.00	-1050.00	50.00	-4.70	4.21	7.87
-330.00	-1150.00	140.00	-62.44	25.85	-140.06	220.00	-1170.00	70.00	29.45	-58.84	125.61	-140.00	-1150.00	-380.00	-2.74	12.87	41.40	-30.00	-1060.00	50.00	-4.70	4.21	7.87
-330.00	-1150.00	140.00	-62.44	25.85	-140.06	150.00	-1090.00	40.00	29.45	-58.84	125.61	10.00	-1310.00	-40.00	-2.74	12.87	41.40	-20.00	-1050.00	70.00	-5.67	4.63	9.70
-520.00	-1410.00	210.00	-62.44	25.85	-140.06	150.00	-1090.00	40.00	30.67	-54.02	104.02	10.00	-1310.00	-40.00	-0.12	25.12	34.21	-20.00	-1050.00	70.00	-5.67	4.63	9.70
-520.00	-1410.00	210.00	-44.70	-3.05	-48.72	-130.00	-1130.00	-50.00	30.67	-54.02	104.02	-150.00	-1260.00	120.00	4.63	17.56	25.91	-40.00	-1020.00	80.00	-10.91	0.61	8.72
-860.00	-1540.00	210.00	-44.70	-3.05	-48.72	-190.00	-1090.00	-190.00	30.18	-47.07	50.24	-450.00	-1250.00	-200.00	4.63	17.56	25.91	-40.00	-1020.00	80.00	-10.91	0.61	8.72
-860.00	-1540.00	210.00	-44.70	-3.05	-48.72	-190.00	-1090.00	-190.00	51.95	-82.20	-66.16	-450.00	-1250.00	-200.00	7.56	10.79	27.50	-40.00	-1010.00	90.00	-12.32	-0.37	8.48
-860.00	-1540.00	210.00	69.57	-41.16	51.52	-300.00	-1060.00	-140.00	62.44	-84.76	-91.40	-80.00	-980.00	-250.00	7.56	10.79	27.50	-40.00	-1010.00	90.00	-12.32	-0.37	8.48
-970.00	-1550.00	110.00	69.57	-41.16	51.52	-300.00	-1060.00	-140.00	55.00	-85.67	-129.76	-80.00	-980.00	-250.00	4.39	1.52	30.18	-70.00	-990.00	80.00	-12.99	-0.55	7.68
-970.00	-1550.00	110.00	69.57	-41.16	51.52	-210.00	-1040.00	-220.00	55.00	-85.67	-129.76	-260.00	-950.00	60.00	4.39	1.52	30.18	-70.00	-990.00	80.00	-12.99	-0.55	7.68
-1520.00	-1680.00	960.00	69.57	-41.16	51.52	-210.00	-1040.00	-220.00	45.61	-73.41	-142.44	-260.00	-950.00	60.00	-1.34	-18.05	38.05	-70.00	-990.00	70.00	-12.68	-1.04	7.13
-1520.00	-1680.00	960.00	29.57	-7.56	-26.16	-510.00	-840.00	-210.00	45.61	-73.41	-142.44	-290.00	-940.00	120.00	-1.34	-18.05	38.05	-70.00	-990.00	70.00	-12.07	-2.74	5.43
-1520.00	-1680.00	960.00	0.43	36.52	-10.24	-510.00	-800.00	-250.00	9.51	-33.90	-168.66	-180.00	-1080.00	90.00	0.67	-18.96	35.43	-70.00	-1000.00	70.00	-12.07	-2.74	5.43
-1520.00	-1680.00	960.00	-19.63	5.00	0.06	-510.00	-800.00	-250.00	9.51	-33.90	-168.66	-180.00	-1080.00	90.00	0.85	5.24	25.49	-80.00	-1020.00	20.00	-12.20	-2.93	4.94
-60.00	-1090.00	900.00	-19.63	5.00	0.06	140.00	-420.00	-430.00	-6.89	-10.67	-178.96	-120.00	-1030.00	30.00	0.85	5.24	25.49	-80.00	-1020.00	20.00	-12.20	-2.93	4.94
-60.00	-1090.00	900.00	-19.63	5.00	0.06	140.00	-420.00	-430.00	-34.09	20.12	-195.37	-120.00	-1030.00	30.00	0.55	12.44	20.37	-80.00	-1020.00	20.00	-11.10	-1.46	4.39
-60.00	-1090.00	900.00	-6.34	4.63	3.11	540.00	-170.00	-70.00	-34.09	20.12	-195.37	-30.00	-990.00	-20.00	0.55	12.44	20.37	-80.00	-1020.00	20.00	-11.10	-1.46	4.39
920.00	-780.00	-40.00	-6.34	4.63	3.11	160.00	-250.00	50.00	-45.67	30.12	-203.90	-30.00	-990.00	-20.00	-5.67	-8.17	29.27	-80.00	-1030.00	30.00	-7.87	3.23	5.61
130.00	-1090.00	330.00	-6.34	4.63	3.11	160.00	-250.00	50.00	-45.67	30.12	-203.90	-80.00	-1010.00	-50.00	-5.67	-8.17	29.27	-80.00	-1030.00	30.00	-7.87	3.23	5.61
10.00	-1160.00	-120.00	-2.20	-7.93	-2.38	180.00	-300.00	130.00	-60.79	43.29	-219.39	-120.00	-1070.00	-30.00	-5.91	-5.67	25.98	-70.00	-1040.00	30.00	-6.65	4.15	5.67
10.00	-1160.00	-120.00	-10.98	-20.24	-4.70	10.00	-420.00	90.00	-60.79	43.29	-219.39	-120.00	-1070.00	-30.00	-5.91	-5.67	25.98	-60.00	-1040.00	30.00	-5.18	3.78	6.22
10.00	-1160.00	-120.00	-10.98	-20.24	-4.70	10.00	-420.00	90.00	-62.68	46.95	-225.49	-120.00	-1070.00	-30.00	-3.23	8.60	13.35	-60.00	-1040.00	30.00	-5.18	3.78	6.22
-60.00	-1070.00	-100.00	-10.98	-20.24	-4.70	20.00	-420.00	60.00	-59.57	52.87	-231.59	-150.00	-1040.00	60.00	-4.27	7.50	9.45	-60.00	-1050.00	20.00	-5.18	3.78	6.22
-60.00	-1070.00	-100.00	-11.34	-0.49	5.37	20.00	-420.00	60.00	-59.57	52.87	-231.59	-150.00	-1040.00	60.00	-4.27	7.50	9.45	-60.00	-1050.00	20.00	-5.12	2.80	6.34
-60.00	-1070.00	-100.00	-11.34	-0.49	5.37	30.00	-480.00	40.00	-59.57	52.87	-231.59	-180.00	-1110.00	110.00	-4.82	4.45	9.15	-60.00	-1050.00	20.00	-4.33	0.67	6.65
-60.00	-1070.00	-100.00	-11.34	-0.49	5.37	30.00	-480.00	40.00	-58.05	58.29	-229.45	-160.00	-1040.00	60.00	-4.88	3.78	8.66	-70.00	-1050.00	10.00	-4.33	0.67	6.65
270.00	-1030.00	250.00	-7.99	6.71	11.16	-40.00	-610.00	30.00	-54.82	72.50	-210.55	-120.00	-1050.00	0.00	-4.88	3.78	8.66	-70.00	-1040.00	10.00	-4.70	0.61	6.83
110.00	-1040.00	270.00	-4.57	1.89	10.43	-40.00	-610.00	30.00	-54.82	72.50	-210.55	-120.00	-1050.00	0.00	-4.82	3.90	7.50	-70.00	-1040.00	10.00	-5.06	0.73	7.01
110.00	-1040.00	270.00	-4.57	1.89	10.43	-90.00	-690.00	30.00	-54.51	76.46	-195.00	-110.00	-1060.00	-20.00	-4.94	5.37	5.98	-70.00	-1040.00	10.00	-5.06	0.73	7.01
100.00	-1020.00	100.00	-4.57	1.89	10.43	-190.00	-860.00	40.00	-54.27	66.65	-163.90	-210.00	-1040.00	20.00	-5.30	6.83	4.63	-70.00	-1020.00	30.00	-5.06	0.73	7.01
130.00	-1040.00	30.00	-0.98	-5.43	11.95	-190.00	-860.00	40.00	-54.27	66.65	-163.90	-220.00	-1030.00	30.00	-5.30	6.83	4.63	-70.00	-1020.00	30.00	-5.43	1.04	7.20
