RKNE_MOMENT
File	Frame	X 	Y 	Z 
Trial_7.filtered_40.c3d	1			
 - 	2			
 - 	3			
 - 	4	-0.001195	-0.000989	0.000141
 - 	5	-0.001184	-0.000996	0.000141
 - 	6	-0.001185	-0.000991	0.000139
 - 	7	-0.001168	-0.000984	0.000134
 - 	8	-0.001168	-0.000972	0.000134
 - 	9	-0.001155	-0.000967	0.000131
 - 	10	-0.001148	-0.000964	0.000130
 - 	11	-0.001176	-0.000919	0.000126
 - 	12	-0.001140	-0.000964	0.000130
 - 	13	-0.001088	-0.001011	0.000133
 - 	14	-0.001132	-0.000971	0.000132
 - 	15	-0.001118	-0.000979	0.000134
 - 	16	-0.001123	-0.000980	0.000134
 - 	17	-0.001117	-0.000981	0.000134
 - 	18	-0.001112	-0.000986	0.000133
 - 	19	-0.001123	-0.000991	0.000134
 - 	20	-0.001129	-0.001002	0.000135
 - 	21	-0.001152	-0.001012	0.000135
 - 	22	-0.001173	-0.001021	0.000137
 - 	23	-0.001200	-0.001030	0.000138
 - 	24	-0.001205	-0.001040	0.000139
 - 	25	-0.001222	-0.001044	0.000140
 - 	26	-0.001236	-0.001038	0.000141
 - 	27	-0.001226	-0.001028	0.000139
 - 	28	-0.001215	-0.001007	0.000138
 - 	29	-0.001180	-0.000987	0.000135
 - 	30	-0.001142	-0.000970	0.000132
 - 	31	-0.001116	-0.000961	0.000131
 - 	32	-0.001082	-0.000958	0.000130
 - 	33	-0.001038	-0.000952	0.000127
 - 	34	-0.001005	-0.000942	0.000125
 - 	35	-0.000995	-0.000940	0.000124
 - 	36	-0.001001	-0.000943	0.000124
 - 	37	-0.001034	-0.000939	0.000126
 - 	38	-0.001052	-0.000940	0.000127
 - 	39	-0.001082	-0.000947	0.000129
 - 	40	-0.001113	-0.000960	0.000132
 - 	41	-0.001140	-0.000981	0.000136
 - 	42	-0.001162	-0.001000	0.000137
 - 	43	-0.001171	-0.001021	0.000140
 - 	44	-0.001205	-0.001010	0.000140
 - 	45	-0.001188	-0.001048	0.000142
 - 	46	-0.001166	-0.001077	0.000142
 - 	47	-0.001184	-0.001048	0.000141
 - 	48	-0.001192	-0.001034	0.000141
 - 	49	-0.001168	-0.001029	0.000139
 - 	50	-0.001160	-0.001015	0.000137
 - 	51	-0.001135	-0.001007	0.000136
 - 	52	-0.001118	-0.000995	0.000134
 - 	53	-0.001113	-0.000981	0.000132
 - 	54	-0.001095	-0.000970	0.000130
 - 	55	-0.001084	-0.000962	0.000128
 - 	56	-0.001079	-0.000956	0.000127
 - 	57	-0.001088	-0.000956	0.000128
 - 	58	-0.001088	-0.000964	0.000129
 - 	59	-0.001097	-0.000978	0.000131
 - 	60	-0.001122	-0.000991	0.000135
 - 	61	-0.001114	-0.001013	0.000138
 - 	62	-0.001161	-0.001003	0.000138
 - 	63	-0.001144	-0.001042	0.000145
 - 	64	-0.001142	-0.001071	0.000151
 - 	65	-0.001165	-0.001049	0.000147
 - 	66	-0.001172	-0.001038	0.000146
 - 	67	-0.001158	-0.001025	0.000142
 - 	68	-0.001145	-0.001004	0.000139
 - 	69	-0.001110	-0.000991	0.000134
 - 	70	-0.001072	-0.000987	0.000128
 - 	71	-0.001048	-0.000991	0.000125
 - 	72	-0.001010	-0.001001	0.000121
 - 	73	-0.001026	-0.000994	0.000122
 - 	74	-0.001034	-0.000984	0.000123
 - 	75	-0.001049	-0.000976	0.000125
 - 	76	-0.001086	-0.000970	0.000130
 - 	77	-0.001106	-0.000984	0.000135
 - 	78	-0.001120	-0.001003	0.000140
 - 	79	-0.001141	-0.001020	0.000144
 - 	80	-0.001176	-0.001025	0.000150
 - 	81	-0.001192	-0.001026	0.000153
 - 	82	-0.001227	-0.001010	0.000157
 - 	83	-0.001235	-0.000992	0.000158
 - 	84	-0.001259	-0.000965	0.000160
 - 	85	-0.001259	-0.000940	0.000159
 - 	86	-0.001255	-0.000916	0.000157
 - 	87	-0.001248	-0.000898	0.000155
 - 	88	-0.001228	-0.000887	0.000152
 - 	89	-0.001208	-0.000884	0.000148
 - 	90	-0.001182	-0.000895	0.000144
 - 	91	-0.001149	-0.000920	0.000141
 - 	92	-0.001117	-0.000951	0.000138
 - 	93	-0.001091	-0.000983	0.000136
 - 	94	-0.001076	-0.001014	0.000138
 - 	95	-0.001042	-0.001049	0.000138
 - 	96	-0.001019	-0.001085	0.000139
 - 	97	-0.000995	-0.001109	0.000139
 - 	98	-0.000970	-0.001126	0.000139
 - 	99	-0.000968	-0.001129	0.000139
 - 	100	-0.000974	-0.001127	0.000139
 - 	101	-0.000982	-0.001115	0.000140
 - 	102	-0.001004	-0.001091	0.000140
 - 	103	-0.001017	-0.001062	0.000140
 - 	104	-0.001031	-0.001031	0.000139
 - 	105	-0.001044	-0.000996	0.000139
 - 	106	-0.001049	-0.000953	0.000137
 - 	107	-0.001068	-0.000911	0.000137
 - 	108	-0.001085	-0.000876	0.000136
 - 	109	-0.001100	-0.000855	0.000136
 - 	110	-0.001122	-0.000851	0.000138
 - 	111	-0.001154	-0.000870	0.000143
 - 	112	-0.001186	-0.000904	0.000148
 - 	113	-0.001208	-0.000954	0.000154
 - 	114	-0.001236	-0.001004	0.000158
 - 	115	-0.001283	-0.001046	0.000163
 - 	116	-0.001299	-0.001097	0.000165
 - 	117	-0.001350	-0.001130	0.000170
 - 	118	-0.001381	-0.001161	0.000174
 - 	119	-0.001416	-0.001177	0.000178
 - 	120	-0.001444	-0.001179	0.000180
 - 	121	-0.001469	-0.001170	0.000183
 - 	122	-0.001484	-0.001148	0.000184
 - 	123	-0.001465	-0.001127	0.000182
 - 	124	-0.001423	-0.001113	0.000177
 - 	125	-0.001370	-0.001103	0.000171
 - 	126	-0.001306	-0.001100	0.000163
 - 	127	-0.001231	-0.001097	0.000157
 - 	128	-0.001152	-0.001098	0.000151
 - 	129	-0.001068	-0.001095	0.000145
 - 	130	-0.000992	-0.001089	0.000141
 - 	131	-0.000908	-0.001087	0.000138
 - 	132	-0.000848	-0.001086	0.000139
 - 	133	-0.000788	-0.001094	0.000139
 - 	134	-0.000765	-0.001093	0.000142
 - 	135	-0.000761	-0.001083	0.000145
 - 	136	-0.000776	-0.001056	0.000147
 - 	137	-0.000807	-0.001018	0.000147
 - 	138	-0.000818	-0.000987	0.000146
 - 	139	-0.000845	-0.000970	0.000147
 - 	140	-0.000864	-0.000969	0.000148
 - 	141	-0.000868	-0.000975	0.000148
 - 	142	-0.000875	-0.000974	0.000146
 - 	143	-0.000873	-0.000962	0.000143
 - 	144	-0.000879	-0.000944	0.000140
 - 	145	-0.000871	-0.000929	0.000137
 - 	146	-0.000880	-0.000912	0.000136
 - 	147	-0.000876	-0.000907	0.000135
 - 	148	-0.000878	-0.000907	0.000136
 - 	149	-0.000874	-0.000919	0.000137
 - 	150	-0.000883	-0.000938	0.000142
 - 	151	-0.000892	-0.000961	0.000147
 - 	152	-0.000905	-0.000981	0.000153
 - 	153	-0.000921	-0.000979	0.000156
 - 	154	-0.000933	-0.000962	0.000157
 - 	155	-0.000953	-0.000936	0.000157
 - 	156	-0.000988	-0.000912	0.000158
 - 	157	-0.001005	-0.000892	0.000156
 - 	158	-0.001027	-0.000862	0.000154
 - 	159	-0.001044	-0.000823	0.000150
 - 	160	-0.001060	-0.000784	0.000147
 - 	161	-0.001064	-0.000759	0.000144
 - 	162	-0.001060	-0.000758	0.000143
 - 	163	-0.001064	-0.000776	0.000146
 - 	164	-0.001058	-0.000806	0.000151
 - 	165	-0.001058	-0.000834	0.000156
 - 	166	-0.001056	-0.000855	0.000160
 - 	167	-0.001049	-0.000871	0.000163
 - 	168	-0.001027	-0.000877	0.000163
 - 	169	-0.001008	-0.000865	0.000159
 - 	170	-0.000959	-0.000850	0.000151
 - 	171	-0.000915	-0.000831	0.000141
 - 	172	-0.000878	-0.000811	0.000131
 - 	173	-0.000850	-0.000797	0.000123
 - 	174	-0.000841	-0.000785	0.000118
 - 	175	-0.000843	-0.000770	0.000115
 - 	176	-0.000843	-0.000759	0.000114
 - 	177	-0.000856	-0.000746	0.000116
 - 	178	-0.000871	-0.000742	0.000120
 - 	179	-0.000879	-0.000753	0.000125
 - 	180	-0.000866	-0.000784	0.000128
 - 	181	-0.000835	-0.000824	0.000129
 - 	182	-0.000788	-0.000868	0.000127
 - 	183	-0.000729	-0.000906	0.000123
 - 	184	-0.000661	-0.000920	0.000115
 - 	185	-0.000584	-0.000915	0.000104
 - 	186	-0.000498	-0.000900	0.000091
 - 	187	-0.000427	-0.000883	0.000079
 - 	188	-0.000351	-0.000880	0.000067
 - 	189	-0.000301	-0.000882	0.000058
 - 	190	-0.000271	-0.000884	0.000053
 - 	191	-0.000257	-0.000885	0.000049
 - 	192	-0.000277	-0.000872	0.000048
 - 	193	-0.000318	-0.000847	0.000048
 - 	194	-0.000354	-0.000817	0.000045
 - 	195	-0.000427	-0.000764	0.000045
 - 	196	-0.000497	-0.000710	0.000042
 - 	197	-0.000573	-0.000645	0.000038
 - 	198	-0.000644	-0.000569	0.000033
 - 	199	-0.000700	-0.000488	0.000026
 - 	200	-0.000761	-0.000396	0.000018
 - 	201	-0.000826	-0.000300	0.000013
 - 	202	-0.000905	-0.000195	0.000013
 - 	203	-0.000991	-0.000101	0.000017
 - 	204	-0.001093	-0.000018	0.000027
 - 	205	-0.001194	0.000032	0.000037
 - 	206	-0.001265	0.000044	0.000045
 - 	207	-0.001335	0.000029	0.000053
 - 	208	-0.001376	-0.000005	0.000056
 - 	209	-0.001412	-0.000047	0.000057
 - 	210	-0.001440	-0.000108	0.000052
 - 	211	-0.001464	-0.000195	0.000039
 - 	212	-0.001476	-0.000303	0.000018
 - 	213	-0.001500	-0.000424	-0.000007
 - 	214	-0.001523	-0.000542	-0.000034
 - 	215	-0.001530	-0.000659	-0.000064
 - 	216	-0.001545	-0.000753	-0.000092
 - 	217	-0.001542	-0.000832	-0.000121
 - 	218	-0.001536	-0.000886	-0.000147
 - 	219	-0.001538	-0.000909	-0.000168
 - 	220	-0.001525	-0.000911	-0.000187
 - 	221	-0.001504	-0.000880	-0.000199
 - 	222	-0.001504	-0.000812	-0.000201
 - 	223	-0.001471	-0.000732	-0.000201
 - 	224	-0.001467	-0.000625	-0.000189
 - 	225	-0.001433	-0.000524	-0.000180
 - 	226	-0.001411	-0.000423	-0.000168
 - 	227	-0.001379	-0.000344	-0.000162
 - 	228	-0.001363	-0.000275	-0.000156
 - 	229	-0.001356	-0.000221	-0.000153
 - 	230	-0.001378	-0.000179	-0.000151
 - 	231	-0.001426	-0.000162	-0.000155
 - 	232	-0.001473	-0.000183	-0.000174
 - 	233	-0.001508	-0.000239	-0.000211
 - 	234	-0.001525	-0.000327	-0.000264
 - 	235	-0.001547	-0.000437	-0.000329
 - 	236	-0.001557	-0.000567	-0.000406
 - 	237	-0.001601	-0.000705	-0.000485
 - 	238	-0.001632	-0.000853	-0.000575
 - 	239	-0.001676	-0.000997	-0.000665
 - 	240	-0.001699	-0.001128	-0.000755
 - 	241	-0.001713	-0.001237	-0.000839
 - 	242	-0.001709	-0.001319	-0.000908
 - 	243	-0.001692	-0.001382	-0.000966
 - 	244	-0.001665	-0.001423	-0.001010
 - 	245	-0.001640	-0.001443	-0.001035
 - 	246	-0.001639	-0.001445	-0.001041
 - 	247	-0.001624	-0.001446	-0.001045
 - 	248	-0.001590	-0.001453	-0.001055
 - 	249	-0.001536	-0.001463	-0.001068
 - 	250	-0.001443	-0.001476	-0.001086
 - 	251	-0.001339	-0.001478	-0.001094
 - 	252	-0.001199	-0.001468	-0.001095
 - 	253	-0.001010	-0.001445	-0.001091
 - 	254	-0.000773	-0.001411	-0.001086
 - 	255	-0.000471	-0.001369	-0.001089
 - 	256	-0.000137	-0.001317	-0.001101
 - 	257	0.000235	-0.001256	-0.001121
 - 	258	0.000611	-0.001175	-0.001132
 - 	259	0.000969	-0.001066	-0.001119
 - 	260	0.001266	-0.000924	-0.001065
 - 	261	0.001511	-0.000758	-0.000975
 - 	262	0.001657	-0.000580	-0.000858
 - 	263	0.001716	-0.000400	-0.000728
 - 	264	0.001729	-0.000231	-0.000601
 - 	265	0.001675	-0.000080	-0.000481
 - 	266	0.001587	0.000046	-0.000384
 - 	267	0.001476	0.000140	-0.000319
 - 	268	0.001355	0.000201	-0.000287
 - 	269	0.001198	0.000238	-0.000271
 - 	270	0.001036	0.000250	-0.000275
 - 	271	0.000852	0.000243	-0.000283
 - 	272	0.000663	0.000222	-0.000293
 - 	273	0.000462	0.000190	-0.000300
 - 	274	0.000265	0.000151	-0.000303
 - 	275	0.000085	0.000109	-0.000301
 - 	276	-0.000104	0.000063	-0.000296
 - 	277	-0.000277	0.000017	-0.000285
 - 	278	-0.000449	-0.000028	-0.000268
 - 	279	-0.000633	-0.000072	-0.000249
 - 	280	-0.000805	-0.000113	-0.000229
 - 	281	-0.000978	-0.000149	-0.000203
 - 	282	-0.001138	-0.000178	-0.000173
 - 	283	-0.001291	-0.000199	-0.000135
 - 	284	-0.001423	-0.000212	-0.000095
 - 	285	-0.001562	-0.000220	-0.000055
 - 	286	-0.001683	-0.000223	-0.000017
 - 	287	-0.001796	-0.000222	0.000017
 - 	288	-0.001900	-0.000215	0.000051
 - 	289	-0.002002	-0.000200	0.000091
 - 	290	-0.002113	-0.000178	0.000138
 - 	291	-0.002217	-0.000151	0.000186
 - 	292	-0.002327	-0.000128	0.000223
 - 	293	-0.002421	-0.000114	0.000239
 - 	294	-0.002514	-0.000115	0.000230
 - 	295	-0.002600	-0.000139	0.000193
 - 	296	-0.002685	-0.000185	0.000134
 - 	297	-0.002782	-0.000252	0.000063
 - 	298	-0.002859	-0.000322	-0.000005
 - 	299	-0.002925	-0.000385	-0.000062
 - 	300	-0.002971	-0.000437	-0.000107
 - 	301	-0.002997	-0.000482	-0.000145
 - 	302	-0.003030	-0.000516	-0.000171
 - 	303	-0.003072	-0.000538	-0.000185
 - 	304	-0.003135	-0.000545	-0.000186
 - 	305	-0.003235	-0.000538	-0.000175
 - 	306	-0.003358	-0.000516	-0.000156
 - 	307	-0.003552	-0.000483	-0.000129
 - 	308	-0.003788	-0.000449	-0.000105
 - 	309	-0.004093	-0.000417	-0.000083
 - 	310	-0.004438	-0.000391	-0.000064
 - 	311	-0.004846	-0.000376	-0.000046
 - 	312	-0.005274	-0.000374	-0.000032
 - 	313	-0.005762	-0.000392	-0.000018
 - 	314	-0.006309	-0.000435	-0.000004
 - 	315	-0.006895	-0.000506	0.000009
 - 	316	-0.007530	-0.000608	0.000021
 - 	317	-0.008195	-0.000741	0.000034
 - 	318	-0.008873	-0.000893	0.000049
 - 	319	-0.009564	-0.001055	0.000069
 - 	320	-0.010249	-0.001209	0.000098
 - 	321	-0.010930	-0.001337	0.000141
 - 	322	-0.011593	-0.001426	0.000195
 - 	323	-0.012221	-0.001484	0.000256
 - 	324	-0.012751	-0.001520	0.000316
 - 	325	-0.013170	-0.001535	0.000374
 - 	326	-0.013404	-0.001535	0.000423
 - 	327	-0.013406	-0.001507	0.000461
 - 	328	-0.013124	-0.001455	0.000482
 - 	329	-0.012492	-0.001387	0.000480
 - 	330	-0.011490	-0.001311	0.000449
 - 	331	-0.010077	-0.001232	0.000388
 - 	332	-0.008252	-0.001141	0.000294
 - 	333	-0.006065	-0.001028	0.000171
 - 	334	-0.003623	-0.000882	0.000031
 - 	335	-0.001041	-0.000702	-0.000116
 - 	336	0.001446	-0.000495	-0.000246
 - 	337	-0.006951	0.001614	0.000636
 - 	338	-0.013292	0.002033	0.001187
 - 	339	-0.019809	0.001495	0.001525
 - 	340	-0.024658	0.000562	0.001596
 - 	341	-0.025488	0.000116	0.001534
 - 	342	-0.022373	-0.000160	0.001335
 - 	343	-0.017225	-0.000714	0.000983
 - 	344	-0.012828	-0.001300	0.000623
 - 	345	-0.011193	-0.000719	0.000544
 - 	346	-0.011700	0.002006	0.000733
 - 	347	-0.011996	0.004853	0.000825
 - 	348	-0.011255	0.005564	0.000754
 - 	349	-0.009944	0.005699	0.000725
 - 	350	-0.008653	0.006678	0.000681
 - 	351	-0.007687	0.008347	0.000609
 - 	352	-0.006708	0.009712	0.000573
 - 	353	-0.005068	0.010103	0.000592
 - 	354	-0.002891	0.010172	0.000662
 - 	355	-0.001118	0.011302	0.000838
 - 	356	-0.000180	0.013637	0.000979
 - 	357	0.000435	0.015970	0.001048
 - 	358	0.001189	0.017624	0.001150
 - 	359	0.001872	0.018772	0.001378
 - 	360	0.002330	0.019898	0.001679
 - 	361	0.002687	0.021184	0.001954
 - 	362	0.002760	0.022019	0.002122
 - 	363	0.002509	0.022405	0.002201
 - 	364	0.002381	0.022804	0.002288
 - 	365	0.002209	0.023150	0.002401
 - 	366	0.002033	0.023615	0.002366
 - 	367	0.001726	0.024280	0.002344
 - 	368	0.001311	0.025004	0.002372
 - 	369	0.000917	0.025714	0.002368
 - 	370	0.000750	0.026205	0.002166
 - 	371	0.000739	0.026456	0.001909
 - 	372	0.000607	0.026608	0.001708
 - 	373	0.000494	0.026854	0.001516
 - 	374	0.000415	0.027106	0.001291
 - 	375	0.000391	0.027286	0.001061
 - 	376	0.000269	0.027783	0.000925
 - 	377	0.000080	0.028559	0.000826
 - 	378	0.000012	0.029173	0.000627
 - 	379	0.000046	0.029782	0.000361
 - 	380	0.000120	0.030420	0.000103
 - 	381	0.000199	0.031199	-0.000102
 - 	382	0.000291	0.032127	-0.000295
 - 	383	0.000465	0.033085	-0.000526
 - 	384	0.000443	0.033917	-0.000747
 - 	385	0.000377	0.034592	-0.000994
 - 	386	0.000107	0.035082	-0.001266
 - 	387	-0.000323	0.035533	-0.001471
 - 	388	-0.000812	0.035950	-0.001671
 - 	389	-0.001269	0.036342	-0.001929
 - 	390	-0.001752	0.036540	-0.002183
 - 	391	-0.002215	0.036456	-0.002463
 - 	392	-0.002548	0.036301	-0.002819
 - 	393	-0.003007	0.036216	-0.003137
 - 	394	-0.003683	0.036193	-0.003347
 - 	395	-0.004277	0.036035	-0.003514
 - 	396	-0.004749	0.035881	-0.003788
 - 	397	-0.005219	0.035643	-0.004102
 - 	398	-0.005675	0.035266	-0.004287
 - 	399	-0.006151	0.034785	-0.004487
 - 	400	-0.007048	0.034319	-0.004691
 - 	401	-0.007933	0.033827	-0.004784
 - 	402	-0.008403	0.033325	-0.004892
 - 	403	-0.008693	0.033098	-0.005118
 - 	404	-0.009048	0.033163	-0.005340
 - 	405	-0.009529	0.033146	-0.005525
 - 	406	-0.010004	0.033010	-0.005666
 - 	407	-0.010209	0.032704	-0.005761
 - 	408	-0.009995	0.032330	-0.005871
 - 	409	-0.009488	0.031895	-0.005975
 - 	410	-0.008834	0.031267	-0.006006
 - 	411	-0.008127	0.030680	-0.005985
 - 	412	-0.007397	0.030104	-0.005952
 - 	413	-0.006302	0.029458	-0.005895
 - 	414	-0.005234	0.028911	-0.005854
 - 	415	-0.004430	0.028932	-0.005741
 - 	416	-0.003768	0.028989	-0.005531
 - 	417	-0.003259	0.028945	-0.005311
 - 	418	-0.002796	0.029121	-0.005185
 - 	419	-0.002478	0.029342	-0.005117
 - 	420	-0.002490	0.029439	-0.005011
 - 	421	-0.002638	0.029624	-0.004838
 - 	422	-0.002802	0.029687	-0.004680
 - 	423	-0.002670	0.029540	-0.004686
 - 	424	-0.002494	0.029441	-0.004773
 - 	425	-0.002460	0.029255	-0.004834
 - 	426	-0.002578	0.029064	-0.004803
 - 	427	-0.002754	0.028959	-0.004845
 - 	428	-0.002812	0.028930	-0.004981
 - 	429	-0.002847	0.028932	-0.005111
 - 	430	-0.002970	0.029042	-0.005202
 - 	431	-0.003262	0.029295	-0.005326
 - 	432	-0.003689	0.029532	-0.005511
 - 	433	-0.004042	0.029621	-0.005689
 - 	434	-0.004392	0.029556	-0.005895
 - 	435	-0.004777	0.029606	-0.006184
 - 	436	-0.005046	0.029890	-0.006493
 - 	437	-0.005416	0.030080	-0.006700
 - 	438	-0.005863	0.030051	-0.006913
 - 	439	-0.006046	0.030196	-0.007155
 - 	440	-0.006170	0.030342	-0.007347
 - 	441	-0.006175	0.030306	-0.007578
 - 	442	-0.006276	0.030295	-0.007797
 - 	443	-0.006341	0.030421	-0.007938
 - 	444	-0.006465	0.030714	-0.008091
 - 	445	-0.006972	0.030956	-0.008228
 - 	446	-0.007301	0.031138	-0.008375
 - 	447	-0.007344	0.031303	-0.008544
 - 	448	-0.007285	0.031402	-0.008753
 - 	449	-0.007317	0.031559	-0.008911
 - 	450	-0.007540	0.031482	-0.008991
 - 	451	-0.007909	0.031072	-0.009084
 - 	452	-0.008220	0.030906	-0.009242
 - 	453	-0.008310	0.031137	-0.009326
 - 	454	-0.008313	0.031295	-0.009331
 - 	455	-0.008455	0.031371	-0.009390
 - 	456	-0.008676	0.031410	-0.009480
 - 	457	-0.008719	0.031272	-0.009514
 - 	458	-0.008633	0.031259	-0.009483
 - 	459	-0.008438	0.031487	-0.009414
 - 	460	-0.008262	0.031757	-0.009356
 - 	461	-0.008191	0.032156	-0.009266
 - 	462	-0.008299	0.032484	-0.009141
 - 	463	-0.008233	0.032177	-0.008951
 - 	464	-0.007958	0.031555	-0.008782
 - 	465	-0.007330	0.031143	-0.008701
 - 	466	-0.006447	0.030874	-0.008641
 - 	467	-0.005787	0.030598	-0.008507
 - 	468	-0.005271	0.030336	-0.008302
 - 	469	-0.004693	0.030257	-0.008190
 - 	470	-0.004226	0.030145	-0.008073
 - 	471	-0.004044	0.029917	-0.007816
 - 	472	-0.003797	0.029910	-0.007398
 - 	473	-0.003164	0.030135	-0.006995
 - 	474	-0.002349	0.030256	-0.006644
 - 	475	-0.001475	0.030243	-0.006349
 - 	476	-0.000900	0.030042	-0.006054
 - 	477	-0.000386	0.029736	-0.005692
 - 	478	0.000030	0.029336	-0.005324
 - 	479	0.000593	0.029092	-0.004930
 - 	480	0.001290	0.028647	-0.004520
 - 	481	0.001571	0.027875	-0.004124
 - 	482	0.001921	0.026834	-0.003809
 - 	483	0.002839	0.025953	-0.003521
 - 	484	0.003865	0.024994	-0.003204
 - 	485	0.004265	0.023952	-0.002851
 - 	486	0.004422	0.022926	-0.002536
 - 	487	0.005099	0.021646	-0.002242
 - 	488	0.005776	0.020292	-0.001874
 - 	489	0.006180	0.019187	-0.001502
 - 	490	0.006124	0.018183	-0.001070
 - 	491	0.005942	0.016994	-0.000634
 - 	492	0.005577	0.015586	-0.000265
 - 	493	0.005322	0.014130	-0.000074
 - 	494	0.005147	0.012467	-0.000006
 - 	495	0.004666	0.010562	0.000042
 - 	496	0.004047	0.008929	0.000027
 - 	497	0.003708	0.007486	0.000032
 - 	498	0.003198	0.006156	0.000064
 - 	499	0.002297	0.005079	0.000154
 - 	500	0.001489	0.003995	0.000157
 - 	501	0.000593	0.002838	0.000084
 - 	502	-0.000538	0.001841	0.000098
 - 	503	-0.001055	0.001180	0.000183
 - 	504	-0.001341	0.000663	0.000094
 - 	505	-0.001926	0.000307	-0.000006
 - 	506	-0.002733	0.000109	0.000091
 - 	507	-0.003915	-0.000105	0.000243
 - 	508	-0.005589	-0.000283	0.000324
 - 	509	-0.000772	-0.001068	-0.001058
 - 	510	-0.000943	-0.001081	-0.001100
 - 	511	-0.001118	-0.001061	-0.001127
 - 	512	-0.001302	-0.001010	-0.001138
 - 	513	-0.001477	-0.000940	-0.001139
 - 	514	-0.001636	-0.000866	-0.001131
 - 	515	-0.001771	-0.000810	-0.001127
 - 	516	-0.001877	-0.000799	-0.001143
 - 	517	-0.001966	-0.000840	-0.001180
 - 	518	-0.001987	-0.000920	-0.001231
 - 	519	-0.001904	-0.001015	-0.001275
 - 	520	-0.001743	-0.001106	-0.001303
 - 	521	-0.001518	-0.001184	-0.001312
 - 	522	-0.001290	-0.001236	-0.001291
 - 	523	-0.001059	-0.001256	-0.001240
 - 	524	-0.000837	-0.001243	-0.001158
 - 	525	-0.000632	-0.001198	-0.001053
 - 	526	-0.000432	-0.001125	-0.000928
 - 	527	-0.000252	-0.001022	-0.000780
 - 	528	-0.000089	-0.000895	-0.000615
 - 	529	0.000018	-0.000756	-0.000441
 - 	530	0.000064	-0.000621	-0.000281
 - 	531	0.000052	-0.000502	-0.000150
 - 	532	-0.000012	-0.000407	-0.000062
 - 	533	-0.000120	-0.000339	-0.000021
 - 	534	-0.000277	-0.000297	-0.000025
 - 	535	-0.000467	-0.000278	-0.000068
 - 	536	-0.000699	-0.000278	-0.000143
 - 	537	-0.000943	-0.000297	-0.000250
 - 	538	-0.001198	-0.000328	-0.000376
 - 	539	-0.001447	-0.000367	-0.000508
 - 	540	-0.001681	-0.000406	-0.000630
 - 	541	-0.001901	-0.000438	-0.000725
 - 	542	-0.002106	-0.000455	-0.000779
 - 	543	-0.002295	-0.000454	-0.000788
 - 	544	-0.002464	-0.000434	-0.000756
 - 	545	-0.002605	-0.000403	-0.000702
 - 	546	-0.002731	-0.000365	-0.000636
 - 	547	-0.002849	-0.000326	-0.000567
 - 	548	-0.002970	-0.000289	-0.000500
 - 	549	-0.003098	-0.000256	-0.000439
 - 	550	-0.003252	-0.000234	-0.000393
 - 	551	-0.003421	-0.000228	-0.000364
 - 	552	-0.003600	-0.000235	-0.000344
 - 	553	-0.003768	-0.000253	-0.000325
 - 	554	-0.003931	-0.000275	-0.000299
 - 	555	-0.004096	-0.000308	-0.000274
 - 	556	-0.004251	-0.000351	-0.000255
 - 	557	-0.004386	-0.000407	-0.000251
 - 	558	-0.004486	-0.000474	-0.000267
 - 	559	-0.004553	-0.000553	-0.000307
 - 	560	-0.004588	-0.000638	-0.000363
 - 	561	-0.004595	-0.000722	-0.000425
 - 	562	-0.004584	-0.000798	-0.000485
 - 	563	-0.004557	-0.000860	-0.000534
 - 	564	-0.004524	-0.000909	-0.000572
 - 	565	-0.004487	-0.000941	-0.000593
 - 	566	-0.004449	-0.000959	-0.000603
 - 	567	-0.004410	-0.000966	-0.000607
 - 	568	-0.004367	-0.000969	-0.000613
 - 	569	-0.004324	-0.000965	-0.000618
 - 	570	-0.004291	-0.000959	-0.000626
 - 	571	-0.004269	-0.000950	-0.000633
 - 	572	-0.004261	-0.000936	-0.000639
 - 	573	-0.004274	-0.000913	-0.000635
 - 	574	-0.004315	-0.000881	-0.000618
 - 	575	-0.004390	-0.000838	-0.000587
 - 	576	-0.004484	-0.000779	-0.000540
 - 	577	-0.004592	-0.000703	-0.000480
 - 	578	-0.004704	-0.000614	-0.000410
 - 	579	-0.004813	-0.000522	-0.000338
 - 	580	-0.004916	-0.000427	-0.000266
 - 	581	-0.005010	-0.000334	-0.000195
 - 	582	-0.005107	-0.000242	-0.000125
 - 	583	-0.005196	-0.000149	-0.000054
 - 	584	-0.005280	-0.000057	0.000016
 - 	585	-0.005359	0.000030	0.000085
 - 	586	-0.005442	0.000110	0.000149
 - 	587	-0.005529	0.000176	0.000207
 - 	588	-0.005623	0.000229	0.000257
 - 	589	-0.005736	0.000264	0.000299
 - 	590	-0.005877	0.000282	0.000336
 - 	591	-0.006054	0.000281	0.000368
 - 	592	-0.006278	0.000263	0.000397
 - 	593	-0.006558	0.000228	0.000423
 - 	594	-0.006900	0.000174	0.000450
 - 	595	-0.007317	0.000104	0.000479
 - 	596	-0.007798	0.000017	0.000511
 - 	597	-0.008337	-0.000083	0.000549
 - 	598	-0.008912	-0.000198	0.000591
 - 	599	-0.009509	-0.000319	0.000638
 - 	600	-0.010108	-0.000438	0.000688
 - 	601	-0.010677	-0.000540	0.000738
 - 	602	-0.011160	-0.000616	0.000782
 - 	603	-0.011500	-0.000663	0.000811
 - 	604	-0.011638	-0.000680	0.000817
 - 	605	-0.011537	-0.000669	0.000794
 - 	606	-0.011154	-0.000642	0.000740
 - 	607	-0.010448	-0.000608	0.000653
 - 	608	-0.009369	-0.000578	0.000531
 - 	609	-0.007881	-0.000554	0.000372
 - 	610	-0.005966	-0.000525	0.000177
 - 	611	-0.003649	-0.000476	-0.000043
 - 	612	-0.001016	-0.000386	-0.000276
 - 	613	0.001788	-0.000234	-0.000502
 - 	614	0.004539	-0.000008	-0.000700
 - 	615	0.006984	0.000301	-0.000851
 - 	616	0.008875	0.000687	-0.000943
 - 	617	0.010001	0.001120	-0.000969
 - 	618	0.010266	0.001549	-0.000933
 - 	619	0.009742	0.001916	-0.000848
 - 	620	0.008667	0.002177	-0.000731
 - 	621	0.007353	0.002310	-0.000601
 - 	622	0.006073	0.002296	-0.000472
 - 	623	0.005003	0.002125	-0.000349
 - 	624	0.004201	0.001788	-0.000232
 - 	625	0.003624	0.001282	-0.000118
 - 	626	0.003163	0.000623	-0.000002
 - 	627	0.002699	-0.000139	0.000119
 - 	628	0.002157	-0.000933	0.000239
 - 	629	0.001525	-0.001662	0.000346
 - 	630	0.000855	-0.002227	0.000425
 - 	631	0.000219	-0.002554	0.000465
 - 	632	-0.000315	-0.002609	0.000462
 - 	633	-0.000705	-0.002408	0.000416
 - 	634	-0.000949	-0.001999	0.000335
 - 	635	-0.001060	-0.001466	0.000235
 - 	636	-0.001061	-0.000888	0.000130
 - 	637	-0.000962	-0.000340	0.000034
 - 	638	-0.000786	0.000127	-0.000045
 - 	639	-0.000546	0.000479	-0.000104
 - 	640	-0.000264	0.000695	-0.000144
 - 	641	0.000039	0.000775	-0.000169
 - 	642	0.000353	0.000728	-0.000182
 - 	643	0.000673	0.000570	-0.000188
 - 	644	0.000980	0.000333	-0.000188
 - 	645	0.001255	0.000047	-0.000184
 - 	646	0.001465	-0.000245	-0.000175
 - 	647	0.001616	-0.000516	-0.000163
 - 	648	0.001703	-0.000739	-0.000150
 - 	649	0.001732	-0.000909	-0.000135
 - 	650	0.001701	-0.001009	-0.000118
 - 	651	0.001625	-0.001053	-0.000101
 - 	652	0.001515	-0.001044	-0.000084
 - 	653	0.001376	-0.001008	-0.000067
 - 	654	0.001228	-0.000965	-0.000052
 - 	655	0.001077	-0.000934	-0.000038
 - 	656	0.000936	-0.000929	-0.000025
 - 	657	0.000819	-0.000954	-0.000015
 - 	658	0.000722	-0.001007	-0.000006
 - 	659	0.000641	-0.001085	0.000002
 - 	660	0.000567	-0.001183	0.000011
 - 	661	0.000506	-0.001296	0.000021
 - 	662	0.000463	-0.001416	0.000031
 - 	663	0.000448	-0.001531	0.000039
 - 	664	0.000456	-0.001634	0.000045
 - 	665	0.000506	-0.001728	0.000045
 - 	666	0.000597	-0.001823	0.000043
 - 	667	0.000702	-0.001913	0.000041
 - 	668	0.000817	-0.001999	0.000042
 - 	669	0.000933	-0.002078	0.000045
 - 	670	0.001047	-0.002153	0.000050
 - 	671	0.001172	-0.002226	0.000055
 - 	672	0.001293	-0.002298	0.000062
 - 	673	0.001411	-0.002359	0.000069
 - 	674	0.001524	-0.002404	0.000075
 - 	675	0.001620	-0.002428	0.000080
 - 	676	0.001707	-0.002430	0.000083
 - 	677	0.001772	-0.002409	0.000083
 - 	678	0.001819	-0.002370	0.000081
 - 	679	0.001835	-0.002322	0.000080
 - 	680	0.001812	-0.002273	0.000082
 - 	681	0.001754	-0.002227	0.000087
 - 	682	0.001662	-0.002188	0.000096
 - 	683	0.001543	-0.002152	0.000108
 - 	684	0.001399	-0.002119	0.000122
 - 	685	0.001236	-0.002082	0.000137
 - 	686	0.001068	-0.002034	0.000149
 - 	687	0.000903	-0.001972	0.000158
 - 	688	0.000753	-0.001897	0.000163
 - 	689	0.000614	-0.001812	0.000164
 - 	690	0.000497	-0.001728	0.000161
 - 	691	0.000398	-0.001644	0.000156
 - 	692	0.000332	-0.001563	0.000145
 - 	693	0.000289	-0.001481	0.000132
 - 	694	0.000270	-0.001394	0.000116
 - 	695	0.000264	-0.001307	0.000100
 - 	696	0.000255	-0.001220	0.000087
 - 	697	0.000233	-0.001140	0.000079
 - 	698	0.000180	-0.001068	0.000077
 - 	699	0.000088	-0.001006	0.000081
 - 	700	-0.000042	-0.000953	0.000090
 - 	701	-0.000206	-0.000908	0.000105
 - 	702	-0.000393	-0.000869	0.000123
 - 	703	-0.000596	-0.000844	0.000145
 - 	704	-0.000817	-0.000830	0.000170
 - 	705	-0.001026	-0.000835	0.000195
 - 	706	-0.001212	-0.000856	0.000220
 - 	707	-0.001332	-0.000898	0.000240
 - 	708	-0.001349	-0.000956	0.000250
 - 	709	-0.001209	-0.001032	0.000241
 - 	710			
 - 	711			
 - 	712			
 - 	713			
 - 	714			
 - 	715			
 - 	716			
 - 	717			
 - 	718			
 - 	719			
 - 	720			
 - 	721			
 - 	722			
 - 	723			
 - 	724			
 - 	725			
 - 	726			
 - 	727			
 - 	728			
 - 	729			
 - 	730			
 - 	731			
 - 	732			
 - 	733			
 - 	734			
 - 	735			
 - 	736			
 - 	737			
 - 	738			
 - 	739			
 - 	740			
 - 	741			
 - 	742			
 - 	743			
 - 	744			
 - 	745			
 - 	746			
 - 	747			
 - 	748			
 - 	749			
 - 	750			
 - 	751			
 - 	752			
 - 	753			
 - 	754			
 - 	755			
 - 	756			
 - 	757			
 - 	758			
 - 	759			
 - 	760			
 - 	761			
 - 	762			
 - 	763			
 - 	764			
 - 	765			
 - 	766			
 - 	767			
 - 	768			
 - 	769			
 - 	770			
 - 	771			
 - 	772			
 - 	773			
 - 	774			
 - 	775			
 - 	776			
 - 	777			
 - 	778			
 - 	779			
 - 	780			
 - 	781			
 - 	782			
 - 	783			
 - 	784			
 - 	785			
 - 	786			
 - 	787			
 - 	788			
 - 	789			
 - 	790			
 - 	791			
 - 	792			
 - 	793			
 - 	794			
 - 	795			
 - 	796			
 - 	797			
 - 	798			
 - 	799			
 - 	800			
 - 	801			
 - 	802			
 - 	803			
 - 	804			
 - 	805			
 - 	806			
 - 	807			
 - 	808			
 - 	809			
 - 	810			
 - 	811			
 - 	812			
 - 	813			
 - 	814			
 - 	815			
 - 	816			
 - 	817			
 - 	818			
 - 	819			
 - 	820			
 - 	821			
 - 	822			
 - 	823			
 - 	824			
 - 	825			
 - 	826			
 - 	827			
 - 	828			
 - 	829			
 - 	830			
 - 	831			
 - 	832			
 - 	833			
 - 	834			
 - 	835			
 - 	836			
 - 	837			
 - 	838			
 - 	839			
 - 	840			
 - 	841			
 - 	842			
 - 	843			
 - 	844			
 - 	845			
 - 	846			
 - 	847			
 - 	848			
 - 	849			
 - 	850			
 - 	851			
 - 	852			
 - 	853			
 - 	854			
 - 	855			
 - 	856			
 - 	857			
 - 	858			
 - 	859			
 - 	860			
 - 	861			
 - 	862			
 - 	863			
 - 	864			
 - 	865			
 - 	866			
 - 	867			
 - 	868			
 - 	869			
 - 	870			
 - 	871			
 - 	872			
 - 	873			
 - 	874			
 - 	875			
 - 	876			
 - 	877			
 - 	878			
 - 	879			
 - 	880			
 - 	881			
 - 	882			
 - 	883			
 - 	884			
 - 	885			
 - 	886			
 - 	887			
 - 	888			
 - 	889			
 - 	890			
 - 	891			
 - 	892			
 - 	893			
 - 	894			
 - 	895			
 - 	896			
 - 	897			
 - 	898			
 - 	899			
 - 	900			
 - 	901			
 - 	902			
 - 	903			
 - 	904			
 - 	905			
 - 	906			
 - 	907			
 - 	908			
 - 	909			
 - 	910			
 - 	911			
 - 	912			
 - 	913			
 - 	914			
 - 	915			
 - 	916			
 - 	917			
 - 	918			
 - 	919			
 - 	920			
 - 	921			
 - 	922			
 - 	923			
 - 	924			
 - 	925			
 - 	926			
 - 	927			
 - 	928			
 - 	929			
 - 	930			
 - 	931			
 - 	932			
 - 	933			
 - 	934			
 - 	935			
 - 	936			
 - 	937			
 - 	938			
 - 	939			
 - 	940			
 - 	941			
 - 	942			
 - 	943			
 - 	944			
 - 	945			
 - 	946			
 - 	947			
 - 	948			
 - 	949			
 - 	950			
 - 	951			
 - 	952			
 - 	953			
 - 	954			
 - 	955			
 - 	956			
 - 	957			
 - 	958			
 - 	959			
 - 	960			
 - 	961			
 - 	962			
 - 	963			
 - 	964			
 - 	965			
 - 	966			
 - 	967			
 - 	968			
 - 	969			
 - 	970			
 - 	971			
 - 	972			
 - 	973			
 - 	974			
 - 	975			
 - 	976			
 - 	977			
