-0.0018
0.0002
0.0037
0.0036
0.0054
0.0086
0.0106
0.0124
0.0135
0.0141
0.0154
0.0168
0.0180
0.0191
0.0202
0.0215
0.0226
0.0229
0.0235
0.0239
0.0250
0.0254
0.0258
0.0263
0.0260
0.0261
0.0263
0.0258
0.0252
0.0251
0.0244
0.0237
0.0229
0.0223
0.0215
0.0212
0.0206
0.0201
0.0196
0.0196
0.0195
0.0196
0.0195
0.0194
0.0195
0.0194
0.0192
0.0195
0.0190
0.0193
0.0192
0.0194
0.0194
0.0198
0.0199
0.0205
0.0207
0.0210
0.0212
0.0216
0.0217
0.0216
0.0212
0.0209
0.0202
0.0195
0.0189
0.0179
0.0153
0.0120
0.0087
0.0054
0.0031
0.0020
0.0019
-0.0008
-0.0009
