LLACx	LLACy	LLACz	LLGYx	LLGYy	LLGYz	LMACx	LMACy	LMACz	LMGYx	LMGYy	LMGYz	RLACx	RLACy	RLACz	RLGYx	RLGYy	RLGYz	RMACx	RMACy	RMACz	RMGYx	RMGYy	RMGYz
-40.00	-1030.00	210.00	-1.34	-21.52	-2.93	150.00	-890.00	-230.00	-9.82	12.99	-11.22	-140.00	-960.00	-100.00	-10.67	-0.30	5.06	-110.00	-970.00	300.00	-10.18	6.04	0.55
-10.00	-1040.00	230.00	-1.46	0.73	-0.37	90.00	-870.00	-260.00	2.68	-4.70	-1.83	10.00	-1020.00	-70.00	-1.71	-0.91	-0.73	30.00	-1010.00	250.00	-1.71	-0.18	-0.55
-10.00	-1040.00	230.00	-1.89	1.10	-0.43	100.00	-870.00	-260.00	2.56	-4.94	-2.07	20.00	-1020.00	-70.00	-1.71	-0.85	-0.79	30.00	-1010.00	260.00	-1.65	-0.43	-0.55
-10.00	-1040.00	230.00	-2.20	1.40	-0.43	100.00	-870.00	-250.00	2.38	-4.51	-2.20	10.00	-1020.00	-70.00	-1.59	-0.55	-1.04	30.00	-1010.00	260.00	-1.71	-0.55	-0.55
-10.00	-1040.00	230.00	-2.26	1.46	-0.37	100.00	-870.00	-250.00	2.07	-4.02	-2.32	20.00	-1020.00	-70.00	-1.34	-0.30	-1.28	30.00	-1010.00	260.00	-1.89	-0.49	-0.61
-10.00	-1040.00	230.00	-2.38	1.40	-0.37	100.00	-860.00	-270.00	1.59	-3.48	-2.26	10.00	-1020.00	-70.00	-1.40	0.12	-1.59	40.00	-1000.00	260.00	-1.83	-0.43	-0.55
-10.00	-1040.00	230.00	-2.38	1.28	-0.30	90.00	-870.00	-260.00	1.22	-2.93	-2.26	20.00	-1020.00	-80.00	-1.40	0.30	-1.89	40.00	-1010.00	250.00	-1.77	-0.49	-0.43
-10.00	-1040.00	230.00	-2.50	1.16	-0.24	90.00	-870.00	-250.00	0.85	-2.56	-2.26	10.00	-1020.00	-80.00	-1.22	0.24	-1.77	40.00	-1010.00	250.00	-1.89	-0.12	-0.49
-10.00	-1040.00	220.00	-2.20	0.91	-0.18	90.00	-870.00	-250.00	0.67	-2.32	-2.20	20.00	-1020.00	-80.00	-1.22	0.18	-1.65	40.00	-1010.00	250.00	-2.01	0.12	-0.61
-10.00	-1040.00	220.00	-2.01	0.73	0.12	90.00	-870.00	-250.00	0.55	-2.20	-2.26	10.00	-1020.00	-70.00	-1.22	0.43	-1.71	40.00	-1010.00	250.00	-1.95	0.00	-0.61
-20.00	-1040.00	230.00	-1.95	0.43	0.37	90.00	-870.00	-250.00	0.37	-1.89	-2.32	10.00	-1030.00	-80.00	-1.10	0.55	-1.71	40.00	-1010.00	260.00	-1.95	0.12	-0.61
-10.00	-1040.00	230.00	-1.89	0.55	0.55	90.00	-880.00	-250.00	0.43	-2.01	-2.32	10.00	-1020.00	-70.00	-1.10	0.73	-1.52	40.00	-1010.00	250.00	-2.01	0.37	-0.55
-10.00	-1040.00	220.00	-1.89	0.73	0.73	90.00	-880.00	-250.00	0.43	-2.07	-2.32	20.00	-1030.00	-80.00	-1.10	1.10	-1.28	30.00	-1010.00	250.00	-1.89	0.43	-0.55
-10.00	-1040.00	230.00	-1.89	1.04	0.85	90.00	-880.00	-250.00	0.24	-1.89	-2.20	20.00	-1030.00	-80.00	-1.04	1.16	-1.10	40.00	-1010.00	250.00	-1.71	0.30	-0.37
-10.00	-1040.00	230.00	-2.01	1.46	1.04	90.00	-870.00	-250.00	0.12	-1.71	-2.01	10.00	-1020.00	-70.00	-0.91	0.98	-0.98	40.00	-1010.00	250.00	-1.65	0.12	-0.24
-10.00	-1050.00	220.00	-2.01	1.71	1.22	100.00	-870.00	-250.00	-0.12	-1.52	-1.83	20.00	-1030.00	-70.00	-0.79	1.04	-0.55	40.00	-1010.00	250.00	-1.59	0.18	0.06
-10.00	-1040.00	220.00	-1.77	1.71	1.40	90.00	-870.00	-260.00	-0.24	-1.40	-1.71	20.00	-1020.00	-80.00	-0.67	1.28	-0.06	40.00	-1010.00	250.00	-1.46	0.24	0.24
-10.00	-1040.00	220.00	-1.59	1.52	1.83	100.00	-870.00	-260.00	-0.37	-1.16	-1.59	20.00	-1030.00	-80.00	-0.55	1.16	0.43	40.00	-1010.00	260.00	-1.34	0.24	0.55
-0.00	-1040.00	220.00	-1.46	1.46	2.07	100.00	-880.00	-250.00	-0.61	-1.04	-1.40	20.00	-1030.00	-80.00	-0.30	1.04	0.85	40.00	-1010.00	250.00	-1.28	0.30	0.79
-0.00	-1040.00	220.00	-1.16	1.34	2.26	100.00	-880.00	-250.00	-0.79	-0.73	-1.28	20.00	-1020.00	-80.00	-0.24	1.22	1.04	40.00	-1010.00	260.00	-1.04	0.24	1.16
-0.00	-1040.00	220.00	-0.79	1.04	2.56	100.00	-870.00	-250.00	-0.91	-0.37	-1.10	20.00	-1030.00	-80.00	-0.12	1.16	1.10	40.00	-1010.00	250.00	-0.91	0.12	1.46
-10.00	-1040.00	220.00	-0.61	1.04	2.62	100.00	-880.00	-240.00	-1.16	-0.12	-0.91	20.00	-1020.00	-80.00	0.06	1.28	1.28	40.00	-1010.00	250.00	-0.98	0.24	1.71
0.00	-1050.00	210.00	-0.30	1.10	2.68	100.00	-870.00	-250.00	-1.34	0.24	-0.85	30.00	-1020.00	-80.00	0.18	1.34	1.22	40.00	-1010.00	250.00	-0.85	0.06	1.77
-0.00	-1040.00	220.00	-0.06	1.04	2.68	100.00	-880.00	-250.00	-1.71	0.67	-0.67	20.00	-1020.00	-70.00	0.61	1.52	1.04	40.00	-1010.00	250.00	-0.67	-0.12	1.83
-0.00	-1040.00	220.00	0.18	0.98	2.68	100.00	-870.00	-250.00	-2.07	1.10	-0.49	30.00	-1020.00	-80.00	1.10	1.89	0.73	40.00	-1010.00	250.00	-0.30	0.00	2.13
-0.00	-1040.00	220.00	0.37	1.04	2.50	100.00	-870.00	-250.00	-2.26	1.34	-0.37	20.00	-1030.00	-80.00	1.22	2.62	0.37	40.00	-1010.00	250.00	0.00	0.06	2.20
-10.00	-1040.00	210.00	0.49	0.91	2.56	100.00	-870.00	-250.00	-2.62	1.65	-0.18	20.00	-1020.00	-80.00	1.59	2.74	0.12	40.00	-1010.00	250.00	0.00	0.61	1.77
-10.00	-1040.00	220.00	0.79	0.85	2.44	90.00	-870.00	-250.00	-2.87	1.77	-0.12	20.00	-1020.00	-80.00	2.01	2.68	-0.12	40.00	-1010.00	250.00	0.00	0.61	1.77
-10.00	-1040.00	220.00	1.04	0.79	2.32	100.00	-880.00	-250.00	-2.93	1.89	-0.06	10.00	-1020.00	-70.00	2.07	2.68	-0.43	40.00	-1010.00	250.00	0.00	0.73	1.40
-10.00	-1040.00	220.00	1.22	0.61	2.32	100.00	-870.00	-250.00	-2.99	1.83	-0.12	10.00	-1020.00	-80.00	2.20	2.56	-0.61	40.00	-1010.00	250.00	0.12	1.04	0.91
-20.00	-1040.00	220.00	1.46	0.55	2.26	100.00	-870.00	-250.00	-2.99	1.83	-0.12	10.00	-1020.00	-80.00	2.32	2.62	-0.85	40.00	-1010.00	250.00	0.12	1.04	0.91
-10.00	-1050.00	210.00	1.59	0.49	2.07	90.00	-880.00	-250.00	-3.05	1.59	-0.12	10.00	-1020.00	-80.00	2.20	2.93	-1.28	40.00	-1010.00	250.00	0.12	1.10	0.24
-20.00	-1040.00	220.00	1.59	0.43	2.07	100.00	-870.00	-250.00	-2.80	1.65	0.24	10.00	-1020.00	-80.00	2.38	2.80	-1.40	40.00	-1010.00	250.00	0.12	1.04	-0.12
-20.00	-1040.00	220.00	1.71	0.43	2.07	100.00	-870.00	-250.00	-2.80	1.65	0.24	10.00	-1020.00	-70.00	2.50	2.99	-1.52	40.00	-1010.00	250.00	0.24	1.16	-0.49
-20.00	-1040.00	220.00	1.65	0.37	2.07	100.00	-870.00	-250.00	-2.74	1.46	0.37	10.00	-1020.00	-80.00	2.62	3.05	-1.52	40.00	-1010.00	250.00	0.37	1.04	-0.79
-20.00	-1040.00	220.00	1.71	0.12	2.26	100.00	-870.00	-260.00	-2.68	1.59	0.91	20.00	-1020.00	-80.00	2.62	2.87	-1.40	40.00	-1010.00	240.00	0.37	1.16	-0.91
-20.00	-1040.00	220.00	1.89	0.00	2.20	100.00	-870.00	-260.00	-2.68	1.59	0.91	20.00	-1020.00	-80.00	2.44	2.50	-1.10	40.00	-1010.00	240.00	0.43	1.04	-1.04
-10.00	-1040.00	220.00	2.01	-0.18	2.26	100.00	-870.00	-250.00	-2.62	1.77	1.22	20.00	-1020.00	-70.00	2.20	2.13	-0.85	40.00	-1010.00	250.00	0.37	0.73	-1.10
-10.00	-1040.00	220.00	2.26	-0.43	2.32	110.00	-870.00	-250.00	-2.56	2.07	1.59	20.00	-1020.00	-80.00	2.13	2.01	-0.79	30.00	-1010.00	250.00	0.49	0.55	-1.10
-10.00	-1040.00	220.00	2.20	-0.61	2.32	110.00	-870.00	-250.00	-2.50	2.26	2.01	20.00	-1030.00	-70.00	2.13	1.95	-0.61	40.00	-1010.00	250.00	0.55	0.37	-1.04
-20.00	-1040.00	220.00	2.38	-0.79	2.38	100.00	-870.00	-260.00	-2.26	2.26	2.20	20.00	-1020.00	-70.00	1.83	1.83	-0.37	30.00	-1010.00	250.00	0.67	0.24	-0.85
-20.00	-1050.00	220.00	2.50	-0.85	2.32	110.00	-870.00	-260.00	-1.77	2.07	2.80	20.00	-1030.00	-70.00	1.65	1.65	0.00	30.00	-1000.00	250.00	0.61	0.00	-0.67
-20.00	-1040.00	220.00	2.44	-0.98	2.26	110.00	-870.00	-250.00	-1.77	2.07	2.80	20.00	-1020.00	-80.00	1.65	1.04	0.43	30.00	-1000.00	250.00	0.73	-0.24	-0.49
-20.00	-1040.00	220.00	2.32	-0.79	2.26	110.00	-870.00	-260.00	-1.52	2.07	3.05	20.00	-1020.00	-70.00	1.65	0.98	0.73	30.00	-1010.00	250.00	0.98	-0.91	0.06
-20.00	-1050.00	220.00	2.32	-0.73	2.07	100.00	-870.00	-260.00	-0.91	1.83	3.29	20.00	-1020.00	-70.00	1.46	0.91	1.04	30.00	-1010.00	250.00	0.98	-0.91	0.06
-20.00	-1040.00	220.00	2.13	-0.55	2.01	110.00	-870.00	-260.00	-0.91	1.83	3.29	20.00	-1020.00	-70.00	1.83	0.61	1.22	30.00	-1010.00	250.00	0.98	-0.91	0.06
-10.00	-1040.00	220.00	1.95	-0.43	1.89	100.00	-870.00	-260.00	-0.67	1.71	3.17	20.00	-1020.00	-70.00	1.83	0.43	1.59	30.00	-1010.00	250.00	1.34	-1.22	0.61
-20.00	-1040.00	220.00	0.67	0.30	1.28	100.00	-870.00	-260.00	-0.30	1.46	3.11	20.00	-1030.00	-70.00	1.77	0.12	1.52	30.00	-1010.00	250.00	1.34	-1.22	0.61
-20.00	-1040.00	220.00	0.67	0.30	1.28	100.00	-870.00	-260.00	-0.30	1.46	3.11	20.00	-1020.00	-80.00	1.89	0.43	1.22	30.00	-1010.00	250.00	1.34	-1.22	0.61
-20.00	-1040.00	220.00	0.67	0.30	1.28	110.00	-870.00	-260.00	0.00	1.34	2.99	20.00	-1020.00	-60.00	1.83	0.37	0.73	40.00	-1010.00	250.00	1.34	-1.04	0.37
-20.00	-1040.00	220.00	0.06	0.37	1.10	100.00	-870.00	-260.00	0.06	1.34	2.80	20.00	-1020.00	-80.00	1.40	-1.28	0.30	40.00	-1010.00	250.00	0.00	2.93	-1.16
-20.00	-1030.00	220.00	0.06	0.37	1.10	100.00	-870.00	-260.00	0.24	1.22	2.68	20.00	-1020.00	-70.00	2.01	-1.95	-0.18	30.00	-1010.00	250.00	0.00	2.93	-1.16
-20.00	-1040.00	220.00	0.06	0.37	1.10	100.00	-870.00	-260.00	0.49	1.04	2.44	10.00	-1020.00	-80.00	3.05	-1.10	-1.22	40.00	-1010.00	250.00	-1.46	7.99	-1.59
-20.00	-1040.00	230.00	-0.91	0.12	0.18	100.00	-870.00	-260.00	0.73	0.85	2.20	10.00	-1020.00	-80.00	3.60	-0.49	-2.38	30.00	-1010.00	250.00	-1.46	9.82	-2.13
-20.00	-1040.00	230.00	-0.91	0.12	0.18	100.00	-870.00	-260.00	0.98	0.67	2.07	20.00	-1030.00	-90.00	4.21	0.43	-3.72	40.00	-1010.00	260.00	-1.28	9.02	-3.23
-20.00	-1040.00	230.00	-1.77	0.73	-0.61	100.00	-870.00	-270.00	0.98	0.43	1.95	20.00	-1020.00	-80.00	4.21	0.98	-5.18	30.00	-1010.00	250.00	-0.49	7.68	-3.90
-20.00	-1040.00	230.00	-1.77	0.73	-0.61	100.00	-870.00	-260.00	1.10	0.43	1.95	10.00	-1020.00	-80.00	4.15	1.71	-6.83	40.00	-1010.00	250.00	-0.43	6.89	-4.94
-20.00	-1040.00	230.00	-2.20	0.79	-0.91	90.00	-870.00	-260.00	2.50	-2.07	1.71	10.00	-1020.00	-60.00	4.21	2.74	-8.29	40.00	-1010.00	250.00	-0.43	6.28	-6.04
-20.00	-1040.00	230.00	-3.05	1.40	-1.28	100.00	-870.00	-260.00	2.62	-2.38	1.59	0.00	-1010.00	-70.00	4.15	3.17	-9.21	40.00	-1010.00	260.00	-0.61	5.73	-7.01
-20.00	-1040.00	230.00	-3.48	1.46	-1.28	90.00	-870.00	-260.00	2.80	-2.87	1.34	0.00	-1020.00	-70.00	4.09	3.05	-10.06	40.00	-1010.00	250.00	-0.73	5.55	-7.56
-20.00	-1040.00	230.00	-3.48	1.46	-1.28	100.00	-870.00	-260.00	2.80	-2.87	1.34	0.00	-1020.00	-60.00	3.90	2.93	-10.55	40.00	-1010.00	250.00	-0.67	5.85	-7.93
-20.00	-1040.00	220.00	-3.60	1.40	-1.10	100.00	-870.00	-260.00	2.87	-2.93	1.22	20.00	-1030.00	-60.00	3.84	2.13	-10.61	30.00	-1010.00	260.00	-1.16	5.55	-8.41
-20.00	-1040.00	230.00	-3.29	0.98	-0.55	100.00	-870.00	-260.00	2.50	-2.93	1.04	20.00	-1020.00	-60.00	3.84	2.13	-10.61	60.00	-1020.00	250.00	-1.40	5.67	-8.78
-20.00	-1040.00	230.00	-3.29	0.98	-0.55	100.00	-870.00	-260.00	2.50	-2.93	1.04	20.00	-1030.00	-60.00	3.72	1.77	-10.30	60.00	-1020.00	250.00	-1.59	5.91	-8.96
-20.00	-1040.00	220.00	-3.05	0.79	-0.24	100.00	-870.00	-250.00	2.32	-2.68	1.04	20.00	-1020.00	-50.00	3.41	1.59	-9.94	30.00	-1010.00	250.00	-1.65	5.85	-9.09
-20.00	-1040.00	220.00	-2.50	0.18	0.18	90.00	-870.00	-260.00	1.89	-2.38	0.98	30.00	-1020.00	-60.00	3.23	1.46	-9.33	20.00	-1020.00	250.00	-1.40	5.55	-8.96
-20.00	-1040.00	220.00	-2.50	0.18	0.18	90.00	-870.00	-260.00	-1.46	1.59	0.61	20.00	-1020.00	-50.00	2.93	1.22	-8.48	30.00	-1000.00	250.00	-1.04	4.70	-8.72
-20.00	-1040.00	220.00	-2.50	0.18	0.18	90.00	-870.00	-260.00	-1.46	1.59	0.61	30.00	-1020.00	-60.00	2.56	0.98	-7.56	30.00	-1000.00	260.00	-0.73	3.78	-8.05
-10.00	-1050.00	220.00	-2.20	0.00	0.30	90.00	-880.00	-250.00	-1.83	2.07	0.43	30.00	-1030.00	-60.00	2.07	0.79	-6.77	20.00	-1000.00	260.00	-0.73	2.87	-7.38
-10.00	-1050.00	220.00	-1.59	-0.55	0.43	90.00	-880.00	-250.00	-2.62	2.87	0.12	40.00	-1030.00	-50.00	1.52	0.61	-5.98	30.00	-1000.00	260.00	-0.67	1.89	-6.83
-10.00	-1050.00	220.00	-1.59	-0.55	0.43	90.00	-880.00	-250.00	-2.62	2.87	0.12	40.00	-1030.00	-50.00	1.04	0.24	-5.06	40.00	-1010.00	260.00	-0.85	-0.91	-1.46
-10.00	-1040.00	220.00	-1.59	-0.55	0.43	90.00	-870.00	-240.00	-3.11	3.35	0.06	40.00	-1030.00	-50.00	0.37	0.24	-4.33	40.00	-1000.00	260.00	-1.04	-1.22	0.55
-20.00	-1050.00	210.00	-1.04	-0.73	0.55	90.00	-880.00	-250.00	-3.72	3.78	-0.12	50.00	-1030.00	-50.00	-0.37	0.67	-3.41	40.00	-1010.00	270.00	-1.04	-1.22	0.55
-20.00	-1050.00	210.00	-0.98	-0.85	0.49	90.00	-880.00	-250.00	-4.09	4.27	-0.30	40.00	-1030.00	-50.00	-0.79	1.22	-2.20	50.00	-1000.00	260.00	-0.79	-2.93	3.90
-20.00	-1040.00	210.00	-0.98	-0.85	0.49	90.00	-880.00	-240.00	-4.33	4.57	-0.49	40.00	-1030.00	-50.00	-1.04	1.52	-0.67	50.00	-1010.00	260.00	-2.32	-3.17	3.66
-20.00	-1040.00	210.00	-0.91	-0.98	0.49	90.00	-870.00	-250.00	-4.33	4.57	-0.49	40.00	-1030.00	-50.00	-1.40	1.10	0.91	50.00	-1000.00	260.00	-2.32	-3.17	3.66
-20.00	-1040.00	210.00	-0.67	-1.04	0.37	90.00	-870.00	-250.00	-5.06	4.82	-0.43	40.00	-1030.00	-50.00	-1.77	0.18	2.44	40.00	-1010.00	260.00	-2.68	-2.68	2.87
-20.00	-1040.00	210.00	-0.67	-1.04	0.37	80.00	-870.00	-250.00	-5.06	4.82	-0.43	60.00	-1030.00	-50.00	-2.50	-0.12	3.60	50.00	-1010.00	250.00	-2.74	-1.71	1.28
-10.00	-1040.00	210.00	-0.67	-1.04	0.37	80.00	-870.00	-250.00	-5.24	4.76	-0.43	60.00	-1030.00	-60.00	-2.50	0.30	4.57	50.00	-1010.00	260.00	-2.74	-1.71	1.28
-20.00	-1040.00	210.00	-0.49	-1.22	0.24	90.00	-870.00	-250.00	-5.30	4.45	-0.30	60.00	-1030.00	-50.00	-2.62	0.00	6.40	60.00	-1010.00	260.00	-2.80	-1.16	-0.06
-20.00	-1040.00	210.00	-0.30	-1.40	0.18	90.00	-870.00	-250.00	-5.43	4.21	-0.24	60.00	-1030.00	-50.00	-2.62	0.00	6.40	60.00	-1010.00	260.00	-2.74	-0.12	-1.46
-20.00	-1040.00	210.00	-0.30	-1.40	0.18	90.00	-870.00	-250.00	-5.43	4.21	-0.24	50.00	-1030.00	-60.00	-2.68	-0.43	6.83	60.00	-1000.00	270.00	-2.80	0.55	-2.32
-20.00	-1040.00	210.00	-0.30	-1.40	0.18	100.00	-870.00	-250.00	-5.24	3.96	-0.12	50.00	-1020.00	-60.00	-2.99	-0.37	6.65	70.00	-1010.00	260.00	-2.80	0.55	-2.32
-20.00	-1040.00	210.00	0.00	-1.71	0.24	90.00	-870.00	-260.00	-5.18	3.41	0.06	60.00	-1030.00	-60.00	-2.99	-0.37	6.65	70.00	-1010.00	260.00	-2.20	0.49	-3.05
-20.00	-1040.00	210.00	0.12	-1.77	0.12	100.00	-870.00	-260.00	-4.82	2.87	0.18	40.00	-1030.00	-60.00	-2.68	-0.24	6.16	70.00	-1010.00	260.00	-2.01	0.61	-3.17
-20.00	-1040.00	210.00	0.30	-2.01	0.30	100.00	-870.00	-260.00	-2.56	0.49	0.61	40.00	-1020.00	-60.00	-2.74	-0.37	5.61	60.00	-1000.00	250.00	-2.01	0.61	-3.17
-20.00	-1050.00	210.00	0.43	-2.68	1.04	100.00	-870.00	-260.00	-2.56	0.49	0.61	40.00	-1020.00	-50.00	-2.87	-0.79	4.88	60.00	-1020.00	250.00	-2.01	0.61	-3.35
-20.00	-1050.00	210.00	0.61	-2.87	1.28	100.00	-870.00	-260.00	-1.40	-0.12	0.00	40.00	-1020.00	-60.00	-3.05	-1.16	4.02	40.00	-1010.00	260.00	-2.01	0.61	-3.35
-20.00	-1050.00	210.00	0.61	-2.87	1.28	100.00	-870.00	-260.00	-1.40	-0.24	-0.12	30.00	-1020.00	-60.00	-3.29	-1.40	3.17	40.00	-1010.00	260.00	-2.01	0.43	-2.50
-20.00	-1050.00	210.00	1.16	-4.27	2.26	110.00	-870.00	-260.00	-1.16	-0.49	-0.24	30.00	-1020.00	-60.00	-3.35	-1.28	2.20	40.00	-1010.00	260.00	-1.95	0.30	-2.13
-10.00	-1040.00	210.00	1.34	-5.06	2.44	110.00	-870.00	-270.00	-1.16	-0.49	-0.24	20.00	-1020.00	-60.00	-3.05	-1.22	1.16	30.00	-1010.00	250.00	-1.95	0.30	-2.13
-10.00	-1040.00	210.00	1.34	-5.06	2.44	100.00	-870.00	-270.00	-1.16	-0.49	-0.24	30.00	-1020.00	-50.00	-2.68	-1.52	0.37	40.00	-1010.00	250.00	-1.83	-0.43	-0.43
-10.00	-1040.00	210.00	1.10	-5.55	1.89	90.00	-870.00	-270.00	-0.85	-0.43	-0.30	30.00	-1020.00	-60.00	-2.56	-1.52	-0.79	40.00	-1010.00	250.00	-1.83	-0.43	-0.43
-0.00	-1050.00	220.00	1.10	-5.55	1.89	90.00	-870.00	-270.00	-0.79	-0.37	-0.24	20.00	-1020.00	-60.00	-2.26	-0.73	-1.83	40.00	-1010.00	250.00	-2.07	-0.73	0.24
-0.00	-1050.00	220.00	0.91	-5.43	0.24	100.00	-870.00	-260.00	-0.79	0.06	-0.06	30.00	-1020.00	-60.00	-1.65	-0.43	-2.50	40.00	-1010.00	240.00	-2.32	-0.79	0.79
-10.00	-1040.00	230.00	0.73	-5.06	-0.24	100.00	-870.00	-260.00	-0.79	0.06	-0.06	20.00	-1010.00	-70.00	-1.40	-0.18	-3.11	50.00	-1010.00	250.00	-2.32	-0.79	0.79
-20.00	-1040.00	220.00	0.73	-5.06	-0.24	100.00	-870.00	-260.00	-0.98	0.43	0.24	20.00	-1020.00	-70.00	-1.16	0.43	-3.78	50.00	-1010.00	250.00	-2.56	-0.73	1.10
-20.00	-1040.00	220.00	0.67	-5.24	-0.55	100.00	-870.00	-260.00	-0.98	0.91	0.49	20.00	-1020.00	-70.00	-0.98	0.49	-3.96	50.00	-1010.00	250.00	-2.62	-0.91	1.46
-20.00	-1040.00	220.00	0.73	-5.37	-0.61	100.00	-870.00	-260.00	-1.77	2.74	1.40	30.00	-1020.00	-70.00	-0.67	0.24	-3.96	50.00	-1010.00	250.00	-2.87	-0.98	1.89
-30.00	-1040.00	210.00	0.73	-5.37	-0.61	100.00	-870.00	-260.00	-2.01	3.90	1.95	20.00	-1020.00	-70.00	-0.49	0.12	-3.84	50.00	-1010.00	250.00	-2.87	-0.98	1.89
-20.00	-1040.00	200.00	0.73	-5.12	-0.43	100.00	-870.00	-260.00	-2.01	3.90	1.95	30.00	-1020.00	-80.00	-0.61	-0.24	-3.72	60.00	-1010.00	250.00	-2.99	-0.79	2.26
-20.00	-1040.00	200.00	0.61	-4.82	-0.37	100.00	-870.00	-260.00	-2.87	5.06	1.71	40.00	-1020.00	-70.00	-0.79	-0.30	-3.48	60.00	-1010.00	250.00	-2.93	-0.85	2.80
-20.00	-1040.00	200.00	0.61	-4.82	-0.37	110.00	-880.00	-270.00	-3.05	4.88	0.91	40.00	-1020.00	-70.00	-0.67	-0.18	-3.29	50.00	-1010.00	250.00	-2.68	-1.83	4.15
-20.00	-1040.00	210.00	0.18	-4.09	-0.12	110.00	-870.00	-260.00	-3.05	4.88	0.91	40.00	-1020.00	-70.00	-0.73	-0.12	-3.11	50.00	-1010.00	250.00	-2.68	-1.83	4.15
-10.00	-1040.00	210.00	0.18	-4.09	-0.12	110.00	-870.00	-260.00	-2.93	4.27	-0.18	40.00	-1020.00	-60.00	-0.85	-0.06	-2.80	60.00	-1010.00	250.00	-2.38	-2.62	5.06
-10.00	-1040.00	210.00	-0.12	-3.78	0.12	110.00	-880.00	-250.00	-2.62	4.27	-0.61	40.00	-1020.00	-70.00	-0.98	0.00	-2.50	60.00	-1010.00	250.00	-2.50	-3.23	4.51
-10.00	-1040.00	220.00	-0.12	-3.78	0.12	100.00	-880.00	-260.00	-2.62	4.27	-0.61	40.00	-1020.00	-70.00	-1.16	0.00	-2.20	60.00	-1010.00	250.00	-2.50	-3.23	4.51
-10.00	-1040.00	220.00	-0.12	-2.62	1.16	90.00	-880.00	-260.00	-2.07	2.87	-1.34	40.00	-1020.00	-60.00	-1.40	0.24	-1.83	50.00	-1010.00	250.00	-2.44	-3.17	3.84
-10.00	-1040.00	220.00	-0.12	-2.62	1.16	90.00	-870.00	-260.00	-1.71	1.83	-1.65	40.00	-1020.00	-60.00	-1.46	0.37	-1.46	50.00	-1010.00	250.00	-2.38	-2.87	3.11
-10.00	-1040.00	220.00	-0.18	-2.32	1.52	90.00	-860.00	-270.00	-1.71	1.83	-1.65	50.00	-1020.00	-60.00	-1.59	0.55	-1.16	50.00	-1010.00	250.00	-2.07	-0.06	0.24
-10.00	-1040.00	220.00	-0.67	-1.95	2.99	90.00	-860.00	-270.00	-1.40	0.37	-1.65	40.00	-1020.00	-70.00	-1.89	0.85	-0.91	50.00	-1010.00	250.00	-2.07	-0.06	0.24
-10.00	-1040.00	210.00	-0.67	-1.95	2.99	100.00	-860.00	-280.00	-1.16	-0.91	-0.79	40.00	-1030.00	-60.00	-2.01	0.98	-0.79	50.00	-1010.00	250.00	-1.65	1.16	-0.73
-10.00	-1040.00	210.00	-0.73	-2.07	3.23	100.00	-860.00	-270.00	-1.16	-0.98	-0.55	40.00	-1020.00	-70.00	-2.13	0.73	-0.61	50.00	-1010.00	250.00	-1.34	1.16	-0.73
-10.00	-1040.00	210.00	-0.73	-2.07	3.23	100.00	-870.00	-270.00	-1.16	-0.85	-0.18	40.00	-1030.00	-60.00	-2.44	0.67	-0.37	50.00	-1010.00	250.00	-1.16	1.16	-0.73
-10.00	-1040.00	210.00	-0.37	-2.80	4.15	100.00	-860.00	-270.00	-0.98	-0.61	0.30	50.00	-1020.00	-70.00	-2.74	0.61	-0.12	50.00	-1010.00	250.00	-0.91	1.16	-0.67
-0.00	-1040.00	220.00	0.00	-3.54	4.70	100.00	-860.00	-270.00	-0.98	-0.61	0.30	30.00	-1020.00	-70.00	-3.05	0.85	0.06	50.00	-1010.00	250.00	-0.79	1.04	-0.30
-0.00	-1040.00	220.00	0.00	-3.54	4.70	100.00	-860.00	-280.00	-1.34	-0.18	1.04	40.00	-1030.00	-70.00	-3.29	0.67	0.30	50.00	-1010.00	240.00	-0.73	0.85	-0.06
-10.00	-1040.00	210.00	0.37	-3.60	4.94	110.00	-860.00	-280.00	-1.46	0.06	1.28	40.00	-1020.00	-60.00	-3.66	0.37	0.55	40.00	-1010.00	240.00	-0.85	0.98	0.00
-0.00	-1040.00	220.00	0.37	-3.60	4.94	110.00	-860.00	-280.00	-1.65	0.37	1.71	40.00	-1020.00	-70.00	-4.02	-0.18	1.04	40.00	-1010.00	240.00	-0.85	0.98	0.00
-0.00	-1050.00	210.00	0.49	-3.78	5.18	110.00	-860.00	-270.00	-2.01	0.79	2.01	40.00	-1020.00	-70.00	-4.27	-0.67	1.46	40.00	-1010.00	240.00	-0.85	1.16	0.18
0.00	-1050.00	210.00	0.49	-3.78	5.18	110.00	-870.00	-270.00	-2.26	1.22	2.32	40.00	-1030.00	-70.00	-4.51	-1.04	2.13	40.00	-1010.00	240.00	-0.91	1.16	0.18
0.00	-1050.00	210.00	0.43	-3.17	4.94	110.00	-870.00	-270.00	-2.26	1.22	2.32	50.00	-1020.00	-70.00	-4.70	-1.22	2.68	40.00	-1010.00	240.00	-0.73	1.10	0.30
-0.00	-1050.00	210.00	0.43	-3.17	4.94	100.00	-870.00	-270.00	-2.68	1.89	2.93	50.00	-1030.00	-70.00	-4.88	-1.65	3.11	40.00	-1010.00	240.00	-0.67	0.98	0.37
-0.00	-1050.00	210.00	0.37	-2.87	4.76	110.00	-870.00	-270.00	-2.68	1.89	2.93	40.00	-1020.00	-70.00	-5.06	-2.20	3.54	40.00	-1020.00	230.00	-0.73	0.73	0.12
-10.00	-1040.00	210.00	0.30	-2.32	4.39	110.00	-870.00	-270.00	-2.87	2.26	3.17	50.00	-1020.00	-70.00	-5.24	-2.56	4.15	40.00	-1020.00	230.00	-0.55	0.24	-0.67
-10.00	-1040.00	210.00	0.61	-1.89	2.93	110.00	-870.00	-270.00	-2.87	2.26	3.17	40.00	-1020.00	-70.00	-5.12	-2.93	4.57	40.00	-1020.00	230.00	-0.55	0.24	-0.67
-10.00	-1040.00	210.00	0.61	-1.89	2.93	110.00	-870.00	-270.00	-3.11	3.66	3.96	40.00	-1020.00	-70.00	-5.12	-2.93	4.57	40.00	-1020.00	230.00	-0.49	0.30	-1.83
-10.00	-1040.00	210.00	0.67	-1.77	2.62	110.00	-870.00	-270.00	-3.54	4.63	4.21	40.00	-1020.00	-80.00	-5.30	-2.80	4.51	40.00	-1010.00	240.00	-0.55	0.49	-2.44
-10.00	-1040.00	210.00	0.73	-1.22	0.73	100.00	-870.00	-270.00	-2.93	4.15	3.41	30.00	-1020.00	-70.00	-4.88	-2.56	3.90	40.00	-1010.00	240.00	-0.55	0.49	-2.44
-10.00	-1040.00	210.00	0.73	-1.22	0.73	110.00	-870.00	-270.00	-2.93	4.15	3.41	30.00	-1020.00	-70.00	-4.88	-2.56	3.90	40.00	-1010.00	250.00	-0.67	0.24	-2.50
-10.00	-1040.00	210.00	0.43	-0.67	0.18	110.00	-870.00	-270.00	-2.26	3.05	2.68	30.00	-1020.00	-80.00	-4.45	-2.62	3.54	40.00	-1010.00	240.00	-0.73	0.37	-2.62
-20.00	-1040.00	200.00	0.18	-0.43	-0.06	110.00	-870.00	-270.00	-1.83	2.32	2.26	30.00	-1020.00	-80.00	-4.15	-2.38	3.05	40.00	-1010.00	240.00	-0.79	0.49	-2.74
-20.00	-1040.00	200.00	-0.06	-0.30	-0.37	110.00	-870.00	-280.00	-1.83	2.32	2.26	30.00	-1020.00	-80.00	-3.84	-2.01	2.32	40.00	-1010.00	240.00	-0.73	-0.06	-2.38
-30.00	-1040.00	200.00	-0.06	-0.30	-0.37	100.00	-870.00	-270.00	-1.46	1.65	1.89	30.00	-1020.00	-90.00	-3.23	-1.77	1.71	40.00	-1010.00	240.00	-0.73	-0.06	-2.38
-20.00	-1040.00	200.00	-0.61	0.30	-0.85	100.00	-870.00	-270.00	-0.67	0.24	0.91	20.00	-1020.00	-80.00	-2.74	-1.71	0.91	40.00	-1010.00	240.00	-0.73	0.12	-2.56
-20.00	-1040.00	210.00	-0.73	0.37	-0.91	100.00	-860.00	-280.00	0.18	-0.91	-0.30	20.00	-1020.00	-80.00	-2.32	-1.22	0.06	40.00	-1010.00	240.00	-0.73	0.12	-2.56
-20.00	-1040.00	210.00	-0.79	-0.12	-1.04	100.00	-860.00	-280.00	0.18	-0.91	-0.30	20.00	-1020.00	-80.00	-1.71	-0.24	-0.73	40.00	-1010.00	240.00	-0.91	0.12	-2.50
-10.00	-1040.00	210.00	-0.79	-0.12	-1.04	100.00	-860.00	-280.00	-0.06	-0.79	-0.67	20.00	-1020.00	-80.00	-1.16	0.79	-1.34	50.00	-1010.00	230.00	-0.91	0.06	-2.38
-10.00	-1040.00	210.00	-0.79	-0.12	-1.28	90.00	-860.00	-280.00	0.00	-0.91	-0.85	10.00	-1020.00	-90.00	-0.61	1.40	-1.65	50.00	-1010.00	230.00	-0.91	0.06	-2.38
-20.00	-1040.00	220.00	-0.79	-0.43	-1.65	90.00	-850.00	-280.00	0.00	-0.91	-0.85	20.00	-1010.00	-90.00	-0.24	1.59	-1.77	50.00	-1010.00	240.00	-1.10	-0.06	-1.89
-20.00	-1050.00	210.00	-0.79	-0.43	-1.65	100.00	-850.00	-280.00	-0.06	-1.10	-0.98	30.00	-1020.00	-90.00	-0.06	1.71	-1.89	40.00	-1010.00	250.00	-1.10	-0.06	-1.89
-10.00	-1050.00	210.00	-0.79	-0.61	-1.59	100.00	-850.00	-280.00	-0.18	-1.22	-1.16	30.00	-1010.00	-90.00	0.06	1.59	-1.83	40.00	-1010.00	250.00	-1.46	-0.06	-1.59
-10.00	-1040.00	210.00	-0.55	-1.46	-1.10	90.00	-860.00	-280.00	-0.73	-1.04	-1.46	30.00	-1020.00	-80.00	0.37	1.46	-1.65	50.00	-1010.00	240.00	-1.59	-0.06	-1.22
-20.00	-1040.00	200.00	-0.55	-1.46	-1.10	90.00	-860.00	-270.00	-0.73	-1.04	-1.46	30.00	-1020.00	-90.00	0.55	1.52	-1.46	50.00	-1010.00	240.00	-1.52	-0.18	-0.73
-20.00	-1040.00	210.00	-0.67	-1.40	-0.91	90.00	-860.00	-270.00	-0.91	-0.85	-1.83	30.00	-1020.00	-90.00	0.55	1.71	-1.28	50.00	-1010.00	240.00	-1.65	-0.18	-0.12
-10.00	-1050.00	210.00	-0.67	-1.34	-0.73	90.00	-860.00	-270.00	-1.22	-0.55	-1.46	40.00	-1020.00	-90.00	0.49	1.71	-1.10	50.00	-1010.00	240.00	-1.65	-0.18	-0.12
-0.00	-1050.00	210.00	-0.61	-1.59	-0.49	90.00	-860.00	-280.00	-1.22	-0.55	-1.46	30.00	-1020.00	-80.00	0.49	1.59	-0.91	40.00	-1010.00	240.00	-1.95	-0.18	0.30
-10.00	-1050.00	200.00	-0.67	-1.83	-0.18	100.00	-860.00	-280.00	-1.59	0.00	-0.85	30.00	-1020.00	-90.00	0.55	1.40	-0.73	50.00	-1010.00	240.00	-1.95	-0.18	0.30
-0.00	-1040.00	210.00	-0.73	-1.95	0.30	100.00	-860.00	-280.00	-1.89	0.30	-0.49	30.00	-1020.00	-80.00	0.55	1.71	-0.67	50.00	-1010.00	240.00	-2.13	-0.12	0.43
-10.00	-1040.00	200.00	-0.55	-2.20	0.49	110.00	-860.00	-270.00	-1.89	0.30	-0.49	40.00	-1020.00	-90.00	0.55	1.89	-0.73	50.00	-1010.00	240.00	-2.13	0.06	0.43
-10.00	-1040.00	200.00	-0.30	-2.68	0.79	100.00	-860.00	-270.00	-2.01	0.67	-0.24	30.00	-1020.00	-80.00	0.55	1.95	-0.79	50.00	-1010.00	240.00	-2.26	0.18	0.49
-10.00	-1050.00	210.00	-0.12	-2.56	0.67	100.00	-860.00	-270.00	-1.95	0.79	-0.18	30.00	-1020.00	-90.00	0.67	1.83	-0.67	50.00	-1010.00	240.00	-2.13	0.12	0.18
-0.00	-1040.00	210.00	0.00	-2.44	0.49	110.00	-870.00	-280.00	-1.77	0.73	-0.06	30.00	-1020.00	-80.00	0.67	1.40	-0.61	60.00	-1010.00	240.00	-2.13	0.12	0.18
-10.00	-1050.00	210.00	0.18	-2.32	0.43	110.00	-870.00	-280.00	-0.37	-0.24	-0.61	30.00	-1020.00	-80.00	0.43	1.46	-0.79	60.00	-1010.00	240.00	-2.13	0.24	0.24
-10.00	-1050.00	200.00	0.18	-1.95	0.37	110.00	-870.00	-270.00	-0.12	-0.43	-0.61	30.00	-1020.00	-80.00	0.49	1.40	-1.04	50.00	-1010.00	240.00	-1.71	0.30	-0.49
-0.00	-1040.00	200.00	0.37	-1.89	0.30	110.00	-870.00	-280.00	0.06	-0.61	-0.55	30.00	-1020.00	-80.00	0.49	1.16	-1.04	50.00	-1010.00	240.00	-1.10	0.43	-1.04
-0.00	-1040.00	200.00	0.43	-1.77	0.18	110.00	-860.00	-280.00	0.12	-0.61	-0.61	30.00	-1020.00	-80.00	0.61	0.98	-1.10	60.00	-1010.00	240.00	-0.91	0.18	-1.71
-10.00	-1040.00	200.00	0.79	-1.22	0.37	110.00	-860.00	-280.00	0.12	-0.61	-0.61	30.00	-1020.00	-80.00	0.61	0.85	-1.28	50.00	-1010.00	240.00	-0.91	0.18	-1.71
-10.00	-1050.00	200.00	0.79	-1.10	0.49	110.00	-860.00	-280.00	0.06	-0.61	-0.43	30.00	-1020.00	-80.00	0.73	0.79	-1.59	50.00	-1010.00	240.00	-0.79	0.24	-1.83
-10.00	-1050.00	200.00	0.85	-1.16	0.55	100.00	-860.00	-280.00	0.37	-1.22	0.00	30.00	-1020.00	-90.00	0.67	0.91	-1.65	50.00	-1010.00	240.00	-0.85	0.24	-1.83
-10.00	-1040.00	200.00	0.85	-1.16	0.55	100.00	-860.00	-280.00	0.12	-0.37	0.79	30.00	-1020.00	-80.00	0.91	0.98	-1.89	50.00	-1010.00	240.00	-0.79	0.18	-1.77
-0.00	-1040.00	200.00	0.91	-1.04	0.73	110.00	-860.00	-290.00	0.12	-0.37	0.79	30.00	-1020.00	-80.00	1.04	1.28	-2.20	50.00	-1010.00	240.00	-0.73	0.24	-1.65
-0.00	-1040.00	200.00	0.98	-0.85	0.85	110.00	-860.00	-280.00	-0.12	-0.06	0.73	30.00	-1020.00	-80.00	0.98	1.28	-2.38	50.00	-1010.00	240.00	-0.61	0.12	-1.52
-0.00	-1040.00	200.00	0.98	-0.85	0.85	110.00	-860.00	-280.00	-0.18	0.00	0.43	30.00	-1020.00	-80.00	0.79	0.98	-2.44	50.00	-1010.00	240.00	-0.55	-0.06	-1.52
-10.00	-1040.00	210.00	0.98	-0.85	0.85	110.00	-860.00	-280.00	0.18	-0.18	0.61	30.00	-1020.00	-80.00	0.61	0.79	-2.44	50.00	-1010.00	240.00	-0.18	-0.12	-1.10
-10.00	-1050.00	210.00	0.67	-0.67	0.85	110.00	-860.00	-280.00	0.18	-0.18	0.61	30.00	-1020.00	-90.00	0.49	0.85	-2.44	40.00	-1010.00	240.00	-0.30	0.00	-0.73
-10.00	-1050.00	200.00	0.67	-0.61	0.79	110.00	-860.00	-280.00	0.18	-0.06	0.85	40.00	-1020.00	-80.00	0.55	0.91	-2.38	50.00	-1010.00	230.00	-0.49	0.06	-0.30
-10.00	-1040.00	200.00	0.55	-0.30	0.79	100.00	-860.00	-280.00	0.24	-0.12	1.10	40.00	-1020.00	-80.00	0.67	0.61	-2.20	50.00	-1010.00	240.00	-0.24	0.06	1.34
-0.00	-1040.00	210.00	0.55	-0.30	0.79	100.00	-870.00	-270.00	0.30	0.00	1.16	30.00	-1020.00	-80.00	0.61	0.43	-2.07	50.00	-1010.00	230.00	-0.24	0.06	1.34
-0.00	-1040.00	210.00	0.43	0.00	1.04	100.00	-860.00	-280.00	0.18	0.06	1.28	40.00	-1010.00	-80.00	0.55	0.24	-2.13	50.00	-1010.00	230.00	-0.12	-0.49	1.65
-10.00	-1040.00	200.00	0.12	0.67	0.85	110.00	-860.00	-280.00	0.30	0.06	1.40	40.00	-1020.00	-70.00	0.37	0.61	-2.26	60.00	-1010.00	240.00	-0.12	-0.49	1.65
-10.00	-1040.00	200.00	0.12	0.67	0.85	100.00	-860.00	-280.00	0.30	0.06	1.40	40.00	-1020.00	-80.00	0.30	0.85	-2.32	50.00	-1010.00	240.00	0.12	-0.79	1.95
-0.00	-1040.00	210.00	0.00	0.79	0.79	120.00	-870.00	-270.00	0.24	0.06	1.52	30.00	-1020.00	-80.00	0.18	0.49	-2.20	50.00	-1010.00	240.00	0.18	-0.85	2.07
-0.00	-1040.00	210.00	0.06	0.91	0.43	120.00	-870.00	-270.00	0.24	0.06	1.40	40.00	-1020.00	-70.00	-0.12	0.18	-1.89	50.00	-1010.00	230.00	0.06	-0.91	2.13
-0.00	-1040.00	210.00	0.06	0.91	0.43	110.00	-860.00	-270.00	0.18	0.24	1.28	40.00	-1020.00	-80.00	-0.30	-0.06	-1.77	50.00	-1010.00	230.00	0.06	-1.22	2.26
-0.00	-1040.00	210.00	0.12	0.98	0.37	110.00	-860.00	-270.00	0.06	0.37	1.16	40.00	-1020.00	-80.00	-0.61	0.00	-1.59	60.00	-1010.00	240.00	0.06	-1.22	2.26
-10.00	-1040.00	210.00	-0.06	0.98	0.24	110.00	-860.00	-270.00	0.12	0.55	1.28	40.00	-1020.00	-80.00	-0.73	0.18	-1.40	60.00	-1010.00	240.00	0.18	-1.40	2.38
-10.00	-1040.00	210.00	0.12	0.98	0.30	110.00	-860.00	-280.00	0.06	0.67	1.10	40.00	-1020.00	-70.00	-1.04	0.12	-1.10	60.00	-1010.00	240.00	0.00	-1.16	1.71
-10.00	-1040.00	210.00	0.24	0.91	0.24	110.00	-860.00	-280.00	-0.06	0.73	0.73	40.00	-1020.00	-80.00	-1.22	-0.37	-0.79	50.00	-1020.00	240.00	0.00	-1.16	1.71
-10.00	-1040.00	200.00	0.24	0.91	0.24	100.00	-860.00	-270.00	-0.06	0.43	0.43	40.00	-1020.00	-80.00	-1.46	-0.30	-0.55	50.00	-1020.00	240.00	0.00	-1.16	1.71
-0.00	-1040.00	200.00	0.18	0.85	0.43	100.00	-860.00	-270.00	-0.06	0.43	0.43	40.00	-1030.00	-80.00	-1.40	-0.12	-0.49	60.00	-1010.00	230.00	-0.24	-1.10	1.16
-0.00	-1040.00	200.00	0.18	0.85	0.43	100.00	-860.00	-270.00	-0.06	0.43	0.43	50.00	-1020.00	-80.00	-1.46	0.06	-0.55	60.00	-1010.00	240.00	-0.18	-1.10	0.85
-0.00	-1050.00	200.00	0.30	0.67	0.55	110.00	-860.00	-270.00	-0.06	0.37	0.18	40.00	-1020.00	-80.00	-1.52	0.00	-0.55	60.00	-1010.00	240.00	-0.43	-1.04	0.06
-0.00	-1050.00	200.00	0.37	0.67	0.73	100.00	-870.00	-270.00	0.06	0.18	-0.12	40.00	-1020.00	-80.00	-1.52	0.06	-0.67	60.00	-1010.00	240.00	-0.43	-1.04	0.06
-10.00	-1040.00	200.00	0.61	0.30	1.04	100.00	-870.00	-270.00	-0.43	0.06	0.00	40.00	-1020.00	-80.00	-1.59	0.06	-0.67	50.00	-1010.00	240.00	-0.61	-0.79	0.12
-0.00	-1040.00	200.00	0.98	-0.67	1.65	100.00	-860.00	-270.00	-0.49	0.06	0.06	40.00	-1020.00	-80.00	-1.77	0.00	-0.67	50.00	-1010.00	240.00	-0.49	-0.73	0.06
-0.00	-1050.00	200.00	0.98	-0.67	1.65	100.00	-870.00	-270.00	-0.49	0.06	0.06	40.00	-1020.00	-90.00	-1.83	-0.06	-0.55	60.00	-1010.00	240.00	-0.49	-0.73	0.06
-0.00	-1040.00	200.00	1.59	-1.89	2.26	100.00	-860.00	-280.00	-0.49	0.18	0.12	40.00	-1030.00	-80.00	-1.95	-0.12	-0.49	50.00	-1010.00	240.00	-0.67	-0.55	0.37
-0.00	-1040.00	200.00	1.59	-1.89	2.26	100.00	-860.00	-280.00	-0.43	0.12	0.18	40.00	-1020.00	-80.00	-1.89	-0.30	-0.49	50.00	-1010.00	230.00	-0.67	-0.55	0.37
-0.00	-1050.00	210.00	1.59	-1.89	2.26	100.00	-850.00	-280.00	-0.43	0.00	0.24	40.00	-1020.00	-80.00	-1.89	-0.30	-0.49	50.00	-1010.00	240.00	-0.67	-0.61	0.49
-0.00	-1050.00	210.00	1.34	-1.65	2.01	110.00	-860.00	-270.00	-0.43	0.12	0.24	40.00	-1020.00	-80.00	-1.71	-0.30	-0.55	50.00	-1010.00	240.00	-0.67	-0.61	0.49
0.00	-1050.00	200.00	1.22	-1.65	0.73	110.00	-860.00	-280.00	-0.43	0.12	0.24	40.00	-1020.00	-80.00	-1.71	-0.30	-0.61	50.00	-1010.00	240.00	-0.91	-0.43	0.73
-0.00	-1040.00	200.00	1.22	-1.65	0.73	110.00	-860.00	-280.00	-0.37	0.30	0.18	40.00	-1020.00	-80.00	-1.77	0.06	-0.73	50.00	-1010.00	230.00	-0.91	-0.43	0.73
-0.00	-1040.00	210.00	1.22	-1.83	0.79	110.00	-860.00	-280.00	-0.43	0.37	0.24	40.00	-1020.00	-90.00	-1.46	0.24	-0.85	50.00	-1010.00	230.00	-0.85	-0.61	0.85
-10.00	-1040.00	210.00	1.16	-1.83	0.85	110.00	-860.00	-280.00	-0.49	0.24	0.24	40.00	-1020.00	-80.00	-1.10	0.24	-0.79	50.00	-1010.00	240.00	-0.79	-0.73	0.98
-10.00	-1050.00	210.00	0.55	-1.40	0.79	110.00	-860.00	-280.00	-0.24	0.12	0.06	40.00	-1020.00	-90.00	-1.10	0.24	-0.85	50.00	-1010.00	240.00	-0.91	-0.43	0.91
-10.00	-1040.00	210.00	0.55	-1.40	0.79	100.00	-860.00	-280.00	-0.12	-0.12	0.12	40.00	-1010.00	-90.00	-0.67	0.43	-1.04	50.00	-1010.00	240.00	-1.04	-0.61	1.22
-10.00	-1040.00	210.00	0.49	-1.34	0.73	100.00	-860.00	-270.00	-0.12	-0.12	0.12	40.00	-1020.00	-80.00	-0.30	0.43	-1.16	50.00	-1010.00	240.00	-1.04	-0.61	1.22
-10.00	-1050.00	210.00	0.49	-1.16	0.79	100.00	-870.00	-270.00	0.12	-0.30	-0.06	40.00	-1020.00	-90.00	-0.18	0.55	-1.22	50.00	-1010.00	240.00	-0.98	-0.61	1.40
-10.00	-1040.00	210.00	0.49	-1.16	0.79	100.00	-870.00	-270.00	0.30	-0.37	0.00	40.00	-1010.00	-80.00	0.18	0.43	-1.40	50.00	-1010.00	240.00	-1.04	-0.73	1.59
-0.00	-1040.00	220.00	0.43	-1.28	0.85	110.00	-860.00	-270.00	0.30	-0.37	0.00	40.00	-1010.00	-90.00	0.24	0.55	-1.52	50.00	-1010.00	240.00	-0.98	-0.73	1.65
-0.00	-1040.00	210.00	0.43	-1.28	0.85	110.00	-860.00	-270.00	0.43	-0.49	0.12	40.00	-1020.00	-90.00	0.30	0.49	-1.71	50.00	-1010.00	240.00	-0.85	-0.73	1.59
-10.00	-1040.00	200.00	0.43	-1.28	0.85	100.00	-860.00	-280.00	0.43	-0.49	0.12	40.00	-1010.00	-80.00	0.30	0.49	-1.89	50.00	-1010.00	240.00	-0.49	-0.61	0.79
-10.00	-1040.00	210.00	0.43	-1.28	0.85	110.00	-870.00	-280.00	0.43	-0.49	0.00	40.00	-1020.00	-90.00	0.24	0.61	-1.83	50.00	-1010.00	240.00	-0.43	-0.73	0.43
-0.00	-1050.00	210.00	0.43	-1.28	0.85	110.00	-870.00	-280.00	0.49	-0.67	-0.06	40.00	-1010.00	-90.00	0.43	0.73	-1.89	60.00	-1010.00	240.00	-0.12	-0.67	-0.06
-10.00	-1040.00	210.00	0.49	-0.73	0.67	100.00	-860.00	-280.00	0.61	-0.67	-0.12	40.00	-1020.00	-80.00	0.55	0.98	-1.89	60.00	-1010.00	240.00	-0.12	-0.67	-0.06
-10.00	-1040.00	210.00	0.98	-0.85	0.67	100.00	-860.00	-280.00	0.67	-0.79	-0.24	50.00	-1020.00	-80.00	0.49	0.79	-1.77	50.00	-1010.00	240.00	-0.12	-0.61	-0.24
-0.00	-1040.00	210.00	0.98	-0.85	0.67	110.00	-860.00	-270.00	0.67	-0.79	-0.24	40.00	-1020.00	-80.00	0.73	0.79	-1.65	50.00	-1010.00	240.00	0.12	-0.24	-0.37
-0.00	-1040.00	210.00	1.10	-0.85	0.73	110.00	-860.00	-270.00	0.67	-1.28	-0.49	50.00	-1020.00	-90.00	0.73	0.85	-1.59	50.00	-1010.00	230.00	0.06	-0.37	-0.55
-0.00	-1040.00	210.00	1.10	-0.85	0.73	110.00	-860.00	-270.00	0.67	-1.28	-0.49	40.00	-1020.00	-90.00	0.79	0.73	-1.59	60.00	-1010.00	240.00	0.24	-0.43	-0.43
-10.00	-1040.00	210.00	1.04	-0.43	0.55	100.00	-860.00	-280.00	0.91	-1.59	-0.49	50.00	-1010.00	-80.00	0.85	0.85	-1.59	50.00	-1010.00	240.00	0.24	-0.24	-0.37
-10.00	-1040.00	210.00	0.91	-0.30	0.61	100.00	-860.00	-280.00	0.85	-1.71	-0.49	40.00	-1020.00	-80.00	0.91	0.85	-1.59	50.00	-1000.00	240.00	0.18	-0.24	-0.55
-10.00	-1040.00	210.00	0.85	-0.18	0.55	110.00	-870.00	-280.00	0.85	-1.95	-0.37	50.00	-1020.00	-80.00	0.98	1.10	-1.46	50.00	-1010.00	240.00	0.30	-0.43	-0.55
-10.00	-1040.00	210.00	0.85	0.00	0.43	110.00	-870.00	-280.00	0.85	-2.01	-0.30	50.00	-1020.00	-90.00	0.79	1.28	-1.34	50.00	-1010.00	240.00	0.30	-0.30	-0.67
-10.00	-1040.00	210.00	0.67	0.18	0.30	110.00	-860.00	-280.00	0.85	-2.01	-0.30	40.00	-1020.00	-80.00	0.85	1.16	-1.16	40.00	-1010.00	240.00	0.30	-0.30	-0.67
-10.00	-1040.00	210.00	0.55	0.30	0.30	110.00	-860.00	-280.00	0.73	-2.07	-0.12	40.00	-1020.00	-80.00	0.85	1.46	-0.98	50.00	-1010.00	240.00	0.43	-0.49	-0.79
-10.00	-1040.00	210.00	0.55	0.61	0.43	110.00	-860.00	-280.00	0.73	-2.07	-0.12	50.00	-1020.00	-80.00	0.79	1.71	-0.79	50.00	-1010.00	240.00	0.55	-0.49	-0.73
-10.00	-1040.00	200.00	0.55	0.61	0.43	100.00	-860.00	-280.00	0.61	-1.95	0.00	50.00	-1020.00	-80.00	0.79	1.95	-0.49	50.00	-1010.00	230.00	0.61	-0.30	-0.73
-0.00	-1040.00	200.00	0.30	1.16	0.37	100.00	-860.00	-280.00	0.61	-1.95	0.00	50.00	-1020.00	-80.00	0.61	1.95	-0.18	50.00	-1010.00	230.00	0.61	-0.30	-0.73
-0.00	-1040.00	200.00	0.30	1.16	0.37	100.00	-870.00	-280.00	0.67	-2.01	0.12	50.00	-1020.00	-80.00	0.55	1.89	0.06	50.00	-1010.00	240.00	0.73	-0.30	-0.73
-10.00	-1040.00	210.00	0.24	1.52	0.49	100.00	-870.00	-280.00	0.55	-1.77	0.24	50.00	-1020.00	-80.00	0.55	1.59	0.43	50.00	-1010.00	240.00	0.73	-0.30	-0.73
-0.00	-1040.00	210.00	0.18	1.65	0.55	100.00	-860.00	-270.00	0.55	-1.77	0.24	50.00	-1020.00	-70.00	0.37	1.40	0.73	50.00	-1010.00	240.00	0.73	-0.24	-0.73
-0.00	-1040.00	210.00	0.12	1.95	0.61	110.00	-860.00	-280.00	0.43	-2.26	0.00	50.00	-1020.00	-80.00	0.30	1.46	1.10	50.00	-1010.00	240.00	0.79	-0.37	-0.67
-10.00	-1040.00	210.00	0.12	2.38	0.61	100.00	-870.00	-270.00	0.43	-2.26	0.00	50.00	-1010.00	-80.00	0.12	1.04	1.40	50.00	-1010.00	240.00	0.79	-0.12	-0.73
-0.00	-1040.00	210.00	0.12	2.38	0.61	110.00	-860.00	-270.00	0.18	-7.93	-2.68	50.00	-1020.00	-80.00	-0.06	0.85	1.59	50.00	-1010.00	240.00	0.67	-0.18	-0.67
-0.00	-1050.00	210.00	0.00	2.93	0.49	110.00	-860.00	-270.00	0.18	-7.93	-2.68	50.00	-1020.00	-80.00	-0.12	0.98	1.83	50.00	-1010.00	240.00	0.67	-0.18	-0.67
-0.00	-1050.00	210.00	0.00	2.99	0.55	110.00	-860.00	-270.00	-1.95	-18.54	-7.01	50.00	-1020.00	-80.00	-0.18	0.98	1.89	50.00	-1010.00	240.00	0.73	0.00	-0.55
-0.00	-1040.00	210.00	0.00	2.99	0.55	110.00	-860.00	-270.00	-2.32	-21.89	-10.06	40.00	-1020.00	-80.00	-0.12	1.10	1.89	50.00	-1010.00	240.00	0.73	0.00	-0.55
-0.00	-1040.00	210.00	0.06	7.62	-0.18	110.00	-860.00	-270.00	-1.83	-20.91	-10.00	40.00	-1020.00	-80.00	-0.18	0.85	1.95	50.00	-1010.00	240.00	0.73	0.12	-0.43
-0.00	-1050.00	200.00	1.34	19.76	-2.01	110.00	-860.00	-270.00	-1.83	-20.91	-10.00	40.00	-1020.00	-80.00	-0.18	0.73	2.01	50.00	-1010.00	240.00	0.73	0.12	-0.43
-0.00	-1050.00	210.00	1.34	19.76	-2.01	140.00	-900.00	-280.00	-0.91	-19.82	-9.57	50.00	-1020.00	-80.00	-0.12	1.04	1.77	50.00	-1010.00	230.00	-0.06	1.34	-0.55
-0.00	-1050.00	210.00	1.52	27.56	-4.45	130.00	-870.00	-280.00	-0.49	-19.02	-9.02	50.00	-1020.00	-80.00	-0.06	1.34	1.46	50.00	-1010.00	240.00	-0.49	2.62	-0.30
-0.00	-1040.00	210.00	1.52	27.56	-4.45	130.00	-870.00	-280.00	-0.49	-19.02	-9.02	40.00	-1020.00	-80.00	0.12	1.52	1.16	50.00	-1010.00	240.00	-0.49	2.62	-0.30
30.00	-1100.00	210.00	1.59	30.12	-4.94	100.00	-860.00	-280.00	-0.06	-16.89	-7.80	40.00	-1020.00	-80.00	0.18	1.59	0.91	50.00	-1000.00	250.00	-0.61	2.80	-0.12
30.00	-1100.00	210.00	1.52	29.09	-4.45	100.00	-860.00	-280.00	-0.06	-16.89	-7.80	40.00	-1020.00	-80.00	0.00	1.52	0.73	50.00	-1000.00	250.00	0.06	1.95	0.85
10.00	-1060.00	210.00	1.52	29.09	-4.45	100.00	-860.00	-280.00	0.18	-15.18	-6.89	40.00	-1020.00	-80.00	-0.12	1.65	0.43	50.00	-1010.00	240.00	0.18	1.95	1.10
0.00	-1020.00	200.00	1.65	28.05	-4.02	110.00	-860.00	-280.00	0.18	-15.18	-6.89	40.00	-1020.00	-80.00	0.00	1.34	0.24	50.00	-1010.00	240.00	0.18	1.95	1.10
0.00	-1060.00	210.00	1.46	23.96	-2.74	110.00	-860.00	-280.00	0.30	-12.26	-5.67	40.00	-1020.00	-80.00	-0.12	1.16	0.12	50.00	-1010.00	240.00	0.24	2.13	1.65
-10.00	-1030.00	200.00	0.85	17.13	-1.83	90.00	-860.00	-270.00	0.30	-12.26	-5.67	30.00	-1020.00	-80.00	-0.18	1.10	-0.06	50.00	-1010.00	240.00	0.43	2.50	1.71
-10.00	-1030.00	200.00	0.85	17.13	-1.83	90.00	-870.00	-270.00	0.67	-10.85	-5.00	40.00	-1020.00	-80.00	-0.12	1.22	-0.12	50.00	-1010.00	240.00	0.00	2.38	1.89
-0.00	-1030.00	210.00	0.85	11.89	-1.52	110.00	-870.00	-270.00	1.83	-9.63	-5.12	40.00	-1020.00	-80.00	-0.12	1.10	-0.12	60.00	-1010.00	240.00	0.00	0.00	7.01
-10.00	-1030.00	210.00	1.28	8.96	-1.28	100.00	-870.00	-270.00	1.83	-9.63	-5.12	40.00	-1020.00	-90.00	-0.12	1.04	-0.24	60.00	-1010.00	240.00	0.00	0.00	7.01
-30.00	-1030.00	220.00	1.28	8.96	-1.28	100.00	-870.00	-270.00	2.74	-8.48	-5.00	50.00	-1020.00	-80.00	-0.12	0.79	-0.18	50.00	-1010.00	250.00	0.18	-0.24	7.93
-30.00	-1030.00	220.00	2.01	6.95	-1.16	110.00	-860.00	-280.00	2.74	-8.48	-5.00	50.00	-1020.00	-80.00	-0.12	0.85	-0.24	50.00	-1010.00	250.00	0.85	-1.04	9.45
-20.00	-1040.00	210.00	3.72	4.21	-0.91	110.00	-860.00	-280.00	4.45	-7.87	-4.39	40.00	-1020.00	-80.00	-0.24	0.91	-0.18	50.00	-1010.00	240.00	0.85	-1.04	9.45
-10.00	-1050.00	210.00	3.72	4.21	-0.91	120.00	-860.00	-280.00	4.45	-7.87	-4.39	40.00	-1020.00	-80.00	-0.18	0.85	-0.12	50.00	-1010.00	240.00	0.85	-1.04	9.45
-10.00	-1050.00	210.00	6.83	-1.77	0.18	120.00	-860.00	-280.00	5.67	-8.17	-4.33	40.00	-1020.00	-80.00	-0.30	0.49	0.12	50.00	-1010.00	240.00	4.02	-2.56	13.41
-10.00	-1040.00	210.00	8.66	-3.72	2.13	100.00	-860.00	-290.00	6.71	-8.41	-4.33	40.00	-1020.00	-80.00	-0.49	0.43	0.24	50.00	-1010.00	240.00	4.70	-2.38	14.15
-20.00	-1050.00	200.00	8.66	-3.72	2.13	100.00	-860.00	-290.00	7.44	-7.74	-4.02	50.00	-1020.00	-70.00	-0.61	0.30	0.30	50.00	-1010.00	230.00	4.70	-2.38	14.15
-0.00	-1050.00	200.00	6.52	-4.15	9.15	120.00	-850.00	-290.00	8.11	-7.62	-3.54	50.00	-1020.00	-80.00	-0.73	0.18	0.43	50.00	-1010.00	250.00	5.49	-2.13	15.06
-0.00	-1050.00	200.00	6.40	-2.26	10.55	120.00	-850.00	-290.00	8.11	-7.62	-3.54	40.00	-1020.00	-80.00	-0.85	0.24	0.49	50.00	-1010.00	240.00	6.10	-1.95	15.73
0.00	-1050.00	210.00	6.40	-2.26	10.55	120.00	-850.00	-290.00	8.41	-5.91	-1.65	40.00	-1020.00	-80.00	-0.85	0.30	0.49	40.00	-1010.00	250.00	6.59	-1.65	16.28
10.00	-1040.00	210.00	6.52	-1.65	10.98	110.00	-850.00	-290.00	8.41	-5.91	-1.65	50.00	-1020.00	-80.00	-1.04	-0.12	0.67	40.00	-1010.00	240.00	7.07	-1.59	16.83
30.00	-1040.00	230.00	6.59	0.12	11.83	110.00	-850.00	-290.00	8.35	-4.70	0.00	40.00	-1020.00	-80.00	-1.04	0.06	0.79	40.00	-1010.00	250.00	7.62	-1.89	17.50
30.00	-1040.00	230.00	6.59	0.12	11.83	120.00	-860.00	-280.00	7.80	-2.74	1.89	40.00	-1020.00	-80.00	-0.98	0.06	0.79	40.00	-1010.00	250.00	8.17	-2.07	18.17
10.00	-1040.00	230.00	6.46	1.59	11.89	120.00	-860.00	-280.00	7.56	-1.77	3.48	40.00	-1020.00	-90.00	-0.98	-0.06	0.79	40.00	-1010.00	250.00	8.17	-2.07	18.17
-0.00	-1040.00	230.00	6.22	2.50	12.38	120.00	-860.00	-280.00	7.56	-1.77	3.48	40.00	-1020.00	-80.00	-1.16	0.12	0.85	30.00	-1020.00	240.00	9.02	-2.56	19.02
-0.00	-1040.00	230.00	6.04	2.74	13.11	140.00	-870.00	-270.00	7.62	-1.04	4.82	40.00	-1020.00	-80.00	-1.22	-0.12	0.98	30.00	-1010.00	250.00	9.51	-3.60	20.06
-0.00	-1040.00	230.00	4.70	3.84	15.67	130.00	-860.00	-270.00	8.11	-0.67	6.83	40.00	-1020.00	-80.00	-1.22	-0.12	0.98	30.00	-1010.00	250.00	11.83	-5.61	20.24
-0.00	-1040.00	230.00	4.09	4.39	16.52	130.00	-870.00	-270.00	8.11	-0.67	6.83	40.00	-1020.00	-80.00	-1.22	-0.12	1.04	20.00	-1010.00	240.00	13.11	-7.62	19.76
-10.00	-1040.00	230.00	3.41	5.06	17.93	130.00	-870.00	-270.00	9.57	-1.71	7.93	40.00	-1020.00	-90.00	-1.16	-0.12	0.98	20.00	-1010.00	250.00	13.11	-7.62	19.76
-10.00	-1040.00	230.00	2.56	5.79	19.15	120.00	-860.00	-280.00	10.43	-2.68	8.29	40.00	-1020.00	-80.00	-0.98	0.12	0.85	20.00	-1010.00	250.00	13.17	-8.05	18.96
-10.00	-1040.00	240.00	1.95	6.04	20.79	120.00	-860.00	-280.00	10.43	-2.68	8.29	40.00	-1020.00	-80.00	-0.91	0.30	0.79	20.00	-1010.00	250.00	13.17	-8.05	18.96
-0.00	-1050.00	240.00	1.40	6.40	22.13	120.00	-860.00	-280.00	11.40	-4.45	8.54	40.00	-1020.00	-90.00	-0.79	0.06	0.79	10.00	-1010.00	250.00	13.90	-8.96	17.87
-0.00	-1050.00	240.00	0.73	6.59	23.72	130.00	-860.00	-270.00	13.41	-5.67	9.33	40.00	-1020.00	-80.00	-0.67	-0.12	0.91	20.00	-1010.00	250.00	13.90	-8.96	17.87
-10.00	-1040.00	240.00	0.73	6.59	23.72	120.00	-860.00	-270.00	13.41	-5.67	9.33	40.00	-1020.00	-80.00	-0.67	-0.12	0.79	10.00	-1010.00	260.00	14.57	-9.94	17.62
-10.00	-1040.00	240.00	0.18	6.52	25.00	120.00	-860.00	-270.00	14.57	-6.22	10.24	40.00	-1020.00	-80.00	-0.55	-0.18	0.73	10.00	-1010.00	270.00	14.94	-10.18	16.89
-10.00	-1040.00	240.00	-0.18	5.79	26.22	110.00	-870.00	-270.00	15.43	-6.52	11.22	40.00	-1020.00	-90.00	-0.18	-0.12	0.55	-10.00	-1010.00	260.00	14.70	-10.49	15.61
-10.00	-1060.00	240.00	-0.43	4.51	27.87	120.00	-860.00	-270.00	16.34	-7.32	12.32	50.00	-1020.00	-80.00	-0.18	0.24	0.30	-30.00	-1000.00	280.00	15.18	-10.73	13.96
-20.00	-1050.00	240.00	-0.79	3.60	29.09	120.00	-860.00	-270.00	16.34	-7.32	12.32	40.00	-1020.00	-90.00	-0.12	0.12	0.12	-30.00	-1000.00	280.00	15.18	-10.73	13.96
-30.00	-1060.00	240.00	-1.52	2.32	30.18	110.00	-860.00	-260.00	17.50	-7.93	13.54	40.00	-1020.00	-80.00	0.06	0.12	0.00	-40.00	-1000.00	280.00	15.73	-10.43	10.06
-40.00	-1050.00	240.00	-3.29	-5.67	33.90	110.00	-870.00	-270.00	19.76	-9.09	16.22	40.00	-1010.00	-80.00	0.24	0.30	-0.18	-50.00	-1010.00	280.00	15.73	-10.43	10.06
-50.00	-1060.00	240.00	-3.29	-5.67	33.90	120.00	-860.00	-260.00	19.76	-9.09	16.22	40.00	-1020.00	-80.00	0.49	0.37	-0.24	-50.00	-1010.00	280.00	16.10	-12.32	4.45
-30.00	-1060.00	250.00	7.74	-40.49	75.49	120.00	-860.00	-260.00	19.76	-9.09	16.22	30.00	-1020.00	-80.00	0.55	0.37	-0.43	-40.00	-1010.00	280.00	16.10	-12.32	4.45
-30.00	-1060.00	250.00	13.35	-30.55	93.84	110.00	-870.00	-260.00	22.44	-10.12	19.76	30.00	-1020.00	-80.00	0.73	0.67	-0.49	-50.00	-990.00	280.00	15.49	-11.89	2.80
-40.00	-1080.00	250.00	13.35	-30.55	93.84	100.00	-880.00	-260.00	23.90	-10.91	21.52	40.00	-1020.00	-80.00	0.85	0.79	-0.43	-50.00	-990.00	280.00	14.57	-12.07	-0.49
-70.00	-1080.00	260.00	14.82	-24.09	101.65	100.00	-880.00	-260.00	23.90	-10.91	21.52	40.00	-1020.00	-80.00	0.85	0.61	-0.49	-50.00	-990.00	280.00	14.57	-12.07	-0.49
-60.00	-1180.00	290.00	11.40	-15.61	120.30	100.00	-880.00	-260.00	25.55	-12.38	23.35	40.00	-1020.00	-80.00	0.98	0.61	-0.49	-60.00	-1010.00	280.00	14.27	-12.07	-1.89
-40.00	-1190.00	280.00	11.40	-15.61	120.30	110.00	-860.00	-260.00	27.44	-14.15	25.12	40.00	-1020.00	-80.00	0.98	0.61	-0.55	-60.00	-1010.00	280.00	13.54	-11.83	-3.54
-40.00	-1190.00	280.00	8.72	-11.65	130.85	110.00	-870.00	-260.00	29.45	-15.98	27.01	40.00	-1010.00	-80.00	1.10	0.55	-0.55	-60.00	-1010.00	270.00	13.60	-11.95	-5.24
-40.00	-1210.00	300.00	11.40	-8.35	151.16	110.00	-870.00	-260.00	29.45	-15.98	27.01	40.00	-1020.00	-80.00	1.28	0.61	-0.49	-70.00	-1010.00	280.00	13.29	-11.28	-6.77
-30.00	-1240.00	320.00	11.40	-8.35	151.16	120.00	-870.00	-240.00	33.72	-19.76	31.04	40.00	-1020.00	-80.00	1.34	0.67	-0.49	-70.00	-1020.00	270.00	13.29	-11.28	-6.77
-30.00	-1240.00	320.00	15.30	-7.20	159.27	120.00	-880.00	-240.00	35.73	-21.65	33.35	40.00	-1020.00	-80.00	1.46	0.61	-0.55	-70.00	-1010.00	290.00	13.66	-9.45	-9.02
-80.00	-1200.00	340.00	20.67	-6.95	165.79	110.00	-880.00	-240.00	35.73	-21.65	33.35	40.00	-1020.00	-80.00	1.40	0.61	-0.49	-70.00	-1020.00	300.00	13.66	-9.45	-9.02
-80.00	-1210.00	350.00	24.88	-6.22	174.51	110.00	-880.00	-240.00	35.73	-21.65	33.35	40.00	-1020.00	-80.00	1.52	0.49	-0.49	-60.00	-1010.00	310.00	13.90	-8.84	-9.70
-80.00	-1210.00	350.00	28.90	-1.34	179.15	90.00	-890.00	-230.00	47.07	-31.28	44.57	40.00	-1020.00	-80.00	1.83	0.55	-0.43	-60.00	-1010.00	310.00	13.90	-8.84	-9.70
-70.00	-1270.00	330.00	28.90	-1.34	179.15	90.00	-890.00	-240.00	49.94	-32.87	47.68	40.00	-1020.00	-80.00	1.77	0.49	-0.43	-60.00	-1010.00	320.00	14.51	-6.83	-9.88
-50.00	-1250.00	320.00	30.55	12.87	174.39	90.00	-890.00	-240.00	55.30	-35.12	52.87	40.00	-1020.00	-80.00	1.77	0.43	-0.49	-60.00	-1000.00	320.00	14.51	-6.83	-9.88
-50.00	-1250.00	320.00	39.21	52.13	164.21	90.00	-890.00	-240.00	55.24	-36.40	55.85	50.00	-1020.00	-70.00	1.77	0.61	-0.55	-60.00	-1000.00	320.00	14.21	-3.78	-10.00
-60.00	-1340.00	250.00	39.21	52.13	164.21	100.00	-920.00	-220.00	55.24	-36.40	55.85	40.00	-1020.00	-80.00	1.95	0.61	-0.55	-60.00	-1000.00	320.00	16.46	1.52	-5.37
-60.00	-1340.00	250.00	-7.62	-25.06	40.43	100.00	-930.00	-210.00	55.24	-36.40	55.85	40.00	-1020.00	-90.00	2.01	0.79	-0.55	-60.00	-1000.00	320.00	16.46	1.52	-5.37
50.00	-1370.00	220.00	-7.62	-25.06	40.43	100.00	-930.00	-210.00	53.41	-31.83	66.46	40.00	-1020.00	-80.00	1.77	0.79	-0.55	-60.00	-990.00	320.00	16.34	8.54	-4.45
60.00	-1480.00	190.00	-9.15	-15.30	-2.01	80.00	-960.00	-190.00	51.95	-30.24	72.62	40.00	-1010.00	-80.00	1.89	0.61	-0.37	-60.00	-990.00	320.00	16.34	8.54	-4.45
-220.00	-1320.00	160.00	-9.88	-12.68	-15.85	50.00	-990.00	-170.00	51.95	-30.24	72.62	40.00	-1020.00	-80.00	1.95	0.49	-0.24	-50.00	-990.00	320.00	13.23	23.05	-7.20
-310.00	-1270.00	130.00	-9.88	-12.68	-15.85	60.00	-1010.00	-170.00	48.78	-32.68	82.44	40.00	-1020.00	-80.00	1.83	0.18	-0.30	-50.00	-1000.00	330.00	13.23	23.05	-7.20
-310.00	-1270.00	130.00	-10.85	-9.27	-44.94	60.00	-1010.00	-170.00	48.78	-32.68	82.44	40.00	-1020.00	-80.00	1.65	-0.37	-0.24	-50.00	-1000.00	330.00	9.57	36.22	-7.20
90.00	-660.00	200.00	-11.59	-4.27	-76.22	90.00	-1070.00	-200.00	48.66	-35.00	86.95	40.00	-1020.00	-70.00	1.40	-1.22	-0.06	-40.00	-1020.00	300.00	4.88	27.07	-8.90
90.00	-660.00	200.00	-11.59	-4.27	-76.22	100.00	-1100.00	-190.00	48.66	-35.00	86.95	40.00	-1020.00	-80.00	1.28	-1.71	0.24	-40.00	-1020.00	300.00	6.65	28.60	-3.90
-0.00	-580.00	220.00	-12.13	-3.05	-90.24	100.00	-1100.00	-190.00	48.96	-35.73	97.01	40.00	-1020.00	-80.00	1.16	-1.77	0.43	10.00	-1050.00	310.00	5.67	22.01	-1.40
-0.00	-580.00	220.00	-12.07	-2.38	-103.23	80.00	-1110.00	-160.00	48.66	-34.70	101.89	40.00	-1020.00	-80.00	1.28	-1.65	0.67	10.00	-1050.00	310.00	5.67	22.01	-1.40
10.00	-600.00	200.00	-11.83	-1.77	-115.67	80.00	-1100.00	-150.00	48.66	-34.70	101.89	50.00	-1020.00	-80.00	1.46	-1.46	0.98	20.00	-990.00	370.00	1.83	14.82	0.73
10.00	-620.00	200.00	-11.77	-0.73	-127.80	80.00	-1100.00	-150.00	47.26	-30.73	113.05	40.00	-1020.00	-80.00	1.52	-1.65	1.16	20.00	-990.00	370.00	1.83	14.82	0.73
10.00	-630.00	210.00	-11.77	-0.73	-127.80	80.00	-1100.00	-150.00	45.49	-32.87	120.55	40.00	-1020.00	-80.00	1.52	-1.65	1.22	0.00	-980.00	380.00	1.83	14.82	0.73
20.00	-650.00	210.00	-10.67	0.55	-176.95	50.00	-1090.00	-90.00	45.49	-32.87	120.55	40.00	-1020.00	-80.00	1.71	-1.71	1.46	90.00	-990.00	400.00	-0.06	13.41	2.20
20.00	-650.00	210.00	-10.67	0.55	-176.95	40.00	-1090.00	-70.00	43.96	-26.83	134.82	40.00	-1020.00	-80.00	1.89	-1.71	1.59	-70.00	-960.00	350.00	-1.52	14.15	2.26
30.00	-720.00	210.00	-9.88	5.12	-193.48	40.00	-1090.00	-70.00	43.96	-26.83	134.82	40.00	-1020.00	-70.00	2.01	-1.71	1.65	-10.00	-1000.00	350.00	-1.52	14.15	2.26
30.00	-720.00	210.00	-8.78	8.60	-198.54	50.00	-1080.00	-80.00	40.73	-21.71	138.90	40.00	-1020.00	-80.00	2.20	-1.65	1.52	-10.00	-1000.00	350.00	-2.26	14.63	2.87
20.00	-740.00	210.00	-8.23	14.15	-202.93	50.00	-1080.00	-80.00	40.73	-21.71	138.90	40.00	-1020.00	-80.00	2.20	-1.16	1.28	-20.00	-1010.00	370.00	-1.95	10.18	3.90
20.00	-780.00	210.00	1.22	41.34	-206.22	20.00	-1100.00	-110.00	36.28	-31.40	137.74	40.00	-1020.00	-70.00	1.95	-0.73	0.98	-20.00	-1010.00	370.00	-1.95	10.18	3.90
40.00	-910.00	230.00	1.22	41.34	-206.22	50.00	-1110.00	-160.00	36.28	-31.40	137.74	40.00	-1020.00	-80.00	1.89	-0.79	0.79	-20.00	-950.00	400.00	-1.77	7.44	4.39
40.00	-910.00	230.00	25.06	15.91	-167.13	50.00	-1110.00	-160.00	38.60	-27.68	138.66	30.00	-1020.00	-70.00	1.59	-0.49	0.79	-20.00	-980.00	400.00	-1.71	5.12	4.51
50.00	-1010.00	250.00	25.98	4.76	-158.23	20.00	-1130.00	-210.00	35.06	-35.30	134.21	30.00	-1020.00	-70.00	1.34	-0.79	1.10	-60.00	-940.00	390.00	-1.77	1.77	7.26
50.00	-1130.00	280.00	25.24	-8.48	-149.21	20.00	-1130.00	-210.00	35.06	-35.30	134.21	40.00	-1020.00	-80.00	1.10	-0.91	1.40	-60.00	-940.00	390.00	-1.95	1.34	7.68
-90.00	-1340.00	320.00	23.11	-22.32	-139.27	-50.00	-1190.00	-330.00	33.29	-20.98	128.66	30.00	-1020.00	-70.00	0.61	-1.22	1.65	-60.00	-940.00	390.00	-1.71	0.91	8.05
-150.00	-1440.00	300.00	19.70	-35.24	-127.38	-10.00	-1220.00	-320.00	33.29	-20.98	128.66	30.00	-1020.00	-60.00	0.24	-1.40	2.01	-40.00	-980.00	380.00	-1.46	0.18	8.54
-590.00	-1480.00	240.00	16.28	-45.43	-113.90	-10.00	-1220.00	-320.00	6.34	-38.48	34.94	40.00	-1020.00	-70.00	-0.24	-1.83	2.50	-40.00	-980.00	380.00	-1.10	-0.12	8.54
-590.00	-1480.00	240.00	12.87	-51.52	-100.73	-270.00	-940.00	-300.00	6.34	-38.48	34.94	40.00	-1030.00	-70.00	-0.49	-2.26	3.05	-50.00	-990.00	370.00	-1.10	-0.12	8.54
-600.00	-1310.00	220.00	12.87	-51.52	-100.73	-270.00	-940.00	-300.00	1.95	-28.17	13.84	40.00	-1030.00	-70.00	-0.98	-2.44	3.66	-40.00	-970.00	370.00	0.12	-2.20	9.63
-570.00	-1250.00	220.00	6.52	-51.83	-76.71	-120.00	-1190.00	-220.00	-6.59	-14.39	-11.40	40.00	-1030.00	-70.00	-1.22	-2.74	4.27	-50.00	-970.00	380.00	0.55	-3.41	10.67
-570.00	-1250.00	220.00	1.59	-39.70	-55.06	-120.00	-1190.00	-220.00	-6.59	-14.39	-11.40	40.00	-1030.00	-70.00	-1.22	-2.93	5.18	-50.00	-970.00	380.00	0.55	-3.41	10.67
-540.00	-1200.00	220.00	-3.41	-18.90	-35.43	-460.00	-900.00	-270.00	-12.07	-8.66	-23.66	30.00	-1020.00	-70.00	-1.22	-3.29	6.16	-50.00	-970.00	370.00	-1.40	-3.29	10.98
-520.00	-1160.00	240.00	-3.41	-18.90	-35.43	-460.00	-900.00	-270.00	-12.07	-8.66	-23.66	40.00	-1020.00	-70.00	-1.10	-3.66	7.13	-50.00	-980.00	370.00	1.52	-4.21	14.70
-510.00	-1110.00	240.00	-8.41	4.27	-16.04	-350.00	-930.00	-210.00	-22.13	7.62	-48.17	40.00	-1020.00	-70.00	-1.22	-4.02	8.11	-50.00	-980.00	360.00	2.01	-4.70	15.85
-510.00	-1110.00	240.00	-8.41	4.27	-16.04	-80.00	-730.00	-130.00	-22.13	7.62	-48.17	40.00	-1020.00	-70.00	-1.22	-4.45	9.33	-50.00	-980.00	360.00	2.01	-4.70	15.85
-450.00	-1050.00	260.00	-27.07	87.20	46.95	100.00	-550.00	-120.00	-26.95	16.46	-60.12	40.00	-1020.00	-70.00	-1.10	-4.88	10.37	-60.00	-980.00	360.00	2.20	-5.98	18.23
-430.00	-1000.00	260.00	-27.07	87.20	46.95	100.00	-550.00	-120.00	-35.73	29.27	-83.05	40.00	-1030.00	-70.00	-1.04	-5.12	11.59	-60.00	-970.00	370.00	2.13	-6.77	19.15
-430.00	-970.00	240.00	16.52	88.90	85.91	50.00	-550.00	-80.00	-35.73	29.27	-83.05	40.00	-1020.00	-70.00	-0.79	-5.43	12.68	-60.00	-970.00	370.00	2.13	-6.77	19.15
-440.00	-950.00	220.00	16.52	88.90	85.91	70.00	-560.00	-50.00	-35.73	29.27	-83.05	40.00	-1020.00	-70.00	-0.37	-5.49	13.60	-50.00	-970.00	390.00	1.89	-7.68	19.45
-450.00	-960.00	200.00	-18.84	7.50	13.78	70.00	-560.00	-50.00	-59.63	59.94	-147.68	30.00	-1020.00	-70.00	0.06	-5.30	14.51	-50.00	-970.00	390.00	2.07	-7.62	20.30
-450.00	-960.00	200.00	-18.84	7.50	13.78	40.00	-540.00	-60.00	-72.62	79.57	-166.65	30.00	-1020.00	-80.00	0.49	-5.24	15.61	-50.00	-970.00	330.00	2.74	-7.50	21.59
-830.00	-1230.00	-120.00	-13.41	-1.77	12.99	40.00	-560.00	-80.00	-72.62	79.57	-166.65	30.00	-1030.00	-80.00	1.04	-4.94	16.52	-50.00	-970.00	330.00	4.33	-7.62	25.55
1680.00	-1250.00	460.00	-11.10	-9.27	13.96	40.00	-560.00	-80.00	-76.59	88.23	-169.21	20.00	-1020.00	-70.00	1.65	-4.82	17.26	-50.00	-1020.00	320.00	4.33	-7.62	25.55
0.00	-1020.00	640.00	-16.16	-14.15	22.93	60.00	-570.00	-90.00	-80.67	99.33	-169.63	20.00	-1020.00	-70.00	2.07	-4.76	17.93	-70.00	-990.00	360.00	4.39	-7.13	27.13
0.00	-1020.00	640.00	-7.20	-22.32	26.52	60.00	-570.00	-90.00	-88.48	140.49	-163.35	20.00	-1020.00	-70.00	2.07	-4.57	18.41	-60.00	-990.00	360.00	4.63	-7.07	29.39
-0.00	-1070.00	170.00	-7.20	-22.32	26.52	90.00	-600.00	-100.00	-88.48	140.49	-163.35	20.00	-1030.00	-70.00	2.32	-4.76	19.21	-70.00	-990.00	370.00	4.88	-6.71	32.01
-0.00	-1070.00	170.00	-8.96	-13.48	27.50	90.00	-600.00	-100.00	-70.61	156.59	-157.74	10.00	-1020.00	-80.00	2.13	-5.24	20.18	-80.00	-1000.00	360.00	4.76	-5.37	34.33
40.00	-1060.00	280.00	-8.96	-13.48	27.50	90.00	-620.00	-110.00	-70.61	156.59	-157.74	0.00	-1030.00	-70.00	2.01	-5.24	20.79	-70.00	-1000.00	350.00	4.09	-0.98	38.17
80.00	-1010.00	320.00	-10.06	-6.52	27.62	90.00	-770.00	-160.00	-59.94	150.73	-154.02	0.00	-1020.00	-70.00	1.71	-5.49	21.46	-80.00	-1010.00	350.00	3.05	2.56	40.67
-10.00	-1100.00	150.00	-9.02	-5.91	27.74	40.00	-900.00	-180.00	-40.61	127.62	-145.61	10.00	-1020.00	-80.00	1.59	-5.85	22.32	-80.00	-1030.00	340.00	3.05	2.56	40.67
30.00	-1060.00	250.00	-5.91	-7.38	28.54	40.00	-900.00	-180.00	-40.61	127.62	-145.61	-0.00	-1030.00	-70.00	1.34	-8.78	23.35	-80.00	-1030.00	340.00	0.12	9.45	45.18
40.00	-1050.00	260.00	-5.91	-7.38	28.54	40.00	-960.00	-190.00	-33.11	113.78	-142.38	-0.00	-1020.00	-70.00	1.22	-7.68	24.21	-80.00	-1030.00	350.00	-0.61	15.61	47.26
30.00	-1050.00	230.00	-5.91	-7.38	28.54	20.00	-1110.00	-190.00	-27.20	97.93	-138.66	-10.00	-1020.00	-70.00	0.98	-6.16	24.51	-80.00	-1020.00	360.00	-0.61	15.61	47.26
30.00	-1050.00	230.00	-6.59	6.10	38.35	-100.00	-1270.00	-250.00	-15.43	23.48	-121.22	-10.00	-1030.00	-70.00	0.91	-7.44	25.73	-80.00	-1010.00	350.00	-2.20	23.96	50.37
-10.00	-1070.00	170.00	-7.01	6.65	38.66	-100.00	-1270.00	-250.00	-15.43	23.48	-121.22	30.00	-1030.00	-100.00	0.55	-6.59	25.91	-70.00	-1010.00	370.00	-2.20	23.96	50.37
-0.00	-1060.00	150.00	-6.52	4.94	42.62	-80.00	-1320.00	-260.00	-13.66	8.29	-113.05	-50.00	-1010.00	-50.00	0.67	-6.59	26.16	-70.00	-1010.00	370.00	-2.80	27.74	51.16
-20.00	-1060.00	150.00	-6.16	1.95	42.93	-110.00	-1330.00	-270.00	-12.20	-9.94	-93.11	-20.00	-1030.00	-70.00	0.98	-5.67	26.71	-90.00	-1010.00	360.00	-3.66	32.44	51.22
-20.00	-1060.00	150.00	-6.10	-4.02	43.84	-110.00	-1330.00	-270.00	-12.20	-9.94	-93.11	-40.00	-1040.00	-70.00	1.59	-6.59	27.68	-90.00	-1010.00	360.00	-6.77	39.70	55.98
-60.00	-1040.00	170.00	-5.73	-3.11	53.11	-180.00	-1300.00	-280.00	-12.20	-9.94	-93.11	-40.00	-1020.00	-70.00	1.28	-6.46	27.38	-90.00	-1010.00	380.00	-6.77	39.70	55.98
-60.00	-1080.00	180.00	-5.73	-3.11	53.11	-180.00	-1270.00	-260.00	-12.38	-6.28	-41.83	-40.00	-1050.00	-60.00	1.16	-8.23	26.89	-90.00	-1010.00	380.00	-9.82	42.80	62.26
-110.00	-1100.00	170.00	-5.37	-0.73	58.35	-180.00	-1270.00	-260.00	-12.44	2.56	-14.21	-50.00	-1030.00	-60.00	1.71	-8.23	26.77	-100.00	-1030.00	380.00	-11.22	43.78	67.01
-110.00	-1100.00	170.00	-5.37	-0.73	58.35	-190.00	-1190.00	-240.00	-13.29	6.04	-1.46	-40.00	-1030.00	-70.00	3.11	-9.57	27.26	-120.00	-1040.00	380.00	-13.66	44.39	72.32
-60.00	-1140.00	130.00	-1.46	-3.78	74.33	-210.00	-1080.00	-190.00	-13.29	6.04	-1.46	-60.00	-1020.00	-70.00	4.39	-6.65	26.89	-120.00	-1040.00	380.00	-16.04	44.45	78.23
-110.00	-1140.00	140.00	-0.06	-4.51	79.27	-260.00	-1050.00	-180.00	-11.22	11.28	33.72	-60.00	-1050.00	-80.00	5.79	-5.85	26.71	-160.00	-1030.00	390.00	-16.04	44.45	78.23
-140.00	-1110.00	230.00	3.60	-10.79	98.54	-290.00	-1010.00	-150.00	-11.22	11.28	33.72	-80.00	-1020.00	-70.00	7.93	-5.49	26.04	-140.00	-1040.00	370.00	-22.44	47.13	91.46
-140.00	-1130.00	210.00	3.60	-10.79	98.54	-300.00	-990.00	-130.00	-11.83	23.60	69.82	-80.00	-990.00	-60.00	10.06	-5.79	24.63	-140.00	-1050.00	370.00	-22.44	47.13	91.46
-150.00	-1160.00	190.00	9.02	-13.66	147.26	-300.00	-990.00	-130.00	-11.83	23.60	69.82	-70.00	-1020.00	-70.00	12.01	-5.12	22.32	-120.00	-1070.00	390.00	-26.77	65.61	109.33
-150.00	-1160.00	190.00	8.05	-14.57	158.11	-380.00	-900.00	-120.00	-4.51	12.38	108.60	-90.00	-1010.00	-70.00	14.15	-5.12	20.79	-120.00	-1070.00	390.00	-27.38	73.17	121.22
-150.00	-1190.00	180.00	9.27	-15.37	164.94	-390.00	-900.00	-150.00	-4.51	12.38	108.60	-100.00	-1010.00	-80.00	15.98	-2.56	19.33	-170.00	-1060.00	370.00	-23.23	75.98	136.22
-150.00	-1190.00	180.00	12.07	-40.55	198.41	-390.00	-900.00	-150.00	1.89	11.77	110.00	-120.00	-1010.00	-80.00	18.41	-2.32	18.84	-150.00	-1130.00	340.00	-18.17	73.48	149.21
-200.00	-1190.00	190.00	11.16	-42.26	229.21	-400.00	-900.00	-160.00	-10.12	9.09	94.88	-110.00	-1020.00	-80.00	18.54	-1.95	17.20	-150.00	-1130.00	340.00	23.29	138.72	201.65
-90.00	-1290.00	230.00	11.16	-42.26	229.21	-150.00	-760.00	-320.00	-44.63	21.40	45.12	-110.00	-1020.00	-90.00	18.11	-2.07	13.41	-120.00	-1170.00	370.00	23.29	138.72	201.65
-90.00	-1290.00	230.00	-46.59	46.95	238.96	-660.00	-800.00	-270.00	-34.82	-8.84	45.43	-110.00	-1020.00	-80.00	17.87	-1.46	9.63	-130.00	-1210.00	350.00	23.29	138.72	201.65
-90.00	-1370.00	310.00	-2.99	10.61	175.73	-660.00	-800.00	-270.00	-34.82	-8.84	45.43	-120.00	-1030.00	-70.00	18.23	-1.95	6.16	-130.00	-1210.00	350.00	5.49	111.22	58.60
-90.00	-1370.00	310.00	-2.99	10.61	175.73	-290.00	-940.00	-420.00	-27.38	5.24	41.77	-120.00	-1020.00	-70.00	18.84	-2.26	2.80	-90.00	-1230.00	360.00	5.49	111.22	58.60
130.00	-1480.00	300.00	26.71	-36.46	163.66	130.00	-660.00	-570.00	-22.56	7.62	36.83	-120.00	-1020.00	-50.00	19.15	-2.56	-0.37	-40.00	-1240.00	380.00	-9.02	-46.52	-8.35
-130.00	-1560.00	150.00	26.71	-36.46	163.66	-10.00	-1100.00	-10.00	-18.41	4.33	33.60	-120.00	-1030.00	-60.00	19.82	-1.95	-3.48	10.00	-1320.00	400.00	-7.32	-48.96	-15.91
-130.00	-1560.00	150.00	9.63	-128.23	44.94	-10.00	-1100.00	-10.00	-15.30	0.98	30.43	-120.00	-1010.00	-40.00	20.79	-0.91	-5.85	10.00	-1300.00	360.00	-2.26	-52.93	-78.11
-520.00	-1320.00	60.00	9.63	-128.23	44.94	50.00	-1390.00	-160.00	-12.20	-0.61	21.28	-130.00	-1030.00	-50.00	21.83	0.43	-7.99	110.00	-1330.00	450.00	-2.26	-52.93	-78.11
-760.00	-450.00	-130.00	33.29	-109.76	-6.04	70.00	-1080.00	-160.00	-12.20	-0.61	21.28	-150.00	-1020.00	-30.00	22.44	1.52	-9.94	110.00	-1330.00	450.00	3.78	-69.21	-122.68
-800.00	-420.00	-150.00	9.88	-35.61	-73.84	300.00	-890.00	-70.00	-12.20	-0.61	21.28	-130.00	-1010.00	-40.00	22.74	1.04	-12.38	140.00	-1340.00	440.00	3.78	-69.21	-122.68
-800.00	-420.00	-150.00	9.88	-35.61	-73.84	120.00	-810.00	-260.00	-4.94	-8.35	22.32	-130.00	-1020.00	-40.00	21.04	-0.55	-14.94	20.00	-1370.00	380.00	-2.26	-106.83	-200.79
-340.00	-1250.00	-160.00	3.78	-2.87	-86.34	120.00	-810.00	-260.00	-2.50	-10.37	23.78	-120.00	-1010.00	-40.00	21.04	-0.55	-14.94	230.00	-1070.00	450.00	-2.26	-106.83	-200.79
260.00	-790.00	20.00	-16.77	16.52	-148.11	40.00	-780.00	-400.00	-3.29	-7.38	27.68	-120.00	-1020.00	-40.00	19.57	-0.91	-15.61	230.00	-1070.00	450.00	0.73	-94.63	-229.33
400.00	-600.00	140.00	-16.77	16.52	-148.11	120.00	-760.00	-350.00	-3.29	-7.38	27.68	-110.00	-1010.00	-40.00	15.00	2.13	-14.94	-540.00	-640.00	170.00	2.20	-84.63	-255.85
340.00	-490.00	260.00	-14.57	40.98	-218.54	120.00	-760.00	-350.00	-1.46	-10.79	29.39	-110.00	-1020.00	-20.00	15.00	2.13	-14.94	-930.00	-810.00	260.00	2.20	-84.63	-255.85
240.00	-270.00	370.00	-16.28	40.18	-241.59	170.00	-850.00	-290.00	-0.18	-12.93	28.90	-100.00	-1040.00	-50.00	3.96	-22.07	-30.73	-390.00	-430.00	320.00	-17.68	-53.48	-256.28
40.00	-230.00	400.00	-18.11	33.48	-260.55	180.00	-900.00	-250.00	1.77	-16.10	28.84	-90.00	-1010.00	-60.00	-7.68	-42.01	-46.22	180.00	-500.00	200.00	-18.90	-43.17	-238.11
40.00	-230.00	400.00	-19.09	25.24	-278.41	180.00	-900.00	-250.00	3.78	-15.73	37.93	-70.00	-1070.00	-30.00	-6.40	-30.67	-37.26	230.00	-580.00	120.00	-11.34	-30.30	-197.56
120.00	-380.00	240.00	-19.09	25.24	-278.41	160.00	-840.00	-330.00	5.18	-20.12	39.51	-20.00	-1030.00	-30.00	-27.07	-43.35	-59.09	70.00	-480.00	140.00	-11.34	-30.30	-197.56
120.00	-380.00	240.00	-13.72	6.65	-290.37	150.00	-870.00	-300.00	5.18	-20.12	39.51	120.00	-900.00	-50.00	-18.35	-57.50	-60.37	10.00	-400.00	170.00	5.67	5.18	-128.05
-10.00	-450.00	220.00	-13.72	6.65	-290.37	140.00	-910.00	-260.00	6.04	-20.73	40.98	50.00	-920.00	-40.00	2.01	-11.28	-15.06	-10.00	-400.00	170.00	6.83	11.83	-91.83
20.00	-530.00	190.00	-11.28	1.83	-293.60	120.00	-880.00	-290.00	6.04	-20.73	40.98	-200.00	-1140.00	0.00	2.38	-12.13	-10.06	230.00	-640.00	120.00	1.10	-26.59	74.63
20.00	-530.00	190.00	-6.22	-3.11	-295.18	90.00	-850.00	-330.00	6.40	-21.71	41.34	320.00	-650.00	-180.00	-0.73	-17.26	-12.68	230.00	-640.00	120.00	1.10	-26.59	74.63
100.00	-650.00	170.00	3.96	-6.22	-302.74	90.00	-850.00	-330.00	7.32	-29.76	41.16	-350.00	-1280.00	150.00	-3.66	-18.54	-10.55	200.00	-750.00	150.00	20.55	-12.56	101.59
110.00	-730.00	200.00	14.94	5.06	-303.29	90.00	-840.00	-320.00	7.68	-32.38	41.10	-140.00	-1300.00	-10.00	-1.10	-7.99	-0.91	200.00	-750.00	150.00	16.40	-14.39	120.79
120.00	-800.00	220.00	19.45	9.76	-297.50	70.00	-850.00	-310.00	9.76	-35.18	48.23	-30.00	-930.00	50.00	-1.65	-6.83	-1.16	90.00	-890.00	210.00	32.13	-15.67	144.39
120.00	-800.00	220.00	24.45	11.40	-284.51	50.00	-880.00	-300.00	8.66	-32.20	51.10	-50.00	-1110.00	10.00	-2.13	-6.40	-1.95	-1010.00	-1860.00	640.00	30.00	-41.95	137.80
70.00	-890.00	250.00	31.52	11.46	-270.37	30.00	-880.00	-310.00	8.48	-30.43	53.90	-160.00	-1030.00	110.00	-1.77	-4.76	-1.34	-1010.00	-1860.00	640.00	30.00	-41.95	137.80
40.00	-1160.00	350.00	36.10	9.63	-270.55	30.00	-890.00	-300.00	8.29	-28.84	56.71	-100.00	-1090.00	40.00	-2.01	-2.99	0.43	-1150.00	-1580.00	740.00	17.44	-73.05	122.80
0.00	-1410.00	390.00	33.48	4.88	-284.15	30.00	-900.00	-300.00	8.48	-28.66	59.39	-80.00	-1040.00	30.00	-2.32	-2.93	1.59	-1150.00	-1420.00	730.00	21.28	-47.50	78.41
0.00	-1410.00	390.00	31.89	-0.30	-292.01	30.00	-930.00	-310.00	15.49	-34.21	76.77	-70.00	-1050.00	0.00	-2.80	-2.50	2.68	-1150.00	-1420.00	730.00	21.28	-47.50	78.41
-120.00	-1770.00	340.00	28.11	-4.63	-282.44	30.00	-910.00	-340.00	20.06	-42.13	82.44	-60.00	-1040.00	10.00	-2.93	-1.34	3.84	-1300.00	-1160.00	300.00	12.26	-43.35	70.85
-390.00	-1860.00	260.00	29.39	-5.91	-269.63	-10.00	-900.00	-330.00	20.06	-42.13	82.44	-90.00	-1050.00	10.00	-3.35	0.00	4.82	-1450.00	-970.00	220.00	16.89	-31.34	72.56
-390.00	-1860.00	260.00	30.06	-9.88	-250.30	-60.00	-960.00	-240.00	27.32	-46.71	90.67	-50.00	-1030.00	-10.00	-3.72	0.91	5.73	-1080.00	-1070.00	390.00	13.96	-24.15	65.49
-530.00	-1950.00	210.00	29.15	-17.32	-227.26	-60.00	-960.00	-240.00	27.32	-46.71	90.67	-60.00	-1040.00	10.00	-3.96	1.28	6.52	-1080.00	-1070.00	390.00	13.78	-19.21	58.90
-700.00	-2000.00	230.00	25.24	-26.16	-203.35	-50.00	-970.00	-260.00	31.34	-44.51	97.38	-60.00	-1030.00	10.00	-4.02	2.01	7.38	200.00	-1550.00	260.00	14.02	-17.20	54.09
-810.00	-1980.00	270.00	19.51	-33.78	-179.27	-50.00	-970.00	-260.00	33.41	-46.34	105.06	-60.00	-1040.00	-0.00	-4.21	2.32	8.11	-650.00	-1280.00	550.00	15.73	-15.79	38.72
-810.00	-1980.00	270.00	14.45	-35.18	-153.90	-60.00	-980.00	-290.00	34.27	-50.85	113.41	-60.00	-1040.00	-0.00	-4.45	2.07	8.72	-650.00	-1280.00	550.00	10.55	-5.85	38.60
-910.00	-1840.00	160.00	0.30	-3.54	-74.57	-60.00	-980.00	-290.00	37.38	-55.12	121.16	-60.00	-1040.00	-0.00	-4.63	1.46	9.33	-1220.00	-1330.00	820.00	10.55	-5.85	38.60
-980.00	-1720.00	100.00	-17.87	23.41	-0.79	-40.00	-990.00	-300.00	37.38	-55.12	121.16	-40.00	-1040.00	-10.00	-5.06	0.67	10.30	-200.00	-1140.00	420.00	11.22	-5.12	35.98
-980.00	-1720.00	100.00	-17.87	23.41	-0.79	-50.00	-1020.00	-250.00	46.95	-70.43	134.57	-60.00	-1040.00	-0.00	-6.10	0.06	11.59	200.00	-850.00	220.00	11.22	-5.12	35.98
-1050.00	-1590.00	120.00	-32.50	54.88	66.59	-50.00	-1020.00	-250.00	46.95	-70.43	134.57	-60.00	-1030.00	-0.00	-6.95	-0.98	12.87	190.00	-950.00	470.00	9.39	0.91	33.11
-1060.00	-1430.00	140.00	-34.88	72.68	119.88	-20.00	-1080.00	-280.00	51.65	-85.61	140.12	-70.00	-1030.00	-10.00	-7.93	-1.65	12.50	150.00	-870.00	510.00	9.39	0.91	33.11
-1060.00	-1430.00	140.00	-33.84	22.74	70.00	20.00	-1080.00	-340.00	57.26	-101.34	147.38	-60.00	-1030.00	-10.00	-7.26	0.67	12.68	20.00	-880.00	390.00	7.74	5.67	32.68
-1110.00	-1100.00	120.00	-33.84	22.74	70.00	20.00	-1080.00	-340.00	62.32	-114.76	157.80	-60.00	-1030.00	10.00	-5.67	3.66	13.41	80.00	-1020.00	380.00	8.05	6.52	32.74
-980.00	-1120.00	120.00	-33.84	22.74	70.00	80.00	-1110.00	-210.00	62.44	-125.06	185.79	-60.00	-1040.00	10.00	-4.70	4.76	13.72	80.00	-1020.00	380.00	8.05	6.52	32.74
610.00	-1890.00	-240.00	-5.79	-13.35	29.57	80.00	-1110.00	-210.00	68.41	-126.04	209.57	-60.00	-1040.00	10.00	-4.88	3.35	14.45	60.00	-970.00	350.00	9.51	5.85	33.84
610.00	-1890.00	-240.00	-6.46	-16.28	24.51	120.00	-1130.00	-240.00	44.45	-115.91	132.20	-70.00	-1040.00	-50.00	-5.24	1.59	15.49	60.00	-1010.00	340.00	9.51	5.85	33.84
1650.00	-1190.00	890.00	-6.46	-16.28	24.51	220.00	-1130.00	-240.00	44.45	-115.91	132.20	-100.00	-1060.00	-40.00	-5.67	0.73	16.34	50.00	-1000.00	360.00	9.63	5.24	34.82
-970.00	-1110.00	70.00	-3.72	-19.21	24.02	270.00	-1200.00	-250.00	12.62	-124.70	48.35	-60.00	-1030.00	-60.00	-5.61	1.22	17.44	20.00	-1000.00	370.00	9.21	4.82	35.55
-970.00	-1110.00	70.00	-1.83	-17.20	22.56	300.00	-1150.00	-220.00	-40.67	-110.73	-12.13	-70.00	-1040.00	-50.00	-5.55	2.68	18.23	10.00	-990.00	370.00	4.94	-0.61	35.24
80.00	-1030.00	240.00	-4.33	-5.12	28.05	300.00	-1150.00	-220.00	-40.67	-110.73	-12.13	-60.00	-1030.00	-40.00	-5.49	4.09	19.15	-0.00	-990.00	370.00	-8.23	-30.00	22.07
30.00	-1030.00	330.00	-4.33	-5.12	28.05	330.00	-1140.00	-310.00	-37.50	-48.05	-57.99	-70.00	-1030.00	-30.00	-6.04	4.45	20.30	-0.00	-990.00	370.00	-8.23	-30.00	22.07
20.00	-1080.00	170.00	-6.10	-2.13	29.09	-80.00	-1190.00	-540.00	-37.50	-48.05	-57.99	-80.00	-1040.00	-20.00	-6.52	4.63	21.52	10.00	-980.00	410.00	7.87	7.07	41.83
30.00	-1060.00	190.00	-7.68	0.49	30.37	-160.00	-1400.00	-730.00	-28.48	-17.80	-63.35	-90.00	-1040.00	-20.00	-10.06	-5.37	38.72	-20.00	-980.00	390.00	7.87	7.07	41.83
30.00	-1060.00	190.00	-11.16	3.90	29.57	-160.00	-1400.00	-730.00	-27.80	22.99	-96.89	-90.00	-1040.00	-20.00	-10.06	-5.37	38.72	-20.00	-980.00	390.00	9.94	12.44	43.54
20.00	-1050.00	220.00	-12.38	5.12	28.54	-240.00	-660.00	-160.00	-27.80	22.99	-96.89	-90.00	-1050.00	-20.00	-10.73	-6.16	40.61	-40.00	-980.00	390.00	9.94	12.44	43.54
-10.00	-1040.00	200.00	-12.38	5.12	28.54	-580.00	-1140.00	-410.00	-48.66	75.37	-142.38	-90.00	-1040.00	-20.00	-10.98	-6.95	45.12	-30.00	-980.00	400.00	8.60	18.11	43.11
-10.00	-1040.00	200.00	-10.91	8.78	27.38	-580.00	-1140.00	-410.00	-55.18	94.82	-182.44	-100.00	-1040.00	-30.00	-10.98	-6.95	45.12	-40.00	-980.00	410.00	8.60	18.11	43.11
-20.00	-1030.00	210.00	-10.00	9.15	28.84	-50.00	-320.00	-270.00	-55.18	94.82	-182.44	-90.00	-1040.00	-50.00	-11.77	-6.10	46.65	-30.00	-980.00	410.00	6.46	21.52	45.24
-30.00	-1050.00	190.00	-10.00	9.15	28.84	-50.00	-340.00	-140.00	-60.49	94.09	-200.61	-110.00	-1060.00	-40.00	-11.77	-6.10	46.65	-30.00	-980.00	410.00	6.59	24.76	48.17
-40.00	-1030.00	180.00	-9.45	8.96	30.61	30.00	-360.00	130.00	-60.49	94.09	-200.61	-140.00	-1070.00	-60.00	-13.11	-6.22	51.71	-180.00	-930.00	260.00	6.95	26.59	49.82
-30.00	-1050.00	150.00	-9.27	8.60	31.95	20.00	-500.00	160.00	-68.72	88.66	-233.78	-140.00	-1070.00	-60.00	-13.11	-6.22	51.71	-180.00	-930.00	260.00	7.93	29.94	51.65
-60.00	-1040.00	140.00	-8.84	10.00	39.51	10.00	-430.00	70.00	-69.09	84.76	-240.91	-140.00	-1070.00	-50.00	-12.44	-5.85	54.76	90.00	-940.00	420.00	7.80	32.74	53.54
-70.00	-1050.00	140.00	-7.87	9.45	44.15	10.00	-310.00	30.00	-69.09	84.76	-240.91	-170.00	-1080.00	-60.00	-12.44	-5.43	59.63	-120.00	-990.00	360.00	7.80	32.74	53.54
-80.00	-1070.00	150.00	-7.87	9.45	44.15	10.00	-310.00	30.00	-73.41	80.73	-250.43	-170.00	-1080.00	-60.00	-12.44	-5.43	59.63	-70.00	-1000.00	400.00	6.46	38.78	56.83
-70.00	-1080.00	170.00	-6.28	0.55	52.44	120.00	-450.00	-10.00	-78.54	77.93	-260.06	-150.00	-1110.00	-60.00	-16.34	3.54	55.91	-70.00	-1000.00	400.00	6.46	38.78	56.83
-80.00	-1100.00	190.00	-6.28	0.55	52.44	150.00	-460.00	-40.00	-84.70	82.13	-267.20	-170.00	-1100.00	-70.00	-16.52	3.66	57.74	-90.00	-980.00	440.00	5.43	42.13	58.84
-60.00	-1130.00	180.00	-6.28	-1.65	63.23	150.00	-460.00	-40.00	-90.67	89.45	-272.20	-170.00	-1100.00	-70.00	-16.52	3.66	57.74	-90.00	-960.00	430.00	3.96	45.49	60.91
-60.00	-1130.00	180.00	-6.28	-1.65	63.23	210.00	-540.00	-120.00	-101.22	117.62	-270.91	-190.00	-1070.00	-40.00	-27.74	0.73	74.09	-130.00	-980.00	460.00	-3.17	59.94	72.20
-80.00	-1090.00	160.00	3.35	-24.02	193.11	210.00	-540.00	-120.00	-101.22	117.62	-270.91	-190.00	-1070.00	-40.00	-30.55	1.95	79.15	-130.00	-980.00	460.00	-3.17	59.94	72.20
-90.00	-1140.00	130.00	2.68	-30.00	214.63	240.00	-620.00	-140.00	-94.15	150.12	-241.40	-180.00	-1110.00	-50.00	-30.55	1.95	79.15	-120.00	-1070.00	420.00	-6.04	60.24	75.49
-120.00	-1160.00	170.00	3.05	-32.38	227.80	150.00	-750.00	-150.00	-84.82	162.62	-247.80	-160.00	-1130.00	-30.00	-38.66	22.93	111.46	-120.00	-1070.00	420.00	-9.88	71.77	84.33
-90.00	-1210.00	220.00	11.95	-58.48	218.29	100.00	-850.00	-140.00	-84.82	162.62	-247.80	-160.00	-1130.00	-30.00	-40.79	23.29	120.67	-130.00	-1110.00	390.00	-9.88	71.77	84.33
-100.00	-1150.00	230.00	11.95	-58.48	218.29	100.00	-850.00	-140.00	-75.43	158.41	-255.98	-210.00	-1120.00	-80.00	-40.79	23.29	120.67	-180.00	-1080.00	390.00	-9.88	71.77	84.33
-90.00	-1300.00	280.00	9.33	-11.83	208.05	70.00	-900.00	-120.00	-67.68	145.79	-258.78	-180.00	-1280.00	-110.00	-46.04	12.20	140.43	-180.00	-1080.00	390.00	-11.59	100.06	129.21
-90.00	-1300.00	280.00	9.33	-11.83	208.05	-10.00	-1210.00	-150.00	-60.43	135.18	-257.50	-160.00	-1320.00	-110.00	-48.66	3.23	151.65	-190.00	-1110.00	390.00	-11.59	100.06	129.21
-110.00	-1250.00	310.00	-20.85	26.71	161.10	-10.00	-1210.00	-150.00	-53.41	128.17	-252.56	-160.00	-1320.00	-110.00	-48.66	3.23	151.65	-180.00	-1100.00	400.00	18.78	127.13	181.95
-110.00	-1250.00	310.00	-9.70	26.59	136.46	-270.00	-1600.00	-370.00	-53.41	128.17	-252.56	-160.00	-1350.00	-60.00	-50.67	-2.99	161.04	-180.00	-1090.00	410.00	18.78	127.13	181.95
-210.00	-1120.00	190.00	-11.10	37.07	129.33	-370.00	-1630.00	-440.00	-33.11	76.04	-194.51	50.00	-1450.00	30.00	-58.05	3.29	178.78	-180.00	-1090.00	420.00	56.40	199.39	191.83
-240.00	-1160.00	170.00	2.68	33.90	127.56	-320.00	-1730.00	-460.00	-33.11	76.04	-194.51	90.00	-1440.00	50.00	-58.05	3.29	178.78	-180.00	-1090.00	420.00	49.45	199.33	112.13
-410.00	-1000.00	150.00	2.68	-0.98	100.67	-410.00	-1750.00	-480.00	-33.60	-0.30	101.59	80.00	-1480.00	10.00	-62.56	17.07	186.34	-210.00	-1090.00	370.00	49.45	199.33	112.13
-410.00	-1000.00	150.00	5.00	-53.17	46.40	-410.00	-1750.00	-480.00	-33.60	-0.30	101.59	90.00	-1440.00	-0.00	-70.00	12.50	192.93	-210.00	-1140.00	370.00	56.16	211.10	85.24
-490.00	-950.00	70.00	13.17	-86.10	6.95	-580.00	-1760.00	-410.00	-35.73	1.04	75.98	90.00	-1440.00	-0.00	-64.82	25.73	210.18	-130.00	-1160.00	400.00	28.41	36.16	13.11
-1020.00	-620.00	180.00	4.33	-64.27	-75.24	-580.00	-1760.00	-410.00	-40.00	23.17	74.02	0.00	-1400.00	0.00	-64.82	25.73	210.18	-100.00	-1200.00	360.00	28.41	36.16	13.11
-1020.00	-620.00	180.00	-8.48	-32.07	-133.23	-550.00	-1730.00	-390.00	-40.00	23.17	74.02	-250.00	-1520.00	-40.00	-58.35	23.96	217.68	-100.00	-1270.00	310.00	15.00	-48.54	-31.77
-960.00	-400.00	-50.00	-8.48	-32.07	-133.23	-530.00	-1690.00	-390.00	-32.80	49.33	73.60	-100.00	-1550.00	30.00	-67.62	30.49	212.50	-100.00	-1270.00	310.00	15.12	-58.54	-42.38
-30.00	-710.00	-40.00	-8.48	-32.07	-133.23	-700.00	-1470.00	-360.00	-22.38	13.90	63.96	-100.00	-1550.00	30.00	-67.62	30.49	212.50	140.00	-1340.00	350.00	15.12	-58.54	-42.38
-30.00	-710.00	-40.00	-1.28	1.52	-234.21	220.00	-1160.00	-110.00	-22.38	13.90	63.96	-330.00	-1640.00	-140.00	-65.73	-0.30	195.79	180.00	-1380.00	350.00	13.11	-62.93	-55.98
100.00	-660.00	-20.00	-1.28	1.52	-234.21	180.00	-990.00	-360.00	-22.38	13.90	63.96	-340.00	-1570.00	60.00	-39.45	18.11	189.94	60.00	-1310.00	370.00	7.26	-56.52	-113.17
210.00	-290.00	320.00	0.55	3.17	-245.79	-320.00	-1130.00	-510.00	-22.38	13.90	63.96	-340.00	-1570.00	60.00	-22.01	38.23	192.87	120.00	-1510.00	480.00	11.34	-92.68	-180.98
120.00	-290.00	430.00	3.23	13.54	-271.40	-690.00	-930.00	-510.00	-10.12	5.06	30.24	-40.00	-1270.00	20.00	-22.01	38.23	192.87	-120.00	-1060.00	380.00	11.34	-92.68	-180.98
120.00	-290.00	430.00	3.23	13.54	-271.40	420.00	-590.00	-390.00	-9.57	6.10	30.98	-170.00	-960.00	-50.00	-14.63	60.73	109.39	-120.00	-1060.00	380.00	4.02	-114.94	-219.02
110.00	-500.00	310.00	4.76	23.90	-280.91	420.00	-590.00	-390.00	-9.57	6.10	30.98	-170.00	-960.00	-50.00	-21.34	89.21	63.17	-140.00	-1040.00	360.00	-1.46	-105.61	-276.46
80.00	-600.00	270.00	9.21	35.73	-285.30	100.00	-950.00	-220.00	-11.89	9.63	31.71	-240.00	-1100.00	90.00	-13.35	76.52	2.01	-400.00	-600.00	100.00	-1.46	-105.61	-276.46
90.00	-700.00	260.00	14.02	47.26	-286.89	-40.00	-770.00	-360.00	-11.89	9.88	30.12	-390.00	-210.00	110.00	-7.01	38.11	-30.12	-400.00	-600.00	100.00	-4.88	-103.23	-294.21
80.00	-770.00	260.00	14.02	47.26	-286.89	-40.00	-770.00	-360.00	-11.89	9.88	30.12	-390.00	-210.00	110.00	-0.24	9.63	-47.93	-150.00	-250.00	390.00	-6.83	-111.34	-302.56
70.00	-850.00	300.00	17.50	52.01	-295.49	-40.00	-770.00	-360.00	-11.10	9.70	27.99	-480.00	-690.00	60.00	40.55	-26.40	-90.12	200.00	-440.00	110.00	-6.83	-111.34	-302.56
30.00	-930.00	330.00	11.89	56.16	-325.67	200.00	-830.00	-300.00	-9.21	8.72	25.55	380.00	-580.00	170.00	40.55	-26.40	-90.12	230.00	-490.00	10.00	-7.26	-139.39	-314.39
30.00	-930.00	330.00	31.89	47.44	-296.16	200.00	-910.00	-250.00	-6.71	6.40	23.35	380.00	-580.00	170.00	62.38	-31.40	-156.16	180.00	-420.00	-40.00	-7.26	-139.39	-314.39
10.00	-1030.00	330.00	26.46	47.07	-258.66	180.00	-950.00	-200.00	-4.51	4.45	21.89	360.00	-730.00	90.00	67.32	-32.01	-177.44	20.00	-360.00	90.00	-9.51	-155.30	-316.83
-890.00	-1040.00	370.00	42.38	25.18	-203.96	170.00	-930.00	-210.00	-2.80	2.68	20.67	250.00	-320.00	-10.00	67.32	-32.01	-177.44	20.00	-360.00	90.00	-9.51	-155.30	-316.83
-510.00	-1450.00	170.00	3.17	-10.61	-2.07	170.00	-900.00	-240.00	-1.77	2.50	20.43	140.00	-280.00	30.00	77.01	-29.94	-211.10	-50.00	-310.00	90.00	-27.38	-144.57	-318.11
-550.00	-1520.00	60.00	3.17	-10.61	-2.07	150.00	-860.00	-290.00	-1.77	2.50	20.43	140.00	-330.00	100.00	79.82	-25.00	-224.94	120.00	-490.00	70.00	-27.38	-144.57	-318.11
