LLACx	LLACy	LLACz	LLGYx	LLGYy	LLGYz	LMACx	LMACy	LMACz	LMGYx	LMGYy	LMGYz	RLACx	RLACy	RLACz	RLGYx	RLGYy	RLGYz	RMACx	RMACy	RMACz	RMGYx	RMGYy	RMGYz
10.00	-1050.00	230.00	-15.79	-15.49	7.32	120.00	-860.00	-290.00	-7.68	-3.35	-1.46	-460.00	-1080.00	-110.00	23.17	19.94	-70.55	-570.00	-1170.00	190.00	-0.43	52.32	-5.24
70.00	-1020.00	280.00	0.79	-2.93	1.89	210.00	-870.00	-220.00	0.12	1.46	1.40	-120.00	-1020.00	-90.00	0.00	1.46	0.37	-1180.00	-1230.00	-40.00	-0.06	-0.18	0.73
80.00	-1020.00	280.00	0.73	-2.68	1.95	210.00	-860.00	-220.00	0.18	1.28	1.28	-120.00	-1020.00	-90.00	-0.06	1.22	0.37	-90.00	-990.00	330.00	-0.12	-0.24	0.79
70.00	-1020.00	280.00	0.79	-2.56	1.95	210.00	-870.00	-210.00	0.12	1.10	1.10	-120.00	-1020.00	-90.00	-0.06	1.16	0.37	-80.00	-1000.00	330.00	0.00	-0.43	0.73
80.00	-1020.00	280.00	0.85	-2.32	1.89	200.00	-860.00	-210.00	0.06	0.85	1.22	-120.00	-1030.00	-90.00	-0.06	1.10	0.30	-80.00	-1000.00	330.00	-0.06	-0.55	0.61
80.00	-1020.00	280.00	0.91	-1.83	1.95	210.00	-860.00	-210.00	0.00	0.98	1.22	-120.00	-1020.00	-90.00	-0.12	0.91	0.18	-80.00	-1000.00	330.00	-0.18	-0.55	0.61
80.00	-1020.00	280.00	0.85	-1.83	1.77	210.00	-860.00	-210.00	0.00	0.98	1.34	-120.00	-1020.00	-90.00	-0.18	0.98	0.06	-80.00	-990.00	330.00	-0.12	-0.55	0.55
70.00	-1020.00	280.00	0.85	-1.65	1.59	220.00	-860.00	-210.00	-0.12	1.16	1.59	-120.00	-1020.00	-90.00	-0.18	0.91	0.18	-80.00	-990.00	340.00	-0.18	-0.49	0.67
70.00	-1020.00	280.00	0.73	-1.59	1.59	200.00	-860.00	-210.00	-0.37	1.46	1.71	-120.00	-1020.00	-80.00	-0.12	0.79	0.18	-80.00	-1000.00	330.00	-0.24	-0.30	0.67
70.00	-1020.00	270.00	0.79	-1.77	1.77	210.00	-860.00	-210.00	-0.30	1.59	1.65	-120.00	-1020.00	-80.00	-0.12	0.79	0.00	-80.00	-990.00	330.00	-0.18	-0.37	0.61
70.00	-1020.00	280.00	0.73	-1.95	1.65	210.00	-860.00	-220.00	-0.24	1.34	1.52	-120.00	-1020.00	-90.00	-0.12	0.91	-0.06	-80.00	-990.00	330.00	-0.18	-0.37	0.49
70.00	-1020.00	280.00	0.67	-1.83	1.71	200.00	-860.00	-210.00	-0.30	1.40	1.46	-120.00	-1020.00	-90.00	-0.18	0.85	-0.18	-80.00	-990.00	340.00	-0.18	-0.43	0.55
70.00	-1020.00	280.00	0.85	-1.89	2.01	210.00	-860.00	-210.00	-0.37	1.40	1.46	-120.00	-1020.00	-90.00	-0.12	0.79	-0.18	-90.00	-1000.00	340.00	-0.18	-0.24	0.61
70.00	-1020.00	280.00	0.85	-1.95	2.01	210.00	-860.00	-220.00	-0.43	1.46	1.52	-120.00	-1020.00	-90.00	0.00	0.98	-0.24	-80.00	-990.00	340.00	-0.12	-0.49	0.61
70.00	-1020.00	290.00	0.91	-1.95	2.13	210.00	-860.00	-210.00	-0.49	1.52	1.40	-120.00	-1020.00	-90.00	-0.12	1.16	-0.24	-80.00	-990.00	330.00	-0.18	-0.55	0.61
70.00	-1020.00	280.00	0.98	-1.83	2.13	200.00	-860.00	-210.00	-0.49	1.28	1.16	-120.00	-1020.00	-90.00	-0.18	1.10	-0.06	-90.00	-1000.00	330.00	-0.24	-0.49	0.49
80.00	-1020.00	280.00	1.16	-1.71	2.07	210.00	-860.00	-210.00	-0.55	1.34	1.22	-120.00	-1020.00	-90.00	-0.06	1.22	0.00	-90.00	-990.00	340.00	-0.37	-0.43	0.43
70.00	-1020.00	280.00	1.16	-1.65	2.01	200.00	-860.00	-210.00	-0.55	1.22	1.22	-120.00	-1020.00	-90.00	-0.12	1.22	0.00	-90.00	-1000.00	330.00	-0.43	-0.43	0.43
70.00	-1020.00	280.00	1.10	-1.59	1.95	210.00	-870.00	-210.00	-0.49	0.98	1.04	-120.00	-1020.00	-90.00	-0.18	1.22	0.06	-80.00	-990.00	330.00	-0.43	-0.37	0.43
70.00	-1020.00	280.00	1.16	-1.46	1.83	210.00	-860.00	-210.00	-0.55	1.34	1.16	-120.00	-1020.00	-90.00	-0.18	1.28	0.12	-90.00	-1000.00	340.00	-0.55	-0.18	0.49
70.00	-1020.00	280.00	0.98	-1.59	1.83	200.00	-860.00	-210.00	-0.49	1.16	1.28	-120.00	-1030.00	-90.00	-0.18	1.28	0.06	-90.00	-990.00	340.00	-0.61	-0.18	0.49
70.00	-1020.00	280.00	0.98	-1.40	1.71	210.00	-860.00	-210.00	-0.49	1.10	1.34	-120.00	-1020.00	-80.00	-0.18	1.28	0.00	-80.00	-990.00	340.00	-0.67	-0.12	0.49
70.00	-1010.00	280.00	0.91	-1.34	1.71	200.00	-860.00	-210.00	-0.49	0.91	1.22	-110.00	-1020.00	-90.00	-0.24	1.16	-0.06	-80.00	-990.00	340.00	-0.73	-0.06	0.43
70.00	-1020.00	280.00	0.79	-1.40	1.65	200.00	-860.00	-210.00	-0.55	1.04	1.34	-120.00	-1020.00	-90.00	-0.37	1.16	-0.12	-80.00	-990.00	340.00	-0.73	0.00	0.37
70.00	-1020.00	280.00	0.79	-1.22	1.59	210.00	-870.00	-210.00	-0.61	1.04	1.34	-120.00	-1020.00	-90.00	-0.43	1.22	-0.18	-80.00	-1000.00	340.00	-0.67	0.00	0.12
80.00	-1020.00	280.00	0.85	-1.46	1.77	210.00	-860.00	-220.00	-0.79	1.40	1.34	-120.00	-1020.00	-80.00	-0.30	1.28	-0.12	-80.00	-990.00	340.00	-0.73	0.00	0.12
70.00	-1020.00	280.00	0.73	-1.52	1.71	210.00	-860.00	-210.00	-0.98	1.77	1.77	-120.00	-1020.00	-90.00	-0.18	1.52	-0.18	-90.00	-990.00	340.00	-0.73	0.00	0.24
70.00	-1020.00	280.00	0.67	-1.46	1.77	210.00	-860.00	-210.00	-1.04	1.89	1.89	-120.00	-1020.00	-90.00	-0.12	1.52	-0.12	-90.00	-990.00	330.00	-0.79	0.00	0.12
70.00	-1020.00	280.00	0.67	-1.52	1.83	200.00	-860.00	-210.00	-1.04	1.89	1.83	-110.00	-1030.00	-80.00	-0.12	1.34	-0.24	-80.00	-990.00	340.00	-0.73	0.00	0.30
70.00	-1030.00	280.00	0.67	-1.65	1.83	210.00	-860.00	-210.00	-0.98	1.71	1.65	-120.00	-1020.00	-90.00	-0.18	1.28	-0.30	-90.00	-990.00	330.00	-0.67	0.00	0.43
70.00	-1020.00	280.00	0.55	-1.77	1.95	200.00	-860.00	-210.00	-0.91	1.46	1.46	-120.00	-1020.00	-90.00	-0.12	1.22	-0.37	-90.00	-990.00	340.00	-0.61	-0.12	0.30
80.00	-1020.00	280.00	0.61	-1.83	2.13	200.00	-860.00	-210.00	-1.10	1.52	1.34	-120.00	-1020.00	-90.00	-0.18	1.10	-0.43	-80.00	-990.00	340.00	-0.73	-0.18	0.37
70.00	-1020.00	280.00	0.73	-1.83	2.26	210.00	-860.00	-210.00	-1.10	1.65	1.28	-120.00	-1020.00	-90.00	-0.18	0.85	-0.43	-80.00	-990.00	340.00	-0.73	-0.12	0.24
80.00	-1020.00	290.00	0.91	-1.89	2.38	210.00	-860.00	-210.00	-1.10	1.95	1.46	-130.00	-1020.00	-90.00	-0.24	0.61	-0.55	-80.00	-990.00	330.00	-0.73	-0.12	0.30
70.00	-1020.00	280.00	0.85	-2.01	2.38	200.00	-860.00	-210.00	-1.04	1.89	1.59	-120.00	-1020.00	-90.00	-0.24	0.61	-0.55	-80.00	-1000.00	330.00	-0.73	-0.24	0.24
80.00	-1030.00	280.00	0.85	-2.07	2.26	210.00	-860.00	-210.00	-0.98	1.95	1.40	-120.00	-1020.00	-90.00	-0.18	0.55	-0.55	-80.00	-990.00	330.00	-0.73	-0.06	0.24
80.00	-1020.00	280.00	0.79	-1.95	2.01	200.00	-860.00	-210.00	-1.04	1.83	1.34	-120.00	-1020.00	-80.00	-0.18	0.55	-0.55	-80.00	-990.00	340.00	-0.85	0.06	0.30
70.00	-1020.00	280.00	0.91	-2.01	2.01	210.00	-860.00	-210.00	-0.98	1.65	1.34	-120.00	-1020.00	-90.00	-0.24	0.12	-0.55	-80.00	-1000.00	340.00	-0.85	0.12	0.24
70.00	-1020.00	280.00	0.91	-2.01	2.01	200.00	-860.00	-210.00	-0.91	1.52	1.16	-120.00	-1020.00	-80.00	-0.24	0.12	-0.55	-90.00	-1000.00	340.00	-0.85	0.18	0.12
70.00	-1020.00	280.00	0.91	-2.01	2.01	210.00	-860.00	-220.00	-0.79	1.28	0.98	-120.00	-1020.00	-90.00	-0.24	0.12	-0.55	-80.00	-990.00	340.00	-0.98	0.06	0.12
60.00	-1020.00	280.00	0.91	-1.77	1.89	210.00	-860.00	-220.00	-0.73	0.98	0.85	-120.00	-1020.00	-90.00	-0.30	0.12	-0.49	-80.00	-990.00	340.00	-0.85	0.06	0.06
70.00	-1020.00	290.00	0.55	-1.22	1.10	200.00	-860.00	-210.00	-0.67	0.98	0.79	-120.00	-1020.00	-90.00	-0.30	0.12	-0.49	-80.00	-990.00	330.00	-0.79	0.12	0.00
70.00	-1020.00	280.00	0.18	-1.65	0.85	200.00	-860.00	-210.00	-0.55	0.79	0.67	-120.00	-1020.00	-90.00	-0.30	0.12	-0.49	-90.00	-990.00	330.00	-1.04	0.06	0.00
70.00	-1020.00	280.00	0.18	-1.65	0.85	210.00	-860.00	-210.00	-0.49	0.43	0.49	-120.00	-1020.00	-90.00	-0.24	0.06	-0.49	-80.00	-990.00	340.00	-1.04	0.00	-0.06
60.00	-1020.00	280.00	0.18	-1.65	0.85	210.00	-860.00	-210.00	-0.37	-0.12	0.24	-120.00	-1020.00	-90.00	-0.30	0.00	-0.49	-80.00	-990.00	340.00	-0.91	-0.18	-0.24
60.00	-1020.00	280.00	0.12	-1.95	0.73	210.00	-860.00	-210.00	-0.37	-0.73	-0.06	-120.00	-1020.00	-90.00	-0.30	0.00	-0.49	-80.00	-990.00	340.00	-0.98	-0.12	-0.18
60.00	-1020.00	280.00	-0.18	-1.77	0.55	200.00	-860.00	-210.00	-0.18	-1.16	-0.37	-120.00	-1020.00	-90.00	-0.30	0.00	-0.49	-90.00	-990.00	340.00	-1.10	-0.06	-0.24
70.00	-1020.00	290.00	-0.18	-1.77	0.55	210.00	-860.00	-210.00	0.06	-1.59	-0.67	-120.00	-1030.00	-90.00	-0.43	0.12	-0.43	-90.00	-990.00	340.00	-1.10	-0.06	-0.18
70.00	-1020.00	290.00	-0.18	-1.77	0.55	200.00	-860.00	-210.00	0.06	-1.89	-0.79	-120.00	-1030.00	-90.00	-0.43	0.12	-0.43	-90.00	-990.00	330.00	-1.16	-0.06	-0.18
70.00	-1020.00	290.00	-0.24	-1.52	0.43	210.00	-860.00	-200.00	0.00	-1.89	-0.85	-120.00	-1020.00	-90.00	-0.37	0.00	-0.43	-80.00	-990.00	330.00	-1.04	-0.06	-0.18
70.00	-1010.00	280.00	-0.18	-1.52	0.55	210.00	-860.00	-200.00	-0.18	-1.71	-0.79	-120.00	-1020.00	-90.00	-0.37	-0.06	-0.12	-90.00	-990.00	340.00	-0.91	-0.12	-0.12
60.00	-1020.00	290.00	-0.18	-1.52	0.55	210.00	-870.00	-200.00	-0.18	-1.52	-0.73	-120.00	-1020.00	-90.00	-0.37	-0.06	-0.12	-90.00	-1000.00	340.00	-0.98	-0.06	-0.12
60.00	-1020.00	290.00	-0.18	-1.46	0.98	210.00	-870.00	-210.00	-0.18	-1.22	-0.55	-120.00	-1020.00	-90.00	-0.37	-0.18	-0.12	-90.00	-990.00	340.00	-0.98	0.00	-0.18
70.00	-1020.00	280.00	-0.18	-1.46	0.98	200.00	-860.00	-210.00	-0.18	-1.10	-0.49	-110.00	-1020.00	-80.00	-0.37	-0.12	-0.30	-80.00	-990.00	330.00	-0.91	-0.06	-0.18
70.00	-1020.00	280.00	-0.12	-1.40	1.04	210.00	-860.00	-210.00	-0.18	-1.16	-0.49	-110.00	-1020.00	-80.00	-0.37	-0.12	-0.30	-80.00	-1000.00	330.00	-1.10	-0.06	-0.06
70.00	-1020.00	280.00	-0.18	-1.10	1.10	200.00	-860.00	-210.00	-0.30	-1.16	-0.37	-110.00	-1020.00	-80.00	-0.37	-0.12	-0.30	-80.00	-1000.00	330.00	-1.04	0.06	-0.06
70.00	-1020.00	270.00	-0.18	-1.10	1.10	200.00	-860.00	-220.00	-0.37	-0.85	-0.18	-120.00	-1020.00	-90.00	-0.49	0.12	-0.18	-90.00	-990.00	330.00	-1.04	0.00	-0.12
70.00	-1020.00	280.00	-0.18	-0.98	0.98	200.00	-860.00	-210.00	-0.43	-0.85	0.00	-120.00	-1020.00	-90.00	-0.43	0.12	-0.24	-80.00	-990.00	330.00	-0.98	-0.18	-0.06
70.00	-1020.00	270.00	-0.12	-0.85	0.91	200.00	-860.00	-210.00	-0.37	-0.79	0.12	-120.00	-1020.00	-90.00	-0.43	0.12	-0.24	-90.00	-990.00	330.00	-0.98	-0.18	-0.06
80.00	-1020.00	280.00	-0.12	-0.73	0.91	210.00	-860.00	-220.00	-0.37	-0.73	0.30	-120.00	-1020.00	-90.00	-0.49	0.12	-0.43	-80.00	-990.00	330.00	-0.98	-0.18	-0.12
80.00	-1020.00	280.00	-0.12	-0.73	0.91	200.00	-870.00	-210.00	-0.55	-0.61	0.37	-120.00	-1020.00	-90.00	-0.49	0.12	-0.43	-80.00	-990.00	340.00	-0.98	-0.12	-0.12
80.00	-1020.00	280.00	-0.12	-0.61	0.61	210.00	-860.00	-210.00	-0.67	-0.49	0.43	-120.00	-1020.00	-90.00	-0.43	0.06	-0.49	-80.00	-990.00	340.00	-0.85	-0.18	0.06
70.00	-1020.00	280.00	-0.12	-0.49	0.55	210.00	-860.00	-220.00	-0.61	-0.49	0.37	-120.00	-1020.00	-90.00	-0.43	0.06	-0.49	-80.00	-990.00	340.00	-0.91	-0.18	0.24
70.00	-1020.00	280.00	0.00	-0.43	0.30	200.00	-860.00	-220.00	-0.61	-0.37	0.30	-120.00	-1020.00	-90.00	-0.37	0.06	-0.55	-80.00	-990.00	330.00	-0.79	-0.30	0.24
70.00	-1020.00	280.00	0.00	-0.43	0.18	210.00	-860.00	-210.00	-0.61	-0.30	0.30	-120.00	-1030.00	-90.00	-0.37	0.00	-0.55	-90.00	-1000.00	340.00	-0.85	-0.43	0.18
70.00	-1030.00	280.00	0.00	-0.67	0.12	210.00	-860.00	-210.00	-0.67	-0.37	0.24	-120.00	-1030.00	-90.00	-0.37	0.00	-0.55	-80.00	-1000.00	340.00	-0.85	-0.55	0.12
70.00	-1020.00	280.00	-0.12	-0.37	0.06	200.00	-860.00	-220.00	-0.61	-0.37	0.12	-120.00	-1020.00	-90.00	-0.37	0.18	-0.55	-80.00	-1000.00	330.00	-0.91	-0.37	0.12
70.00	-1020.00	280.00	-0.12	-0.37	0.06	200.00	-860.00	-210.00	-0.55	-0.30	0.12	-120.00	-1020.00	-90.00	-0.24	0.12	-0.67	-90.00	-1000.00	330.00	-0.91	-0.30	0.12
70.00	-1020.00	280.00	-0.12	-0.37	0.06	210.00	-860.00	-210.00	-0.43	-0.30	-0.06	-120.00	-1020.00	-90.00	-0.24	0.12	-0.67	-80.00	-990.00	330.00	-0.91	-0.24	0.06
70.00	-1020.00	280.00	-0.18	0.30	-0.24	210.00	-860.00	-210.00	-0.37	-0.37	-0.12	-120.00	-1020.00	-90.00	-0.30	-0.18	-0.73	-80.00	-1000.00	330.00	-1.04	-0.24	0.12
70.00	-1020.00	280.00	-0.12	0.43	-0.37	210.00	-860.00	-220.00	-0.43	-0.30	-0.24	-120.00	-1020.00	-90.00	-0.30	-0.06	-0.85	-90.00	-990.00	330.00	-1.04	-0.24	0.12
70.00	-1020.00	280.00	-0.12	0.43	-0.37	200.00	-860.00	-210.00	-0.55	-0.18	-0.24	-120.00	-1020.00	-90.00	-0.30	-0.06	-0.79	-90.00	-1000.00	340.00	-1.04	-0.24	0.06
70.00	-1020.00	290.00	-0.30	0.18	-0.79	210.00	-860.00	-210.00	-0.61	-0.30	-0.24	-110.00	-1020.00	-90.00	-0.30	-0.06	-0.85	-80.00	-990.00	340.00	-1.16	-0.24	-0.06
70.00	-1020.00	280.00	-0.30	0.18	-0.79	200.00	-860.00	-220.00	-0.49	-0.55	-0.24	-120.00	-1030.00	-90.00	-0.18	-0.06	-0.98	-80.00	-990.00	340.00	-1.22	-0.30	-0.06
70.00	-1030.00	270.00	-0.30	0.18	-1.52	210.00	-860.00	-220.00	-0.55	-0.43	-0.30	-120.00	-1020.00	-90.00	-0.37	-0.24	-0.79	-80.00	-990.00	330.00	-1.16	-0.30	-0.12
70.00	-1030.00	270.00	1.71	6.71	-2.50	200.00	-860.00	-210.00	-0.49	-0.55	-0.30	-110.00	-1020.00	-90.00	-0.43	-0.37	-0.85	-80.00	-990.00	340.00	-1.22	-0.24	-0.18
70.00	-1030.00	270.00	2.26	9.27	-2.74	210.00	-860.00	-210.00	-0.43	-0.43	-0.37	-120.00	-1020.00	-90.00	-0.30	-0.30	-0.91	-90.00	-990.00	330.00	-1.22	-0.30	-0.24
70.00	-1020.00	280.00	3.05	13.11	-3.66	200.00	-860.00	-210.00	-0.37	-0.37	-0.30	-110.00	-1020.00	-90.00	-0.30	-0.24	-0.85	-80.00	-990.00	330.00	-1.28	-0.24	-0.30
70.00	-1020.00	280.00	3.05	13.11	-3.66	210.00	-860.00	-220.00	-0.43	-0.37	-0.37	-120.00	-1020.00	-80.00	-0.37	-0.30	-0.85	-80.00	-1000.00	330.00	-1.22	-0.49	-0.67
70.00	-1020.00	280.00	1.89	13.11	-3.66	200.00	-860.00	-220.00	-0.37	-0.43	-0.91	-110.00	-1020.00	-100.00	-0.43	-0.37	-0.85	-80.00	-990.00	340.00	-1.16	-0.37	-0.55
70.00	-1020.00	280.00	1.22	11.34	-3.54	210.00	-860.00	-210.00	-0.18	-0.79	-1.28	-110.00	-1020.00	-80.00	-0.24	-0.37	-0.85	-80.00	-990.00	330.00	-1.16	-0.37	-0.55
70.00	-1020.00	280.00	1.22	11.34	-3.54	200.00	-860.00	-210.00	-0.18	-1.04	-1.52	-120.00	-1020.00	-90.00	-0.24	-0.43	-0.73	-80.00	-990.00	330.00	-1.16	0.30	-0.12
70.00	-1020.00	280.00	0.67	7.68	-2.62	210.00	-860.00	-210.00	-0.06	-1.22	-1.89	-110.00	-1020.00	-90.00	-0.30	-0.55	-0.73	-90.00	-1000.00	330.00	-1.10	0.24	-0.06
80.00	-1020.00	280.00	0.67	7.68	-2.62	210.00	-860.00	-210.00	-0.24	-2.50	-2.74	-110.00	-1020.00	-100.00	-0.30	-0.67	-0.67	-90.00	-990.00	330.00	-1.10	0.24	-0.06
90.00	-1010.00	290.00	0.49	6.40	-2.38	200.00	-860.00	-210.00	-1.34	-6.46	-4.09	-120.00	-1020.00	-90.00	-0.37	-0.67	-0.67	-80.00	-990.00	330.00	-1.04	0.18	-0.12
90.00	-1010.00	290.00	0.49	6.40	-2.38	210.00	-860.00	-210.00	-2.13	-9.09	-4.63	-120.00	-1020.00	-90.00	-0.30	-0.61	-0.67	-80.00	-990.00	330.00	-0.91	0.24	-0.18
70.00	-1020.00	280.00	0.55	4.63	-2.07	200.00	-870.00	-210.00	-1.89	-8.90	-5.12	-120.00	-1020.00	-100.00	-0.18	-0.79	-0.73	-80.00	-990.00	330.00	-0.91	0.24	-0.18
70.00	-1020.00	280.00	0.49	3.48	-1.83	210.00	-860.00	-210.00	-3.05	-12.01	-5.98	-110.00	-1020.00	-90.00	-0.12	-0.73	-0.73	-80.00	-1000.00	330.00	-0.91	0.06	-0.37
70.00	-1020.00	280.00	0.49	3.48	-1.83	210.00	-860.00	-210.00	-3.05	-13.11	-6.22	-110.00	-1020.00	-90.00	-0.06	-0.73	-0.91	-80.00	-1000.00	330.00	-0.79	0.18	-0.73
70.00	-1020.00	270.00	0.24	1.95	-1.34	220.00	-870.00	-210.00	-1.10	-6.71	-4.27	-120.00	-1020.00	-90.00	0.06	-0.61	-0.91	-80.00	-1000.00	330.00	-0.79	0.18	-0.73
80.00	-1020.00	270.00	0.49	2.80	-1.34	240.00	-880.00	-220.00	-1.10	-6.71	-4.27	-120.00	-1020.00	-90.00	0.18	-0.55	-1.04	-80.00	-990.00	330.00	-0.73	-0.06	-0.85
70.00	-1020.00	280.00	0.37	3.35	-1.16	210.00	-860.00	-210.00	-1.10	-6.71	-4.27	-120.00	-1020.00	-90.00	0.24	-0.43	-1.16	-80.00	-990.00	330.00	-0.73	-0.06	-0.85
70.00	-1020.00	280.00	0.37	3.35	-1.16	210.00	-860.00	-210.00	-0.18	-4.21	-3.54	-120.00	-1020.00	-90.00	0.49	-0.18	-1.28	-80.00	-1000.00	330.00	-0.49	-0.30	-1.22
80.00	-1020.00	270.00	0.43	3.35	-0.85	230.00	-890.00	-200.00	-0.18	-4.21	-3.54	-110.00	-1020.00	-90.00	0.55	-0.37	-1.40	-80.00	-1000.00	330.00	-0.49	-0.30	-1.22
80.00	-1020.00	270.00	0.37	2.68	-0.67	220.00	-850.00	-210.00	-0.18	-4.21	-3.54	-110.00	-1020.00	-90.00	0.61	-0.24	-1.52	-80.00	-1000.00	330.00	-0.37	-0.37	-1.34
70.00	-1020.00	280.00	0.37	2.68	-0.67	200.00	-860.00	-220.00	-0.18	-4.21	-3.54	-120.00	-1020.00	-90.00	0.67	-0.18	-1.65	-80.00	-990.00	330.00	-0.43	-0.67	-1.28
70.00	-1020.00	280.00	0.37	2.26	-0.43	200.00	-850.00	-230.00	0.37	-1.40	-2.62	-120.00	-1020.00	-90.00	0.67	-0.12	-1.71	-90.00	-990.00	330.00	-0.43	-0.67	-1.28
80.00	-1020.00	290.00	0.18	1.04	-0.18	200.00	-850.00	-230.00	0.37	-1.40	-2.62	-110.00	-1020.00	-90.00	0.73	-0.06	-1.77	-90.00	-990.00	330.00	-0.49	-0.55	-1.28
80.00	-1020.00	290.00	0.18	1.04	-0.18	200.00	-850.00	-230.00	0.37	-1.40	-2.62	-120.00	-1020.00	-90.00	0.79	-0.12	-1.77	-80.00	-1000.00	330.00	-0.30	-0.79	-0.98
80.00	-1020.00	290.00	0.18	-0.43	0.24	200.00	-850.00	-230.00	0.12	-1.34	-2.38	-110.00	-1020.00	-90.00	0.73	-0.18	-1.71	-80.00	-1000.00	330.00	-0.30	-0.79	-0.98
80.00	-1020.00	290.00	0.30	-1.10	0.61	210.00	-850.00	-230.00	0.12	-1.34	-2.38	-110.00	-1020.00	-90.00	0.67	-0.18	-1.46	-70.00	-990.00	330.00	-0.18	-0.98	-0.61
80.00	-1020.00	290.00	0.37	-1.77	1.04	210.00	-850.00	-230.00	0.12	-1.34	-2.38	-120.00	-1020.00	-90.00	0.67	-0.18	-1.46	-70.00	-990.00	330.00	-0.18	-1.04	-0.49
80.00	-1020.00	290.00	0.37	-1.77	1.04	210.00	-850.00	-230.00	0.00	-1.16	-2.13	-110.00	-1020.00	-90.00	0.67	-0.24	-1.40	-80.00	-990.00	330.00	-0.30	-0.91	-0.37
80.00	-1020.00	290.00	0.67	-2.68	1.59	220.00	-860.00	-220.00	-0.24	-0.73	-1.65	-110.00	-1020.00	-90.00	0.43	-0.73	-1.04	-80.00	-990.00	330.00	-0.06	-0.85	-0.30
80.00	-1020.00	280.00	1.04	-3.72	2.13	220.00	-860.00	-220.00	-0.24	-0.73	-1.65	-110.00	-1020.00	-90.00	0.43	-0.73	-1.04	-70.00	-990.00	330.00	-0.12	-0.98	-0.37
80.00	-1020.00	280.00	1.34	-4.76	2.62	220.00	-860.00	-220.00	0.00	-0.12	-1.46	-110.00	-1020.00	-90.00	0.49	-0.79	-0.91	-70.00	-990.00	330.00	-0.12	-0.98	-0.37
80.00	-1020.00	280.00	1.34	-4.76	2.62	210.00	-860.00	-220.00	0.30	-0.06	-1.40	-100.00	-1020.00	-90.00	0.37	-0.73	-0.91	-70.00	-990.00	330.00	-0.12	-0.98	-0.37
80.00	-1020.00	280.00	1.59	-7.74	2.93	220.00	-860.00	-220.00	0.18	0.00	-1.28	-100.00	-1020.00	-90.00	0.37	-0.73	-0.91	-70.00	-990.00	330.00	-0.06	-1.34	0.30
80.00	-1020.00	280.00	1.34	-8.05	2.80	220.00	-860.00	-220.00	0.24	0.18	-0.98	-110.00	-1020.00	-90.00	0.37	-0.73	-0.91	-80.00	-1000.00	330.00	0.06	-1.28	0.61
80.00	-1020.00	290.00	1.34	-8.05	2.80	220.00	-860.00	-220.00	0.37	0.30	-0.85	-110.00	-1020.00	-90.00	0.37	-0.79	-0.98	-70.00	-1000.00	330.00	-0.12	-1.46	0.85
80.00	-1020.00	290.00	1.10	-7.80	2.56	220.00	-860.00	-220.00	0.37	0.49	-0.67	-110.00	-1020.00	-90.00	-0.18	0.67	0.37	-70.00	-990.00	330.00	-0.12	-1.46	0.85
80.00	-1030.00	280.00	0.98	-7.50	2.20	220.00	-860.00	-220.00	0.43	0.55	-0.43	-110.00	-1020.00	-90.00	-0.18	0.67	0.37	-80.00	-1000.00	340.00	0.18	-1.59	1.16
80.00	-1020.00	280.00	0.55	-6.77	1.71	220.00	-860.00	-220.00	0.49	0.61	-0.30	-110.00	-1020.00	-80.00	-0.49	0.43	0.55	-80.00	-1000.00	340.00	0.18	-1.59	1.16
80.00	-1020.00	280.00	0.55	-6.77	1.71	220.00	-860.00	-220.00	0.43	0.73	0.00	-110.00	-1030.00	-90.00	-0.85	-0.37	1.10	-70.00	-1000.00	330.00	0.06	-1.40	1.46
80.00	-1020.00	280.00	0.30	-5.43	1.10	220.00	-850.00	-220.00	0.49	0.91	0.24	-110.00	-1030.00	-90.00	-0.85	-0.37	1.10	-80.00	-990.00	330.00	0.06	-1.46	1.40
80.00	-1020.00	280.00	-0.30	-4.82	1.10	220.00	-850.00	-220.00	0.30	1.40	0.49	-110.00	-1030.00	-80.00	-0.73	-0.06	1.22	-80.00	-990.00	330.00	-0.06	-1.46	1.52
80.00	-1020.00	280.00	-0.30	-4.82	1.10	220.00	-860.00	-220.00	0.18	1.77	0.67	-110.00	-1020.00	-90.00	-0.73	-0.06	1.22	-80.00	-990.00	330.00	-0.06	-1.46	1.52
80.00	-1010.00	290.00	-0.43	-4.63	1.16	220.00	-860.00	-220.00	-0.30	3.29	1.65	-110.00	-1030.00	-90.00	-0.85	0.00	1.28	-70.00	-1000.00	330.00	-0.06	-1.46	1.65
80.00	-1010.00	290.00	-0.55	-4.39	1.16	210.00	-850.00	-230.00	-0.61	4.27	2.32	-100.00	-1020.00	-90.00	-0.79	0.00	1.16	-80.00	-990.00	330.00	-0.12	-1.28	1.52
80.00	-1010.00	290.00	-0.55	-4.15	1.10	220.00	-860.00	-220.00	-0.61	4.27	2.32	-100.00	-1020.00	-90.00	-0.79	0.00	1.16	-80.00	-990.00	330.00	-0.30	-1.22	1.46
80.00	-1010.00	290.00	-0.55	-4.15	1.10	220.00	-860.00	-220.00	0.12	7.07	2.80	-110.00	-1020.00	-90.00	-0.85	-0.06	1.16	-80.00	-1000.00	330.00	-0.61	-1.22	1.34
80.00	-1010.00	290.00	-0.49	-3.78	0.98	220.00	-860.00	-220.00	0.24	7.01	2.80	-110.00	-1030.00	-90.00	-0.85	-0.06	1.16	-80.00	-990.00	340.00	-0.55	-0.91	1.34
80.00	-1020.00	280.00	-0.49	-2.68	0.73	220.00	-860.00	-220.00	0.24	7.01	2.80	-110.00	-1030.00	-90.00	-0.79	-0.24	1.10	-80.00	-990.00	340.00	-0.61	-0.91	1.16
80.00	-1010.00	290.00	-0.30	-1.77	0.61	220.00	-860.00	-210.00	0.85	6.59	2.32	-120.00	-1020.00	-90.00	-0.79	-0.24	1.10	-80.00	-990.00	340.00	-0.61	-0.91	1.04
80.00	-1010.00	290.00	-0.30	-1.77	0.61	220.00	-860.00	-210.00	0.91	6.28	2.01	-120.00	-1020.00	-90.00	-0.91	-0.37	0.91	-80.00	-990.00	340.00	-0.61	-0.73	0.91
80.00	-1020.00	280.00	-0.43	-0.91	0.67	220.00	-860.00	-210.00	0.91	6.28	2.01	-120.00	-1020.00	-80.00	-0.85	-0.49	0.61	-80.00	-990.00	340.00	-0.61	-0.73	0.79
80.00	-1020.00	280.00	-0.43	-0.55	0.55	210.00	-850.00	-230.00	0.91	6.28	2.01	-120.00	-1020.00	-80.00	-0.73	-0.49	0.55	-80.00	-990.00	330.00	-0.61	-0.73	0.67
80.00	-1020.00	280.00	-0.49	-0.61	0.61	220.00	-850.00	-220.00	0.91	5.43	1.59	-110.00	-1020.00	-80.00	-0.73	-0.49	0.55	-80.00	-1000.00	340.00	-0.61	-0.73	0.67
80.00	-1020.00	280.00	-0.49	-0.61	0.61	220.00	-850.00	-220.00	0.91	5.43	1.59	-110.00	-1020.00	-90.00	-0.67	-0.55	0.24	-80.00	-1000.00	340.00	-0.67	-0.61	0.43
80.00	-1020.00	280.00	-0.67	-0.55	0.49	220.00	-850.00	-220.00	0.85	3.78	0.98	-110.00	-1020.00	-90.00	-0.61	-0.43	0.24	-80.00	-990.00	330.00	-0.73	-0.49	0.37
80.00	-1020.00	280.00	-0.67	-0.55	0.49	220.00	-860.00	-220.00	0.79	3.29	0.98	-110.00	-1020.00	-90.00	-0.61	-0.43	0.24	-80.00	-990.00	330.00	-0.73	-0.49	0.37
80.00	-1020.00	280.00	-0.43	0.37	0.43	220.00	-860.00	-210.00	0.79	3.29	0.98	-120.00	-1020.00	-90.00	-0.49	-0.18	0.00	-80.00	-990.00	330.00	-0.85	-0.43	0.24
80.00	-1020.00	280.00	0.00	1.83	0.37	220.00	-860.00	-210.00	0.61	2.07	0.79	-120.00	-1020.00	-90.00	-0.55	-0.12	-0.06	-80.00	-990.00	330.00	-0.91	-0.37	0.30
80.00	-1020.00	280.00	0.00	1.83	0.37	220.00	-860.00	-210.00	0.43	1.71	0.67	-120.00	-1020.00	-90.00	-0.55	-0.12	-0.06	-80.00	-990.00	330.00	-0.91	-0.18	0.37
80.00	-1020.00	280.00	-0.24	0.73	0.61	220.00	-860.00	-210.00	0.43	1.71	0.67	-120.00	-1020.00	-90.00	-0.55	-0.12	-0.06	-80.00	-990.00	330.00	-0.91	-0.18	0.37
80.00	-1020.00	280.00	-0.18	0.43	0.61	220.00	-860.00	-220.00	0.30	0.91	0.67	-120.00	-1020.00	-90.00	-0.61	-0.06	-0.06	-70.00	-990.00	340.00	-1.10	-0.30	0.30
80.00	-1020.00	280.00	-0.18	0.43	0.61	220.00	-860.00	-210.00	0.06	0.30	0.55	-120.00	-1020.00	-90.00	-0.61	-0.06	-0.06	-70.00	-1000.00	340.00	-1.10	-0.30	0.30
90.00	-1020.00	280.00	-0.18	-0.37	0.79	220.00	-860.00	-210.00	0.24	-0.24	0.24	-120.00	-1020.00	-90.00	-0.61	0.00	0.00	-70.00	-1000.00	340.00	-1.10	-0.24	0.37
90.00	-1030.00	280.00	-0.18	-0.37	0.79	220.00	-860.00	-210.00	0.18	-0.67	0.18	-120.00	-1020.00	-90.00	-0.67	0.06	0.06	-80.00	-1000.00	340.00	-1.10	-0.24	0.37
80.00	-1020.00	270.00	-0.30	-0.79	0.85	220.00	-860.00	-210.00	0.24	-1.04	0.12	-120.00	-1020.00	-90.00	-0.67	0.06	0.06	-70.00	-990.00	330.00	-1.16	-0.24	0.49
80.00	-1020.00	270.00	-0.30	-0.79	0.85	220.00	-860.00	-210.00	0.24	-1.04	0.12	-110.00	-1020.00	-90.00	-0.67	0.06	0.06	-70.00	-990.00	330.00	-1.22	-0.30	0.37
80.00	-1020.00	280.00	-0.37	-0.67	0.73	220.00	-860.00	-210.00	0.18	-1.04	0.12	-110.00	-1020.00	-90.00	-0.61	-0.06	0.06	-70.00	-990.00	330.00	-1.22	-0.30	0.37
80.00	-1020.00	280.00	-0.30	-1.04	0.67	230.00	-860.00	-210.00	0.37	-1.16	-0.12	-110.00	-1020.00	-90.00	-0.55	0.06	0.06	-80.00	-990.00	330.00	-1.28	-0.43	0.43
80.00	-1020.00	280.00	-0.30	-1.04	0.67	230.00	-860.00	-210.00	0.43	-1.52	-0.30	-110.00	-1020.00	-90.00	-0.55	0.06	0.06	-80.00	-990.00	330.00	-1.28	-0.43	0.43
80.00	-1020.00	270.00	0.12	-0.73	0.73	220.00	-860.00	-210.00	0.43	-1.52	-0.30	-110.00	-1020.00	-90.00	-0.61	0.18	0.12	-80.00	-990.00	330.00	-1.22	-0.43	0.30
90.00	-1010.00	280.00	0.24	-1.16	0.61	220.00	-860.00	-210.00	-0.79	-4.33	-0.98	-110.00	-1020.00	-90.00	-0.55	0.12	0.00	-80.00	-1000.00	330.00	-1.22	-0.43	0.30
80.00	-1020.00	280.00	0.24	-1.40	0.73	220.00	-860.00	-210.00	-0.55	-3.96	-0.91	-110.00	-1020.00	-90.00	-0.55	0.12	0.00	-80.00	-1000.00	330.00	-1.28	-1.04	0.43
80.00	-1020.00	280.00	0.24	-1.40	0.73	220.00	-860.00	-210.00	0.49	-1.28	-0.06	-110.00	-1030.00	-90.00	-0.55	0.12	0.00	-80.00	-990.00	340.00	-1.34	-1.16	0.37
80.00	-1020.00	270.00	0.49	-1.65	0.85	220.00	-860.00	-200.00	0.49	-1.28	-0.06	-110.00	-1030.00	-90.00	-0.61	0.18	0.00	-80.00	-990.00	340.00	-1.34	-1.16	0.37
80.00	-1020.00	270.00	0.43	-1.95	1.04	230.00	-860.00	-210.00	0.79	-0.98	0.00	-110.00	-1030.00	-90.00	-0.67	-0.06	-0.06	-80.00	-990.00	340.00	-1.16	-1.71	0.30
80.00	-1020.00	290.00	0.43	-1.95	1.04	230.00	-870.00	-210.00	0.67	-0.73	0.06	-110.00	-1020.00	-90.00	-0.67	-0.79	-0.18	-80.00	-990.00	330.00	-1.16	-1.71	0.30
80.00	-1020.00	290.00	0.43	-2.01	1.10	230.00	-870.00	-210.00	0.67	-0.73	0.06	-110.00	-1020.00	-90.00	-0.67	-0.79	-0.18	-80.00	-990.00	330.00	-1.22	-1.71	0.18
80.00	-1020.00	270.00	0.49	-2.26	1.28	220.00	-850.00	-210.00	0.79	-0.67	0.00	-110.00	-1020.00	-90.00	-0.67	-0.79	-0.18	-80.00	-990.00	330.00	-1.22	-1.71	0.18
80.00	-1020.00	270.00	0.49	-2.26	1.28	220.00	-850.00	-210.00	0.79	-0.67	0.00	-110.00	-1020.00	-80.00	-0.43	-0.55	-0.37	-80.00	-990.00	330.00	-1.10	-1.83	0.12
80.00	-1020.00	280.00	1.40	-3.35	3.05	210.00	-860.00	-220.00	0.43	-0.85	-0.12	-120.00	-1020.00	-80.00	-0.43	-0.55	-0.37	-80.00	-990.00	330.00	-1.10	-1.83	0.12
80.00	-1020.00	280.00	1.40	-3.35	3.05	230.00	-860.00	-210.00	0.43	-0.85	-0.12	-110.00	-1020.00	-90.00	-0.43	-0.55	-0.37	-80.00	-990.00	330.00	-1.16	-1.77	0.12
80.00	-1020.00	280.00	1.40	-3.29	2.93	230.00	-860.00	-210.00	0.55	-0.49	-0.12	-120.00	-1020.00	-90.00	-0.43	-0.49	-0.37	-80.00	-990.00	340.00	-0.91	-1.77	0.06
80.00	-1020.00	280.00	1.40	-3.17	2.93	220.00	-860.00	-220.00	0.49	-0.37	-0.12	-120.00	-1020.00	-90.00	-0.43	-0.55	-0.43	-80.00	-990.00	340.00	-0.73	-1.89	0.06
80.00	-1020.00	280.00	1.04	-2.56	2.20	220.00	-860.00	-220.00	0.49	-0.37	-0.12	-110.00	-1020.00	-90.00	-0.43	-0.55	-0.43	-80.00	-1000.00	330.00	-0.73	-1.89	0.06
80.00	-1020.00	280.00	0.98	-2.87	2.26	230.00	-860.00	-210.00	0.49	-0.18	-0.06	-110.00	-1020.00	-90.00	-0.37	-0.61	-0.49	-80.00	-990.00	340.00	-0.73	-1.83	-0.06
80.00	-1020.00	280.00	0.98	-2.87	2.26	220.00	-860.00	-210.00	0.49	-0.18	-0.06	-110.00	-1020.00	-90.00	-0.18	-0.61	-0.61	-80.00	-990.00	340.00	-0.55	-1.89	-0.12
80.00	-1010.00	280.00	1.16	-3.96	3.48	220.00	-860.00	-210.00	0.49	-0.12	-0.06	-110.00	-1020.00	-90.00	-0.18	-0.61	-0.61	-80.00	-990.00	330.00	-0.55	-1.89	-0.12
80.00	-1020.00	280.00	1.16	-3.96	3.48	220.00	-860.00	-210.00	0.49	-0.12	-0.06	-110.00	-1020.00	-90.00	-0.30	-0.73	-0.61	-80.00	-990.00	330.00	-0.43	-1.95	-0.12
80.00	-1020.00	280.00	1.22	-4.21	4.02	220.00	-860.00	-210.00	0.67	0.00	0.12	-120.00	-1020.00	-90.00	-0.30	-0.73	-0.61	-80.00	-1000.00	330.00	-0.30	-1.95	-0.06
80.00	-1010.00	270.00	1.22	-4.21	4.02	220.00	-860.00	-210.00	0.67	0.00	0.12	-120.00	-1020.00	-90.00	-0.24	-0.67	-0.61	-80.00	-1000.00	330.00	-0.30	-1.95	-0.06
80.00	-1010.00	270.00	1.22	-4.02	3.84	220.00	-860.00	-210.00	0.49	0.18	0.12	-120.00	-1020.00	-90.00	-0.24	-0.67	-0.61	-80.00	-990.00	330.00	-0.37	-1.65	0.12
90.00	-1020.00	280.00	1.16	-3.72	3.60	220.00	-860.00	-210.00	0.12	0.30	0.37	-120.00	-1020.00	-90.00	-0.18	-0.67	-0.61	-70.00	-1000.00	330.00	-0.37	-1.65	0.12
80.00	-1020.00	280.00	0.98	-3.35	3.23	220.00	-860.00	-210.00	0.12	0.30	0.37	-120.00	-1020.00	-90.00	-0.18	-0.73	-0.55	-70.00	-1000.00	330.00	-0.24	-1.40	-0.06
80.00	-1020.00	280.00	0.91	-2.44	2.62	220.00	-860.00	-210.00	0.06	0.49	0.55	-120.00	-1020.00	-100.00	-0.18	-0.73	-0.55	-80.00	-990.00	330.00	-0.30	-0.30	-0.06
80.00	-1020.00	280.00	0.91	-2.44	2.62	220.00	-860.00	-220.00	0.06	0.49	0.55	-120.00	-1020.00	-100.00	-0.24	-0.98	-0.55	-80.00	-990.00	330.00	-0.30	-0.30	-0.06
80.00	-1020.00	280.00	0.98	-1.40	2.01	220.00	-860.00	-220.00	-0.43	0.79	0.98	-110.00	-1020.00	-90.00	-0.24	-0.98	-0.55	-80.00	-1000.00	330.00	-0.12	-0.61	-0.12
80.00	-1020.00	280.00	0.98	-1.40	2.01	220.00	-860.00	-220.00	-1.46	2.32	2.20	-110.00	-1020.00	-90.00	0.00	-0.55	-0.67	-80.00	-1000.00	330.00	-0.12	-0.61	-0.12
80.00	-1020.00	280.00	0.98	-1.28	1.89	220.00	-860.00	-220.00	-1.46	2.32	2.20	-110.00	-1030.00	-100.00	0.00	-0.55	-0.67	-80.00	-1000.00	330.00	-0.12	-0.79	0.12
80.00	-1020.00	280.00	1.04	-0.73	1.52	220.00	-860.00	-210.00	-2.13	3.41	2.99	-110.00	-1030.00	-100.00	0.06	-0.37	-0.67	-80.00	-1000.00	330.00	0.18	-0.67	0.24
80.00	-1010.00	280.00	1.04	-0.73	1.52	220.00	-860.00	-210.00	-2.01	3.23	2.93	-110.00	-1020.00	-100.00	0.30	0.18	-0.55	-80.00	-1000.00	330.00	0.18	-0.67	0.24
80.00	-1010.00	280.00	1.04	-0.55	1.46	220.00	-860.00	-210.00	-1.65	2.38	2.01	-120.00	-1020.00	-90.00	0.30	0.18	-0.55	-80.00	-1000.00	330.00	0.06	-0.55	0.37
80.00	-1020.00	280.00	1.04	-0.61	1.40	220.00	-860.00	-210.00	-1.65	2.38	2.01	-120.00	-1020.00	-90.00	0.24	0.18	-0.49	-80.00	-1000.00	330.00	-0.06	-0.61	0.43
80.00	-1020.00	280.00	1.10	-0.61	1.34	220.00	-860.00	-210.00	-1.34	1.71	1.40	-120.00	-1020.00	-90.00	0.24	0.18	-0.49	-70.00	-990.00	340.00	-0.37	-0.37	0.73
80.00	-1020.00	270.00	1.10	-0.61	1.34	220.00	-860.00	-210.00	-1.52	1.65	1.52	-120.00	-1020.00	-90.00	0.24	0.30	-0.30	-80.00	-1000.00	340.00	-0.37	-0.37	0.73
80.00	-1020.00	280.00	1.16	-0.55	1.16	220.00	-860.00	-210.00	-1.52	1.65	1.52	-110.00	-1020.00	-90.00	0.24	0.30	-0.30	-70.00	-990.00	340.00	-0.37	-0.37	0.73
80.00	-1020.00	280.00	1.22	-0.67	1.22	220.00	-860.00	-220.00	-1.77	1.65	1.59	-110.00	-1020.00	-90.00	0.24	0.61	-0.12	-70.00	-990.00	330.00	-0.61	-0.18	0.61
80.00	-1020.00	280.00	1.22	-0.73	1.52	220.00	-860.00	-220.00	-1.77	1.65	1.59	-110.00	-1020.00	-90.00	-0.18	0.61	0.12	-70.00	-990.00	330.00	-0.61	-0.12	0.61
80.00	-1010.00	280.00	1.16	-0.98	1.95	220.00	-860.00	-210.00	-2.13	1.89	2.01	-110.00	-1020.00	-90.00	-0.18	0.61	0.12	-70.00	-1000.00	340.00	-0.61	-0.12	0.61
80.00	-1010.00	280.00	1.22	-1.40	2.44	220.00	-860.00	-210.00	-2.13	1.89	2.01	-110.00	-1020.00	-90.00	-0.18	0.85	0.18	-70.00	-990.00	340.00	-0.55	-0.06	0.55
70.00	-1020.00	280.00	1.34	-1.95	3.11	220.00	-860.00	-210.00	-2.13	2.07	2.20	-110.00	-1020.00	-100.00	-0.18	0.85	0.18	-80.00	-990.00	340.00	-0.67	-0.12	0.37
80.00	-1020.00	270.00	1.34	-1.95	3.11	220.00	-860.00	-210.00	-1.95	1.95	2.13	-110.00	-1020.00	-100.00	-0.30	0.98	0.37	-80.00	-990.00	340.00	-0.61	-0.06	0.00
80.00	-1020.00	270.00	1.65	-2.93	3.96	220.00	-860.00	-210.00	-1.46	1.34	1.89	-110.00	-1020.00	-90.00	-0.37	1.04	0.30	-80.00	-1000.00	330.00	-0.61	-0.06	0.00
80.00	-1020.00	280.00	1.77	-3.29	4.21	220.00	-870.00	-220.00	-1.46	1.34	1.89	-110.00	-1020.00	-90.00	-0.37	1.04	0.30	-70.00	-990.00	340.00	-0.55	-0.06	-0.18
80.00	-1020.00	280.00	1.77	-3.29	4.21	220.00	-860.00	-220.00	-0.85	1.04	1.65	-110.00	-1020.00	-90.00	-0.24	0.79	0.24	-70.00	-990.00	340.00	-0.49	-0.06	-0.18
80.00	-1020.00	280.00	1.95	-3.54	4.45	220.00	-860.00	-220.00	-0.49	0.67	1.46	-120.00	-1020.00	-100.00	-0.24	0.79	0.24	-80.00	-990.00	330.00	-0.49	-0.06	-0.18
80.00	-1020.00	280.00	1.89	-3.29	4.27	220.00	-860.00	-210.00	-0.30	0.55	1.40	-120.00	-1020.00	-100.00	-0.30	0.61	0.18	-80.00	-990.00	330.00	-0.43	-0.06	-0.24
70.00	-1020.00	280.00	1.89	-3.29	4.27	220.00	-860.00	-210.00	-0.30	0.55	1.40	-120.00	-1020.00	-90.00	-0.30	0.61	0.18	-80.00	-990.00	340.00	-0.55	-0.06	-0.30
80.00	-1020.00	280.00	1.89	-3.29	4.27	220.00	-860.00	-210.00	0.00	0.37	0.98	-120.00	-1020.00	-90.00	-0.24	0.61	0.18	-80.00	-1000.00	330.00	-0.49	-0.12	-0.18
80.00	-1020.00	280.00	1.59	-2.50	3.84	220.00	-860.00	-210.00	0.37	0.12	0.73	-120.00	-1020.00	-90.00	-0.18	0.73	0.18	-80.00	-1000.00	330.00	-0.49	-0.12	-0.18
70.00	-1030.00	280.00	1.52	-1.95	3.48	220.00	-860.00	-210.00	0.37	0.12	0.73	-110.00	-1020.00	-90.00	-0.18	0.73	0.18	-70.00	-990.00	330.00	-0.49	-0.12	-0.12
80.00	-1020.00	280.00	1.52	-1.95	3.48	220.00	-860.00	-210.00	0.37	0.12	0.73	-110.00	-1020.00	-90.00	-0.18	0.55	-0.12	-80.00	-1000.00	330.00	-0.49	-0.12	-0.12
80.00	-1020.00	280.00	1.16	-1.10	2.80	210.00	-860.00	-220.00	0.24	0.30	1.16	-120.00	-1020.00	-80.00	-0.12	0.55	-0.06	-80.00	-1000.00	330.00	-0.43	-0.12	-0.18
80.00	-1020.00	280.00	0.91	-0.43	1.83	210.00	-860.00	-220.00	-0.24	1.22	2.01	-120.00	-1020.00	-80.00	-0.12	0.55	-0.06	-70.00	-1000.00	330.00	-0.43	-0.12	-0.18
80.00	-1020.00	280.00	0.91	-0.43	1.83	220.00	-860.00	-210.00	-0.24	1.22	2.01	-110.00	-1020.00	-90.00	-0.06	0.49	-0.30	-70.00	-1000.00	330.00	-0.30	-0.18	-0.06
80.00	-1020.00	280.00	0.91	-0.12	1.46	210.00	-860.00	-210.00	-0.73	1.89	2.50	-110.00	-1020.00	-90.00	0.06	0.55	-0.30	-70.00	-1000.00	330.00	-0.37	0.00	-0.18
80.00	-1020.00	280.00	1.40	2.07	0.85	210.00	-860.00	-220.00	-0.98	1.65	2.68	-110.00	-1020.00	-90.00	0.06	0.55	-0.30	-70.00	-1000.00	330.00	-0.37	0.00	-0.18
70.00	-1010.00	280.00	1.40	2.07	0.85	210.00	-860.00	-220.00	-0.98	1.65	2.68	-110.00	-1020.00	-90.00	0.06	0.55	-0.30	-80.00	-1000.00	340.00	-0.24	0.12	0.00
70.00	-1010.00	280.00	2.07	6.71	0.12	220.00	-870.00	-210.00	-0.98	1.65	2.68	-110.00	-1020.00	-90.00	0.24	0.67	-0.49	-80.00	-1000.00	330.00	0.06	0.00	0.37
70.00	-1010.00	280.00	2.07	6.71	0.12	220.00	-860.00	-210.00	-0.67	1.95	2.80	-120.00	-1020.00	-100.00	0.18	0.67	-0.55	-80.00	-990.00	330.00	0.06	0.00	0.37
70.00	-1010.00	280.00	3.35	15.37	-1.28	210.00	-860.00	-210.00	-0.67	1.95	2.80	-110.00	-1020.00	-90.00	0.18	0.67	-0.55	-80.00	-990.00	330.00	0.18	0.61	0.49
70.00	-1020.00	280.00	3.23	17.01	-1.52	210.00	-860.00	-210.00	-0.49	1.77	2.74	-110.00	-1020.00	-90.00	0.30	0.61	-0.61	-70.00	-1000.00	330.00	0.18	0.61	0.49
70.00	-1020.00	280.00	3.23	17.01	-1.52	220.00	-860.00	-210.00	-0.37	1.52	2.56	-110.00	-1020.00	-90.00	0.37	0.85	-0.67	-70.00	-1000.00	330.00	0.30	0.98	0.30
70.00	-1030.00	280.00	0.79	12.68	-0.91	210.00	-860.00	-210.00	-0.18	1.10	2.44	-110.00	-1020.00	-90.00	0.37	0.85	-0.67	-70.00	-1000.00	340.00	0.30	0.98	0.30
70.00	-1030.00	280.00	0.79	12.68	-0.91	210.00	-860.00	-210.00	-0.18	1.10	2.44	-110.00	-1020.00	-90.00	0.37	0.79	-0.61	-80.00	-990.00	340.00	0.30	1.28	0.24
80.00	-1040.00	290.00	0.00	10.79	-0.55	220.00	-860.00	-210.00	-0.06	0.85	2.13	-110.00	-1020.00	-90.00	0.55	0.67	-0.67	-80.00	-990.00	340.00	0.55	1.34	0.00
80.00	-1030.00	290.00	0.00	10.79	-0.55	220.00	-860.00	-210.00	0.00	0.79	1.77	-120.00	-1020.00	-90.00	0.55	0.67	-0.67	-80.00	-990.00	330.00	0.55	1.34	0.00
80.00	-1030.00	290.00	-1.46	8.72	-0.30	220.00	-860.00	-210.00	0.00	0.18	1.46	-120.00	-1020.00	-90.00	0.43	0.55	-0.61	-70.00	-990.00	330.00	0.49	2.13	0.18
70.00	-1010.00	290.00	-1.46	8.72	-0.30	210.00	-860.00	-210.00	-0.18	-2.20	0.06	-120.00	-1020.00	-90.00	0.49	0.49	-0.55	-70.00	-990.00	330.00	0.49	2.13	0.18
70.00	-1010.00	290.00	-2.07	7.80	-0.37	210.00	-860.00	-210.00	-0.18	-2.20	0.06	-110.00	-1030.00	-90.00	0.49	0.49	-0.55	-100.00	-990.00	320.00	0.49	2.07	0.00
70.00	-1000.00	300.00	-3.05	7.68	-0.73	210.00	-860.00	-210.00	-0.18	-2.20	0.06	-110.00	-1030.00	-90.00	0.49	0.49	-0.55	-100.00	-990.00	320.00	0.49	2.07	0.00
70.00	-1000.00	300.00	-3.05	7.68	-0.73	210.00	-860.00	-210.00	-2.99	-13.29	-2.74	-110.00	-1030.00	-90.00	0.49	0.43	-0.61	-80.00	-1000.00	330.00	0.06	1.46	-0.24
70.00	-1010.00	290.00	-3.35	7.38	-0.91	210.00	-860.00	-210.00	-2.44	-11.16	-1.77	-110.00	-1020.00	-90.00	0.49	0.43	-0.61	-80.00	-1000.00	330.00	0.06	1.46	-0.24
70.00	-1010.00	290.00	-3.35	7.38	-0.91	210.00	-860.00	-210.00	-0.98	-7.44	0.30	-110.00	-1020.00	-90.00	0.49	0.43	-0.61	-70.00	-1000.00	330.00	-0.30	1.40	-0.24
70.00	-1010.00	280.00	-3.90	8.17	-1.22	210.00	-860.00	-210.00	2.38	-10.79	5.00	-110.00	-1020.00	-90.00	0.37	1.28	-0.30	-80.00	-990.00	340.00	-0.55	1.04	-0.18
70.00	-1010.00	290.00	-3.90	8.17	-1.22	230.00	-890.00	-210.00	2.38	-10.79	5.00	-110.00	-1020.00	-90.00	0.37	1.28	-0.30	-80.00	-990.00	340.00	-0.55	1.04	-0.18
70.00	-1010.00	290.00	-4.39	7.56	-1.04	230.00	-890.00	-210.00	2.62	-11.77	6.95	-110.00	-1020.00	-90.00	0.37	1.28	-0.30	-80.00	-990.00	340.00	-0.55	0.79	-0.18
70.00	-1020.00	280.00	-5.30	6.52	-0.24	230.00	-890.00	-210.00	2.50	-12.62	8.11	-110.00	-1020.00	-90.00	0.49	1.40	-0.18	-80.00	-990.00	350.00	-0.55	0.79	-0.18
70.00	-1020.00	280.00	-5.30	6.52	-0.24	200.00	-850.00	-210.00	2.50	-12.62	8.11	-110.00	-1020.00	-90.00	0.43	0.79	-0.12	-80.00	-990.00	350.00	-0.79	-0.12	-0.18
60.00	-1020.00	280.00	-5.30	6.52	-0.24	210.00	-850.00	-220.00	2.56	-12.99	9.27	-110.00	-1020.00	-90.00	0.43	0.79	-0.12	-70.00	-990.00	350.00	-0.79	-0.12	-0.18
60.00	-1020.00	280.00	-5.98	6.89	0.24	210.00	-860.00	-220.00	2.68	-14.09	11.71	-110.00	-1020.00	-90.00	0.37	0.30	-0.12	-80.00	-980.00	350.00	-0.79	-0.12	-0.18
60.00	-1020.00	280.00	-7.62	7.99	1.52	210.00	-860.00	-230.00	2.68	-14.09	11.71	-110.00	-1020.00	-100.00	0.49	1.71	0.12	-80.00	-980.00	350.00	-0.85	-0.67	-0.24
70.00	-1020.00	270.00	-9.39	8.60	2.44	210.00	-860.00	-230.00	2.50	-16.95	14.33	-110.00	-1020.00	-90.00	0.49	1.71	0.12	-80.00	-990.00	340.00	-0.67	-0.49	-0.37
70.00	-1020.00	270.00	-10.24	8.84	3.17	210.00	-870.00	-220.00	2.38	-17.56	15.06	-110.00	-1020.00	-90.00	0.73	2.13	0.12	-70.00	-990.00	350.00	-0.67	-0.49	-0.37
60.00	-1020.00	280.00	-13.11	6.89	5.37	210.00	-860.00	-220.00	2.32	-17.26	16.95	-120.00	-1020.00	-90.00	0.67	2.07	-0.06	-70.00	-990.00	350.00	-0.43	-0.61	-0.43
60.00	-1020.00	280.00	-13.11	6.89	5.37	210.00	-860.00	-220.00	2.32	-17.26	16.95	-120.00	-1030.00	-80.00	0.67	2.56	0.00	-70.00	-990.00	350.00	1.65	-0.30	-1.59
90.00	-1020.00	280.00	-13.11	6.89	5.37	210.00	-860.00	-230.00	1.89	-16.71	19.33	-120.00	-1020.00	-90.00	0.91	2.26	-0.18	-90.00	-1000.00	330.00	2.01	-0.61	-1.71
90.00	-1020.00	280.00	-14.70	7.80	6.89	220.00	-850.00	-230.00	1.89	-16.71	19.33	-110.00	-1020.00	-100.00	0.91	2.32	-0.18	-90.00	-1000.00	330.00	2.01	-0.61	-1.71
90.00	-1020.00	270.00	-15.12	10.55	7.13	180.00	-850.00	-230.00	2.50	-16.34	20.06	-110.00	-1030.00	-90.00	1.04	3.54	0.06	-70.00	-990.00	340.00	2.26	-1.40	-1.89
90.00	-1010.00	270.00	-15.12	10.55	7.13	180.00	-860.00	-220.00	2.62	-18.90	19.02	-110.00	-1020.00	-100.00	1.34	3.17	-0.12	-70.00	-1000.00	340.00	1.83	-0.91	-2.62
70.00	-1020.00	280.00	-15.85	12.50	7.38	170.00	-860.00	-220.00	2.62	-18.90	19.02	-120.00	-1020.00	-100.00	1.65	3.96	-0.12	-90.00	-990.00	340.00	1.83	-0.91	-2.62
70.00	-1020.00	270.00	-16.10	11.83	8.72	170.00	-860.00	-220.00	2.26	-19.02	18.84	-110.00	-1030.00	-90.00	1.34	3.54	-0.30	-90.00	-990.00	340.00	1.16	1.22	-3.23
70.00	-1020.00	270.00	-16.10	11.83	8.72	160.00	-860.00	-230.00	2.26	-19.02	18.84	-110.00	-1020.00	-100.00	1.34	2.99	-0.43	-80.00	-1000.00	340.00	0.37	5.55	-4.02
80.00	-1020.00	260.00	-15.98	12.13	9.33	160.00	-870.00	-230.00	1.10	-10.85	19.88	-110.00	-1020.00	-90.00	1.16	2.74	-0.49	-70.00	-990.00	350.00	-0.37	8.23	-4.39
80.00	-1020.00	260.00	-16.28	12.56	10.24	150.00	-870.00	-220.00	1.10	-10.85	19.88	-110.00	-1020.00	-70.00	1.10	2.62	-0.55	-60.00	-980.00	360.00	-0.37	8.23	-4.39
70.00	-1020.00	260.00	-16.16	12.56	10.91	150.00	-870.00	-220.00	-1.77	-5.12	20.37	-120.00	-1020.00	-90.00	0.98	2.38	-0.61	-60.00	-980.00	360.00	-0.73	7.68	-4.15
70.00	-1030.00	260.00	-16.16	12.56	10.91	130.00	-870.00	-220.00	-1.77	-5.12	20.37	-110.00	-1020.00	-80.00	0.79	2.38	-0.61	-50.00	-980.00	370.00	-1.16	5.79	-3.48
70.00	-1030.00	260.00	-15.79	13.60	11.52	120.00	-850.00	-230.00	-5.61	-2.01	17.74	-120.00	-1020.00	-80.00	0.67	1.71	-0.73	-60.00	-980.00	360.00	-1.59	3.84	-2.62
60.00	-1020.00	260.00	-15.61	16.77	12.87	120.00	-850.00	-230.00	-5.61	-2.01	17.74	-110.00	-1020.00	-80.00	0.37	1.40	-0.61	-80.00	-980.00	360.00	-1.59	3.84	-2.62
60.00	-1030.00	260.00	-15.61	16.77	12.87	110.00	-860.00	-240.00	-11.16	-4.76	10.98	-110.00	-1020.00	-80.00	0.18	0.67	-0.67	-80.00	-980.00	360.00	-2.07	0.55	-0.37
80.00	-1020.00	250.00	-15.61	16.77	12.87	110.00	-860.00	-240.00	-11.16	-4.76	10.98	-110.00	-1020.00	-80.00	0.00	0.24	-0.79	-70.00	-980.00	340.00	-2.01	-0.06	0.55
70.00	-1020.00	240.00	-15.85	23.05	12.99	120.00	-870.00	-220.00	-12.80	-3.90	9.45	-110.00	-1020.00	-80.00	-0.18	0.00	-0.79	-70.00	-990.00	350.00	-2.01	-0.06	0.55
60.00	-1020.00	240.00	-15.79	25.61	12.68	120.00	-870.00	-220.00	-14.02	-2.87	7.87	-110.00	-1020.00	-80.00	0.12	-0.43	-0.85	-70.00	-990.00	350.00	-2.01	-0.06	0.55
60.00	-1020.00	240.00	-15.79	25.61	12.68	100.00	-860.00	-220.00	-15.37	-1.34	6.40	-110.00	-1020.00	-80.00	0.43	-0.06	-1.04	-70.00	-990.00	340.00	-2.56	-0.55	1.95
60.00	-1020.00	240.00	-15.85	24.82	13.05	100.00	-860.00	-220.00	-19.76	1.95	0.30	-110.00	-1020.00	-80.00	0.49	-0.55	-1.04	-70.00	-990.00	340.00	-2.87	-0.67	2.87
50.00	-1020.00	250.00	-15.12	20.98	13.84	70.00	-920.00	-210.00	-19.76	1.95	0.30	-110.00	-1020.00	-80.00	0.49	-1.10	-0.98	-70.00	-990.00	330.00	-2.87	-0.67	2.87
60.00	-1020.00	250.00	-14.51	18.96	13.66	70.00	-910.00	-220.00	-21.22	1.83	-5.06	-110.00	-1020.00	-80.00	0.43	-2.38	-1.16	-70.00	-990.00	330.00	-3.35	-0.98	4.27
60.00	-1020.00	250.00	-14.51	18.96	13.66	70.00	-930.00	-220.00	-21.52	1.95	-7.87	-100.00	-1020.00	-90.00	0.61	-2.99	-1.04	-70.00	-1000.00	330.00	-3.35	-0.98	4.27
40.00	-1030.00	250.00	-14.51	10.73	11.52	70.00	-930.00	-220.00	-21.52	1.95	-7.87	-100.00	-1020.00	-90.00	1.28	-3.41	-1.16	-70.00	-1000.00	340.00	-3.72	-0.85	4.94
40.00	-1020.00	240.00	-15.91	12.93	8.54	90.00	-900.00	-220.00	-21.65	3.48	-8.78	-100.00	-1020.00	-90.00	1.28	-3.41	-1.16	-70.00	-1000.00	340.00	-3.72	-0.85	4.94
50.00	-1020.00	220.00	-15.91	12.93	8.54	60.00	-900.00	-250.00	-20.98	6.95	-9.27	-110.00	-1020.00	-100.00	1.65	-3.54	-1.34	-70.00	-1000.00	340.00	-4.63	0.12	6.65
50.00	-1020.00	220.00	-16.71	10.12	6.04	60.00	-900.00	-250.00	-20.98	6.95	-9.27	-110.00	-1020.00	-100.00	1.40	-3.84	-1.95	-70.00	-990.00	340.00	-5.37	0.67	7.74
20.00	-1020.00	220.00	-16.77	7.44	4.63	80.00	-890.00	-260.00	-20.24	7.56	-10.00	-110.00	-1020.00	-90.00	1.40	-3.84	-1.95	-60.00	-990.00	340.00	-5.37	0.67	7.74
20.00	-1040.00	220.00	-16.77	7.44	4.63	80.00	-890.00	-260.00	-20.24	7.56	-10.00	-110.00	-1020.00	-90.00	0.98	-3.72	-2.26	-60.00	-990.00	340.00	-7.13	2.56	10.30
20.00	-1040.00	220.00	-11.10	5.98	-7.74	80.00	-890.00	-260.00	-17.07	4.70	-11.46	-110.00	-1020.00	-80.00	0.79	-4.09	-2.99	-70.00	-990.00	340.00	-7.13	2.56	10.30
-10.00	-1030.00	210.00	-11.10	5.98	-7.74	90.00	-870.00	-270.00	-10.00	-4.76	-12.74	-110.00	-1030.00	-80.00	0.49	-4.33	-3.72	-70.00	-990.00	340.00	-9.02	3.90	15.30
10.00	-1030.00	220.00	-8.29	3.84	-9.15	90.00	-870.00	-270.00	-10.00	-4.76	-12.74	-120.00	-1030.00	-70.00	0.18	-4.33	-3.84	-70.00	-1000.00	340.00	-9.02	3.90	15.30
-30.00	-1040.00	220.00	-6.46	1.04	-9.57	80.00	-850.00	-290.00	-8.35	-6.16	-10.55	-110.00	-1030.00	-70.00	-0.24	-4.45	-3.66	-70.00	-1000.00	340.00	-9.70	5.12	17.44
-30.00	-1040.00	220.00	-6.46	1.04	-9.57	80.00	-850.00	-290.00	-5.61	-5.67	-4.94	-110.00	-1030.00	-70.00	-0.79	-4.39	-3.11	-70.00	-1000.00	330.00	-9.70	5.12	17.44
-40.00	-1050.00	210.00	-3.23	-1.95	-10.55	90.00	-850.00	-300.00	-5.61	-5.67	-4.94	-100.00	-1020.00	-70.00	-1.16	-3.90	-2.32	-70.00	-1000.00	330.00	-11.04	7.87	22.01
-50.00	-1060.00	210.00	-3.23	-1.95	-10.55	100.00	-830.00	-310.00	-3.60	-5.85	-3.23	-100.00	-1030.00	-70.00	-1.52	-3.17	-1.46	-80.00	-1000.00	330.00	-11.04	7.87	22.01
-50.00	-1060.00	210.00	-1.59	-2.56	-11.22	120.00	-860.00	-290.00	-3.60	-5.85	-3.23	-110.00	-1030.00	-70.00	-1.89	-2.68	-0.61	-80.00	-1000.00	330.00	-11.89	10.06	24.45
-20.00	-1060.00	170.00	-1.59	-2.56	-11.22	170.00	-860.00	-290.00	-0.67	-5.79	0.06	-110.00	-1030.00	-70.00	-2.32	-2.26	0.06	-50.00	-1010.00	330.00	-13.66	16.59	28.90
-0.00	-1060.00	180.00	0.73	-4.09	-11.59	170.00	-860.00	-290.00	-0.67	-5.79	0.06	-110.00	-1030.00	-80.00	-2.38	-1.65	0.91	-70.00	-1000.00	330.00	-13.66	16.59	28.90
-0.00	-1060.00	180.00	0.73	-4.09	-11.59	160.00	-850.00	-310.00	0.18	-5.18	2.62	-100.00	-1030.00	-80.00	-2.38	-1.04	1.65	-70.00	-1000.00	330.00	-13.66	16.59	28.90
10.00	-1060.00	160.00	1.10	-6.71	-11.52	120.00	-820.00	-350.00	1.40	-5.61	4.02	-110.00	-1020.00	-90.00	-2.68	-0.67	2.32	-70.00	-1000.00	320.00	-18.23	26.46	37.01
10.00	-1060.00	160.00	0.67	-13.29	-9.82	120.00	-820.00	-350.00	2.62	-5.67	4.88	-110.00	-1020.00	-90.00	-3.11	-0.67	2.99	-70.00	-1000.00	320.00	-18.23	26.46	37.01
-0.00	-1050.00	140.00	0.67	-13.29	-9.82	110.00	-840.00	-330.00	3.48	-6.59	7.38	-110.00	-1030.00	-90.00	-3.60	-0.67	3.72	-70.00	-1020.00	330.00	-19.82	29.02	39.94
10.00	-1060.00	140.00	-0.24	-14.76	-7.38	150.00	-830.00	-330.00	3.48	-6.59	7.38	-110.00	-1030.00	-90.00	-4.02	-0.55	4.39	-70.00	-1020.00	330.00	-23.11	34.39	45.18
10.00	-1060.00	140.00	-0.24	-14.76	-7.38	150.00	-830.00	-330.00	4.57	-9.27	9.33	-110.00	-1030.00	-90.00	-4.51	-0.30	5.12	-50.00	-1040.00	330.00	-23.11	34.39	45.18
-0.00	-1040.00	180.00	-0.91	-12.93	-2.44	130.00	-830.00	-330.00	5.30	-9.27	13.29	-110.00	-1030.00	-80.00	-5.12	0.18	5.79	-50.00	-1040.00	330.00	-24.15	37.38	47.26
-0.00	-1040.00	180.00	-0.91	-12.93	-2.44	130.00	-830.00	-330.00	5.30	-9.27	13.29	-110.00	-1030.00	-80.00	-5.79	0.98	6.71	-70.00	-1050.00	310.00	-36.59	58.48	54.76
10.00	-1060.00	200.00	-0.79	-11.83	-1.04	120.00	-860.00	-310.00	5.91	-9.45	15.24	-120.00	-1030.00	-80.00	-6.83	1.95	7.93	-110.00	-1080.00	300.00	-36.59	58.48	54.76
10.00	-1060.00	200.00	0.06	-11.89	0.85	120.00	-870.00	-290.00	6.59	-9.02	16.89	-110.00	-1030.00	-80.00	-7.80	1.89	9.33	-110.00	-1080.00	300.00	-37.07	57.07	56.10
80.00	-1060.00	180.00	0.37	-9.51	6.40	120.00	-860.00	-310.00	7.44	-8.11	19.45	-120.00	-1040.00	-80.00	-8.60	1.59	10.79	-110.00	-1080.00	300.00	-34.09	52.68	63.23
80.00	-1060.00	180.00	0.91	-14.76	12.32	120.00	-830.00	-330.00	7.44	-8.11	19.45	-110.00	-1040.00	-90.00	-9.88	1.59	12.80	-110.00	-1150.00	360.00	-34.09	52.68	63.23
90.00	-1050.00	160.00	0.91	-14.76	12.32	120.00	-830.00	-330.00	9.09	-7.68	22.93	-100.00	-1030.00	-100.00	-11.65	0.67	14.82	-110.00	-1150.00	360.00	-30.79	45.55	71.04
50.00	-1050.00	120.00	-1.16	-10.24	19.27	100.00	-830.00	-330.00	9.45	-6.71	25.18	-110.00	-1040.00	-100.00	-12.93	-0.12	16.71	-240.00	-1160.00	290.00	-30.49	43.35	74.82
50.00	-1050.00	120.00	-2.07	-6.52	20.67	100.00	-830.00	-330.00	9.45	-6.71	25.18	-100.00	-1040.00	-100.00	-14.21	-1.10	18.90	-40.00	-1290.00	330.00	-27.74	32.74	92.20
50.00	-1070.00	150.00	-2.07	-6.52	20.67	80.00	-860.00	-310.00	10.00	-6.16	26.10	-100.00	-1040.00	-90.00	-16.34	-3.48	21.16	-180.00	-1150.00	250.00	-27.74	32.74	92.20
50.00	-1070.00	150.00	-2.20	-6.10	21.34	80.00	-860.00	-310.00	10.24	-5.30	26.95	-110.00	-1040.00	-100.00	-18.05	-5.18	23.29	-180.00	-1150.00	250.00	-27.20	32.26	98.90
70.00	-1050.00	160.00	-2.20	-6.10	21.34	80.00	-860.00	-310.00	10.37	-4.27	28.29	-90.00	-1040.00	-100.00	-19.51	-6.46	25.55	-140.00	-1180.00	180.00	-27.20	32.26	98.90
20.00	-1060.00	180.00	-2.50	-6.28	24.15	80.00	-870.00	-280.00	10.37	-4.27	28.29	-100.00	-1050.00	-90.00	-21.28	-8.54	27.87	-120.00	-1220.00	240.00	-29.82	36.40	124.94
50.00	-1050.00	170.00	-2.50	-6.28	24.15	60.00	-870.00	-290.00	10.61	-3.48	30.49	-110.00	-1040.00	-100.00	-22.62	-9.09	30.30	-100.00	-1260.00	230.00	-19.51	51.83	157.56
50.00	-1050.00	170.00	-4.39	-5.30	26.95	60.00	-870.00	-290.00	15.37	-4.15	36.04	-110.00	-1040.00	-110.00	-24.21	-9.94	33.17	-80.00	-1250.00	230.00	-19.51	51.83	157.56
40.00	-1040.00	150.00	-4.51	-5.91	28.11	50.00	-860.00	-300.00	16.28	-5.67	37.50	-120.00	-1050.00	-110.00	-26.04	-13.29	35.85	-80.00	-1250.00	230.00	-13.66	58.41	157.26
10.00	-1050.00	150.00	-4.09	-7.07	30.43	60.00	-860.00	-300.00	16.28	-5.67	37.50	-130.00	-1050.00	-110.00	-27.68	-15.06	38.90	-80.00	-1250.00	230.00	-12.38	69.33	163.96
10.00	-1050.00	150.00	-4.09	-7.07	30.43	60.00	-860.00	-300.00	16.28	-5.67	37.50	-120.00	-1060.00	-120.00	-29.02	-15.98	41.89	-0.00	-1370.00	490.00	-12.38	69.33	163.96
30.00	-1050.00	170.00	-3.60	-8.11	32.68	60.00	-870.00	-290.00	16.40	-8.96	48.29	-100.00	-1070.00	-110.00	-29.88	-15.85	44.39	-230.00	-1340.00	510.00	-5.91	58.78	153.54
10.00	-1060.00	180.00	-3.23	-12.01	34.70	70.00	-890.00	-280.00	12.26	-10.79	54.70	-120.00	-1090.00	-110.00	-30.67	-12.62	46.95	-230.00	-1340.00	510.00	-9.39	35.67	141.65
10.00	-1060.00	180.00	-3.23	-12.01	34.70	30.00	-920.00	-250.00	12.26	-10.79	54.70	-110.00	-1090.00	-130.00	-31.10	-7.50	49.33	-650.00	-1320.00	400.00	-11.34	13.90	123.35
10.00	-1060.00	180.00	-3.66	-14.70	35.73	50.00	-920.00	-260.00	9.88	-7.20	57.80	-160.00	-1120.00	-140.00	-31.71	-4.02	50.85	-350.00	-1180.00	420.00	-11.34	13.90	123.35
-20.00	-1060.00	150.00	-3.72	-17.20	37.13	50.00	-920.00	-260.00	9.88	-7.20	57.80	-200.00	-1110.00	-150.00	-30.61	0.30	53.66	-350.00	-1180.00	420.00	-16.28	12.99	79.39
0.00	-1040.00	150.00	-4.70	-18.11	38.54	0.00	-940.00	-270.00	12.50	-4.70	61.95	-190.00	-1110.00	-160.00	-27.80	5.37	56.95	-650.00	-930.00	330.00	-5.00	4.76	49.45
0.00	-1040.00	150.00	-4.70	-18.11	38.54	-0.00	-930.00	-270.00	13.17	-5.49	64.15	-200.00	-1120.00	-160.00	-26.40	13.54	58.78	110.00	-1010.00	140.00	-4.21	-18.17	34.02
-20.00	-1050.00	160.00	-5.73	-18.54	41.40	-50.00	-930.00	-290.00	13.17	-5.49	64.15	-270.00	-1120.00	-170.00	-28.05	18.05	58.29	110.00	-1010.00	140.00	-4.21	-18.17	34.02
-30.00	-1050.00	160.00	-4.94	-16.34	45.61	-50.00	-930.00	-290.00	14.33	-5.37	66.71	-250.00	-1110.00	-150.00	-29.45	16.34	58.41	40.00	-1020.00	160.00	8.54	-34.45	11.52
-60.00	-1060.00	180.00	-4.94	-16.34	45.61	-80.00	-840.00	-340.00	15.67	-4.33	70.49	-240.00	-1220.00	-80.00	-31.40	13.17	60.06	-20.00	-450.00	310.00	12.87	-37.93	-7.56
-60.00	-1060.00	180.00	-4.94	-16.34	45.61	-30.00	-930.00	-320.00	17.26	-3.60	75.24	-80.00	-1140.00	-60.00	-33.60	11.77	64.27	360.00	-660.00	300.00	12.87	-37.93	-7.56
-60.00	-1090.00	190.00	-2.20	-12.32	49.57	-30.00	-930.00	-320.00	17.26	-3.60	75.24	-230.00	-1230.00	-140.00	-35.79	6.89	66.46	360.00	-660.00	300.00	22.99	-46.46	-54.57
-50.00	-1110.00	180.00	1.59	-3.05	53.60	-40.00	-980.00	-300.00	19.21	-3.96	80.98	-70.00	-1220.00	-210.00	-37.56	2.44	69.88	190.00	-610.00	200.00	24.51	-55.43	-74.39
-50.00	-1110.00	180.00	0.61	0.61	52.44	-40.00	-1010.00	-200.00	20.79	-6.65	87.38	-170.00	-1200.00	-170.00	-40.12	-0.12	74.88	140.00	-540.00	190.00	26.34	-68.84	-111.10
-50.00	-1110.00	180.00	0.61	0.61	52.44	-40.00	-1010.00	-200.00	23.17	-11.71	93.29	-110.00	-1240.00	-270.00	-41.71	-2.44	79.70	140.00	-540.00	190.00	27.13	-71.95	-128.66
-20.00	-1130.00	150.00	2.38	2.50	54.27	-30.00	-1050.00	-190.00	23.17	-11.71	93.29	-100.00	-1170.00	-270.00	-43.23	-4.57	84.70	100.00	-430.00	190.00	22.44	-94.88	-208.96
-50.00	-1110.00	160.00	7.26	4.27	57.93	-30.00	-1100.00	-220.00	31.77	-24.27	104.57	-180.00	-1200.00	-260.00	-44.70	-5.61	89.57	100.00	-430.00	190.00	22.44	-94.88	-208.96
-50.00	-1110.00	160.00	7.26	4.27	57.93	-10.00	-1120.00	-250.00	36.22	-32.87	112.50	-100.00	-1220.00	-270.00	-46.22	-2.13	95.55	130.00	-530.00	110.00	20.49	-104.57	-227.13
-80.00	-1140.00	170.00	8.66	4.39	64.70	-10.00	-1120.00	-250.00	36.22	-32.87	112.50	-110.00	-1230.00	-220.00	-47.74	0.67	100.85	110.00	-570.00	100.00	19.82	-111.77	-233.78
-90.00	-1120.00	130.00	9.02	4.39	68.05	70.00	-1130.00	-280.00	42.68	-45.12	120.91	-160.00	-1270.00	-210.00	-50.55	2.68	106.52	110.00	-570.00	100.00	19.82	-111.77	-233.78
-120.00	-1110.00	70.00	9.02	4.39	68.05	130.00	-1180.00	-290.00	47.07	-58.72	131.95	-150.00	-1270.00	-210.00	-54.15	2.01	113.54	0.00	-890.00	160.00	19.21	-130.00	-242.93
-120.00	-1110.00	70.00	9.02	4.39	68.05	130.00	-1180.00	-290.00	47.87	-72.44	146.40	-120.00	-1290.00	-200.00	-59.02	4.27	122.80	-100.00	-1050.00	200.00	19.21	-130.00	-242.93
-110.00	-1180.00	120.00	13.72	0.73	103.54	160.00	-1210.00	-330.00	47.87	-72.44	146.40	-80.00	-1310.00	-200.00	-64.02	4.33	131.59	-100.00	-1050.00	200.00	17.99	-142.07	-244.76
-80.00	-1150.00	130.00	13.72	0.73	103.54	220.00	-1210.00	-380.00	62.87	-149.02	210.49	-90.00	-1350.00	-150.00	-70.55	8.35	136.77	-120.00	-1140.00	220.00	17.99	-142.07	-244.76
-80.00	-1150.00	130.00	3.54	-28.05	232.26	300.00	-1230.00	-420.00	63.48	-158.35	214.70	-30.00	-1410.00	-50.00	-81.83	8.29	141.34	-120.00	-1140.00	220.00	9.09	-147.26	-240.73
-130.00	-1140.00	170.00	3.54	-28.05	232.26	300.00	-1230.00	-420.00	63.48	-158.35	214.70	-40.00	-1530.00	30.00	-89.45	6.34	148.05	-260.00	-1340.00	220.00	4.39	-135.30	-236.34
-130.00	-1160.00	240.00	5.37	-57.93	268.23	340.00	-1230.00	-450.00	57.07	-156.89	214.33	-100.00	-1540.00	-90.00	-90.98	-4.57	144.57	-280.00	-1430.00	250.00	4.39	-135.30	-236.34
-120.00	-1190.00	260.00	5.37	-57.93	268.23	350.00	-1180.00	-420.00	47.44	-152.38	219.57	-160.00	-1490.00	-80.00	-96.46	-29.76	138.54	-280.00	-1430.00	250.00	-0.61	-103.90	-222.87
-120.00	-1190.00	260.00	4.63	-43.11	292.44	350.00	-1180.00	-420.00	43.60	-141.65	205.61	-70.00	-1490.00	-70.00	-92.62	-35.18	133.11	-300.00	-1570.00	360.00	-0.61	-103.90	-222.87
-100.00	-1290.00	260.00	-5.37	-17.93	282.87	400.00	-1220.00	-360.00	43.60	-141.65	205.61	-320.00	-1530.00	-180.00	-74.82	-42.44	113.54	-300.00	-1570.00	360.00	-0.06	-89.39	-210.06
-70.00	-1410.00	280.00	-19.39	-2.93	254.02	30.00	-1340.00	-500.00	31.46	-171.77	156.34	-410.00	-1220.00	-60.00	-54.39	-48.90	89.57	-360.00	-1660.00	430.00	-0.06	-89.39	-210.06
-70.00	-1410.00	280.00	-32.80	-66.40	127.07	-280.00	-1460.00	-630.00	24.45	-136.77	141.40	-260.00	-970.00	-80.00	-50.55	-31.95	77.44	-360.00	-1660.00	430.00	2.07	-58.41	-181.89
110.00	-1550.00	210.00	-32.80	-66.40	127.07	-280.00	-1460.00	-630.00	24.45	-136.77	141.40	-570.00	-1010.00	-160.00	-41.34	2.44	73.66	-490.00	-1700.00	590.00	2.07	-58.41	-181.89
40.00	-1450.00	240.00	-7.87	-78.29	-1.22	-210.00	-1250.00	-560.00	24.45	-136.77	141.40	-640.00	-960.00	-160.00	-17.68	8.17	58.23	-490.00	-1700.00	590.00	1.95	-42.68	-169.39
-60.00	-1700.00	280.00	-11.28	-38.78	-35.79	140.00	-1110.00	-340.00	13.90	-111.59	80.24	-310.00	-630.00	-50.00	-1.65	0.98	33.78	-530.00	-1650.00	630.00	3.41	-28.11	-158.48
-180.00	-1470.00	-70.00	-16.71	22.56	-59.94	140.00	-1110.00	-340.00	-33.78	-72.20	22.80	220.00	-550.00	-100.00	12.44	-9.51	2.50	-630.00	-1490.00	650.00	7.56	1.40	-112.20
-180.00	-1470.00	-70.00	-16.71	22.56	-59.94	-210.00	-820.00	-280.00	-33.78	-72.20	22.80	60.00	-640.00	210.00	17.74	-39.39	-15.85	-630.00	-1490.00	650.00	7.56	1.40	-112.20
-290.00	-1140.00	190.00	-21.28	32.01	-153.23	-510.00	-880.00	-160.00	-27.62	23.72	-30.67	690.00	-530.00	130.00	22.80	-41.77	-25.18	-680.00	-1410.00	640.00	6.10	-1.34	-92.20
-290.00	-1140.00	190.00	-21.28	32.01	-153.23	-290.00	-480.00	-150.00	-27.62	23.72	-30.67	290.00	-590.00	170.00	35.24	-39.57	-34.76	-680.00	-1410.00	640.00	3.96	-11.52	-39.94
-600.00	-970.00	-70.00	-13.54	-12.62	-233.84	-290.00	-480.00	-150.00	-42.62	42.44	-66.16	220.00	-420.00	90.00	44.57	-33.23	-49.33	-830.00	-1080.00	310.00	3.96	-11.52	-39.94
-600.00	-970.00	-70.00	-11.28	-19.57	-247.01	-850.00	-1170.00	-230.00	-52.13	76.52	-105.91	90.00	-380.00	130.00	51.89	-30.43	-69.02	-830.00	-1080.00	310.00	3.84	-16.65	-11.28
430.00	-640.00	300.00	-8.72	-22.93	-260.00	-850.00	-1170.00	-230.00	-52.13	76.52	-105.91	120.00	-420.00	130.00	57.56	-29.02	-89.33	-840.00	-1040.00	270.00	4.27	-19.57	16.04
180.00	-280.00	380.00	-8.72	-22.93	-260.00	-30.00	-380.00	-180.00	-52.26	87.26	-126.34	160.00	-420.00	150.00	63.11	-28.11	-106.83	-870.00	-970.00	250.00	43.72	38.54	77.56
20.00	-310.00	320.00	1.28	-12.62	-288.66	290.00	-410.00	20.00	-52.26	87.26	-126.34	180.00	-440.00	110.00	69.45	-26.83	-122.56	-870.00	-970.00	250.00	43.72	38.54	77.56
20.00	-310.00	320.00	1.28	-12.62	-288.66	70.00	-470.00	80.00	-56.04	77.56	-167.38	170.00	-440.00	80.00	75.73	-26.10	-137.38	-850.00	-970.00	250.00	43.72	38.54	77.56
80.00	-440.00	160.00	21.46	39.09	-283.35	-30.00	-340.00	-20.00	-56.04	77.56	-167.38	170.00	-450.00	30.00	81.34	-25.73	-152.62	-850.00	-970.00	250.00	15.73	-43.05	97.38
80.00	-440.00	160.00	16.46	32.68	-293.23	-30.00	-340.00	-20.00	-64.27	54.63	-203.54	170.00	-490.00	10.00	85.55	-25.85	-167.68	-840.00	-980.00	270.00	16.77	-37.68	100.85
90.00	-640.00	180.00	18.29	-29.39	-296.40	110.00	-310.00	-40.00	-67.62	57.01	-234.02	180.00	-540.00	-20.00	88.48	-24.82	-182.01	930.00	-390.00	680.00	16.77	-37.68	100.85
120.00	-760.00	240.00	18.29	-29.39	-296.40	200.00	-350.00	-10.00	-67.62	57.01	-234.02	150.00	-590.00	-40.00	90.67	-23.54	-195.85	930.00	-390.00	680.00	14.94	-25.06	95.55
120.00	-760.00	240.00	20.85	-29.94	-284.02	200.00	-350.00	-10.00	-72.80	70.37	-255.49	140.00	-640.00	-60.00	92.20	-22.20	-208.84	-370.00	-1380.00	210.00	1.59	-31.04	81.28
140.00	-830.00	270.00	22.50	2.99	-274.57	290.00	-440.00	-40.00	-80.12	81.83	-260.73	140.00	-710.00	-70.00	92.44	-19.88	-220.43	-290.00	-1290.00	380.00	1.59	-31.04	81.28
540.00	-1760.00	780.00	22.50	2.99	-274.57	290.00	-440.00	-40.00	-80.12	81.83	-260.73	130.00	-780.00	-80.00	92.13	-17.20	-230.91	-290.00	-1290.00	380.00	7.62	-19.33	70.61
540.00	-1760.00	780.00	22.50	2.99	-274.57	170.00	-470.00	-110.00	-52.38	161.71	-256.16	110.00	-860.00	-90.00	91.04	-16.59	-240.61	-280.00	-1130.00	430.00	17.44	-16.04	69.57
-440.00	-730.00	200.00	23.41	-3.41	-262.01	170.00	-470.00	-110.00	-114.88	101.34	-269.15	90.00	-950.00	-100.00	89.09	-16.34	-249.09	40.00	-1190.00	220.00	17.13	-16.59	62.26
90.00	-1540.00	160.00	23.11	-7.80	-247.99	140.00	-610.00	-120.00	-114.88	101.34	-269.15	80.00	-1050.00	-120.00	86.95	-19.21	-257.07	210.00	-1240.00	40.00	17.13	-16.59	62.26
90.00	-1540.00	160.00	20.55	-16.34	-232.44	100.00	-820.00	-130.00	-100.00	133.90	-254.63	60.00	-1150.00	-140.00	85.61	-31.04	-268.90	210.00	-1240.00	40.00	13.96	-10.43	54.02
-50.00	-1770.00	140.00	14.57	-35.30	-189.39	100.00	-820.00	-130.00	-100.00	133.90	-254.63	40.00	-1240.00	-190.00	85.61	-31.04	-268.90	110.00	-960.00	210.00	9.70	-11.77	48.23
-260.00	-1830.00	230.00	9.51	-17.68	-106.46	-1320.00	-640.00	440.00	-90.30	146.89	-244.21	-30.00	-1320.00	-210.00	83.78	-37.01	-269.45	100.00	-890.00	500.00	9.70	-11.77	48.23
-690.00	-1850.00	330.00	4.63	-0.43	-84.63	210.00	-1320.00	-160.00	-90.30	146.89	-244.21	-90.00	-1430.00	-240.00	72.50	-41.40	-257.38	100.00	-890.00	500.00	9.70	-11.77	48.23
-690.00	-1850.00	330.00	-0.98	14.02	-61.16	210.00	-1320.00	-160.00	-80.85	151.10	-246.16	-170.00	-1540.00	-280.00	72.50	-41.40	-257.38	90.00	-850.00	520.00	4.57	-5.49	40.06
-850.00	-2000.00	210.00	-6.22	26.59	-35.06	-10.00	-1080.00	-340.00	-80.85	151.10	-246.16	-250.00	-1630.00	-290.00	62.93	-38.29	-245.91	120.00	-840.00	470.00	0.00	-5.61	36.83
-980.00	-1870.00	190.00	-6.22	26.59	-35.06	-10.00	-1080.00	-340.00	-74.39	147.99	-249.02	-350.00	-1740.00	-300.00	46.16	-17.26	-217.26	160.00	-860.00	460.00	0.00	-5.61	36.83
-1050.00	-1660.00	180.00	-19.39	62.74	58.60	-310.00	-1310.00	-460.00	-49.76	134.51	-232.74	-480.00	-1820.00	-300.00	46.16	-17.26	-217.26	160.00	-860.00	460.00	-3.17	0.73	34.33
-1090.00	-1500.00	260.00	-30.06	74.15	90.00	-360.00	-1650.00	-420.00	-49.76	134.51	-232.74	-580.00	-1890.00	-250.00	41.89	-1.40	-203.11	30.00	-890.00	440.00	-5.24	3.96	34.09
-1180.00	-1260.00	190.00	-30.06	74.15	90.00	-360.00	-1650.00	-420.00	-40.06	120.43	-222.01	-660.00	-1880.00	-180.00	39.94	16.22	-187.87	70.00	-900.00	430.00	-4.45	5.61	35.06
-1180.00	-1260.00	190.00	-10.30	71.04	124.63	-500.00	-1760.00	-420.00	-40.06	120.43	-222.01	-750.00	-1830.00	-150.00	35.24	64.94	-119.33	70.00	-950.00	390.00	-4.45	5.61	35.06
-1130.00	-1090.00	200.00	11.77	32.62	125.12	-500.00	-1760.00	-420.00	-33.35	81.16	-201.65	-790.00	-1730.00	-130.00	35.24	64.94	-119.33	70.00	-950.00	390.00	2.26	0.49	38.48
-1060.00	-1160.00	180.00	-12.87	17.56	92.93	-530.00	-1710.00	-460.00	-33.35	81.16	-201.65	-860.00	-1640.00	-110.00	35.24	64.94	-119.33	70.00	-1060.00	330.00	6.46	6.04	42.93
-1060.00	-1160.00	180.00	-12.87	17.56	92.93	-530.00	-1710.00	-460.00	-33.35	81.16	-201.65	-900.00	-1550.00	-100.00	35.24	64.94	-119.33	30.00	-1090.00	300.00	6.46	6.04	42.93
-1030.00	-990.00	50.00	-14.27	11.95	61.77	-620.00	-1630.00	-470.00	-21.10	34.76	-135.98	-850.00	-1270.00	-220.00	22.01	49.09	-70.06	30.00	-1090.00	300.00	4.70	15.06	30.91
-1200.00	-1390.00	-270.00	-36.28	29.76	25.06	-620.00	-1630.00	-470.00	-21.10	34.76	-135.98	-850.00	-1270.00	-220.00	22.01	49.09	-70.06	30.00	-1090.00	300.00	4.88	11.95	32.56
-1200.00	-1390.00	-270.00	-36.28	29.76	25.06	-650.00	-1590.00	-440.00	-16.59	31.22	-106.89	-850.00	-1270.00	-220.00	22.01	49.09	-70.06	50.00	-1020.00	340.00	4.88	11.95	32.56
1000.00	-1600.00	690.00	-28.84	28.17	19.21	-700.00	-1460.00	-320.00	-16.59	31.22	-106.89	-700.00	-1100.00	-360.00	7.62	4.88	-20.49	-40.00	-960.00	360.00	2.01	14.70	35.06
-130.00	-1120.00	530.00	-23.90	26.52	19.27	-700.00	-1460.00	-320.00	-11.16	34.33	-48.35	-700.00	-1100.00	-360.00	7.62	4.88	-20.49	-40.00	-1010.00	370.00	2.01	14.70	35.06
-230.00	-1280.00	200.00	-11.65	7.80	20.12	-700.00	-1460.00	-320.00	-11.16	34.33	-48.35	-700.00	-1100.00	-360.00	7.62	4.88	-20.49	-40.00	-1010.00	370.00	4.02	418.78	117.74
-230.00	-1280.00	200.00	-11.65	7.80	20.12	-700.00	-1460.00	-320.00	-10.79	31.16	-19.45	-730.00	-1000.00	-370.00	-7.26	-40.49	37.26	-40.00	-970.00	400.00	11.52	-458.90	-15.79
-200.00	-1380.00	420.00	-10.18	1.52	23.35	-1050.00	-1270.00	-170.00	-6.10	12.74	60.00	-730.00	-1000.00	-370.00	-7.26	-40.49	37.26	-40.00	-970.00	400.00	11.52	-458.90	-15.79
-200.00	-1380.00	420.00	-10.18	1.52	23.35	-1050.00	-1270.00	-170.00	-6.10	12.74	60.00	-730.00	-1000.00	-370.00	-7.26	-40.49	37.26	-70.00	-1010.00	370.00	-57.38	36.52	35.24
-70.00	-1030.00	60.00	-17.13	0.79	23.96	-1130.00	-1190.00	-160.00	-6.10	12.74	60.00	-60.00	-1790.00	420.00	40.18	22.93	103.78	2000.00	-1510.00	820.00	0.43	-6.16	38.84
60.00	-1130.00	90.00	-17.13	0.79	23.96	-1040.00	-1110.00	-110.00	5.61	1.65	100.18	-60.00	-1790.00	420.00	40.18	22.93	103.78	2000.00	-1510.00	820.00	0.43	-6.16	38.84
50.00	-1070.00	100.00	-17.13	0.79	23.96	-1040.00	-1110.00	-110.00	27.87	-39.09	119.21	-60.00	-1790.00	420.00	40.18	22.93	103.78	-2000.00	-110.00	-530.00	-1.52	10.12	47.99
50.00	-1070.00	100.00	-2.74	-16.95	30.98	-1040.00	-1110.00	-110.00	27.87	-39.09	119.21	80.00	-740.00	510.00	6.10	-6.16	118.54	-2000.00	-110.00	-530.00	1.04	12.74	49.33
50.00	-1070.00	180.00	-2.99	-20.67	32.50	-980.00	-1070.00	-100.00	28.48	-30.00	107.93	1850.00	-1130.00	-100.00	1.46	-31.16	128.78	-150.00	-940.00	330.00	1.04	12.74	49.33
60.00	-1040.00	250.00	-2.99	-20.67	32.50	-800.00	-630.00	-190.00	1.95	-38.17	125.67	1850.00	-1130.00	-100.00	1.46	-31.16	128.78	-150.00	-940.00	330.00	1.16	13.84	49.21
60.00	-1040.00	250.00	-1.65	-25.37	37.07	-800.00	-630.00	-190.00	1.95	-38.17	125.67	120.00	-1090.00	-200.00	3.72	-22.56	129.57	-140.00	-1010.00	390.00	2.62	13.90	49.27
70.00	-1030.00	270.00	-0.12	-27.87	40.49	-700.00	-1290.00	-540.00	1.95	-38.17	125.67	-380.00	-1280.00	-390.00	1.04	38.05	115.49	-160.00	-1020.00	350.00	6.28	22.56	54.21
70.00	-1060.00	220.00	-0.12	-27.87	40.49	1930.00	-1880.00	-270.00	-4.63	-16.04	103.60	-380.00	-1280.00	-390.00	-26.16	6.52	59.33	-160.00	-1020.00	350.00	5.43	28.23	66.65
70.00	-1060.00	220.00	0.30	-26.77	42.62	1930.00	-1880.00	-270.00	-18.48	-12.87	76.28	-480.00	-1320.00	-60.00	-26.16	6.52	59.33	-170.00	-1030.00	360.00	5.43	28.23	66.65
30.00	-1060.00	160.00	0.30	-26.77	42.62	1930.00	-1880.00	-270.00	-18.48	-12.87	76.28	-430.00	-1270.00	-70.00	-26.83	18.60	57.01	-170.00	-1030.00	360.00	5.43	28.23	66.65
40.00	-1040.00	180.00	-1.89	-15.85	46.22	280.00	-1000.00	-160.00	-30.55	-1.10	51.95	130.00	-1020.00	-320.00	-6.95	21.40	56.46	-130.00	-1060.00	390.00	-0.61	34.39	85.79
40.00	-1050.00	150.00	-1.89	-15.85	46.22	-280.00	-1500.00	-430.00	-32.20	-3.78	49.02	130.00	-1020.00	-320.00	-6.95	21.40	56.46	-150.00	-1100.00	360.00	-3.29	36.65	90.30
40.00	-1050.00	150.00	-2.50	2.38	50.18	-280.00	-1500.00	-430.00	-32.20	-3.78	49.02	130.00	-1020.00	-320.00	-9.15	13.05	53.35	-160.00	-1120.00	370.00	-3.29	36.65	90.30
20.00	-1070.00	140.00	-2.50	2.38	50.18	-70.00	-1150.00	-500.00	-32.20	-3.78	49.02	-0.00	-990.00	150.00	-8.90	-2.13	47.32	-160.00	-1120.00	370.00	-5.18	42.07	95.37
-20.00	-1060.00	170.00	-0.55	7.93	53.60	-300.00	-1570.00	-220.00	-24.15	-2.80	45.73	-0.00	-990.00	150.00	-8.90	-2.13	47.32	-150.00	-1120.00	350.00	-12.07	51.22	112.56
-20.00	-1060.00	170.00	-2.50	9.21	52.44	-300.00	-1570.00	-220.00	-13.72	-16.04	32.87	-0.00	-990.00	150.00	-8.90	-2.13	47.32	-120.00	-1160.00	370.00	-12.07	51.22	112.56
-10.00	-1070.00	180.00	-2.50	9.21	52.44	-300.00	-1570.00	-220.00	-13.72	-16.04	32.87	20.00	-1010.00	200.00	-6.95	-7.13	46.10	-120.00	-1160.00	370.00	-12.07	51.22	112.56
10.00	-1070.00	170.00	-3.35	9.33	51.89	50.00	-880.00	-50.00	-13.72	-16.04	32.87	-10.00	-990.00	140.00	-6.28	-14.33	37.07	-110.00	-1210.00	320.00	-12.62	62.26	136.28
0.00	-1060.00	140.00	-3.96	7.93	52.99	130.00	-760.00	-290.00	-0.37	-23.84	23.41	-10.00	-990.00	140.00	-13.29	-10.06	26.83	-80.00	-1320.00	350.00	2.93	97.44	187.44
-40.00	-1090.00	130.00	-3.48	5.00	54.15	130.00	-760.00	-290.00	-0.37	-23.84	23.41	-20.00	-990.00	120.00	-13.29	-10.06	26.83	20.00	-1380.00	430.00	4.76	105.61	201.59
-40.00	-1090.00	130.00	-3.48	5.00	54.15	130.00	-760.00	-290.00	-0.37	-23.84	23.41	-40.00	-1030.00	40.00	-13.66	-9.39	27.87	20.00	-1380.00	430.00	2.32	127.50	232.50
-40.00	-1090.00	130.00	-2.62	3.48	56.22	240.00	-720.00	-420.00	-0.37	-23.84	23.41	-40.00	-1030.00	40.00	-12.20	-16.28	37.93	20.00	-1380.00	430.00	2.32	127.50	232.50
-90.00	-1050.00	160.00	-1.28	1.34	63.23	240.00	-720.00	-420.00	3.11	-21.34	23.35	10.00	-1080.00	-30.00	-12.20	-16.28	37.93	320.00	-1600.00	450.00	-2.87	146.65	242.20
-60.00	-1100.00	140.00	-1.28	1.34	63.23	240.00	-720.00	-420.00	3.11	-21.34	23.35	10.00	-1080.00	-30.00	-13.23	-18.05	41.95	340.00	-1590.00	350.00	20.49	182.99	246.77
-60.00	-1100.00	140.00	-1.22	1.22	66.71	130.00	-740.00	-370.00	3.11	-21.34	23.35	0.00	-1070.00	-50.00	-13.23	-18.05	41.95	340.00	-1590.00	350.00	20.73	152.50	227.50
-130.00	-1110.00	140.00	-0.12	0.12	70.98	180.00	-830.00	-350.00	2.50	-16.83	27.38	-20.00	-1040.00	-0.00	-20.24	-14.57	44.82	30.00	-1700.00	790.00	24.09	146.65	118.90
-80.00	-1180.00	210.00	6.65	-5.67	96.22	180.00	-830.00	-350.00	2.50	-15.37	28.84	-20.00	-1070.00	-10.00	-20.24	-14.57	44.82	-380.00	-1740.00	640.00	24.09	146.65	118.90
-80.00	-1180.00	210.00	6.65	-5.67	96.22	180.00	-830.00	-350.00	2.50	-15.37	28.84	-20.00	-1070.00	-10.00	-22.01	-11.77	41.59	-380.00	-1740.00	640.00	-13.11	38.78	53.35
-120.00	-1120.00	220.00	6.65	-5.67	96.22	180.00	-890.00	-280.00	2.50	-15.37	28.84	-40.00	-1060.00	-10.00	-22.01	-11.77	41.59	-190.00	-1690.00	860.00	-10.12	-25.55	31.95
-100.00	-1180.00	240.00	13.11	-9.27	147.26	180.00	-890.00	-280.00	4.09	-11.59	31.71	-40.00	-1060.00	-10.00	-21.83	-17.13	38.05	310.00	-1430.00	480.00	-10.12	-25.55	31.95
-120.00	-1160.00	260.00	12.68	-10.49	163.35	180.00	-890.00	-280.00	4.09	-11.59	31.71	-30.00	-1080.00	-30.00	-21.83	-17.13	38.05	-290.00	-270.00	210.00	-21.65	-47.93	4.94
-120.00	-1160.00	260.00	12.68	-10.49	163.35	180.00	-890.00	-280.00	4.09	-11.59	31.71	-30.00	-1080.00	-30.00	-139.33	-153.84	-119.33	-290.00	-270.00	210.00	-17.87	-51.28	-4.02
-130.00	-1200.00	290.00	13.05	-13.84	178.90	170.00	-890.00	-280.00	7.80	-15.98	29.70	-10.00	-1030.00	-50.00	-40.24	-63.35	-22.50	-350.00	-500.00	260.00	-17.87	-51.28	-4.02
-160.00	-1250.00	220.00	11.83	-16.10	198.54	170.00	-890.00	-280.00	9.51	-17.26	28.29	-120.00	-960.00	40.00	-40.24	-63.35	-22.50	340.00	-270.00	140.00	-16.16	-53.48	-27.56
-140.00	-1230.00	230.00	10.67	-21.10	216.65	170.00	-890.00	-280.00	9.51	-17.26	28.29	-120.00	-960.00	40.00	-11.10	-9.15	30.30	340.00	-270.00	140.00	-22.80	-64.70	-60.79
-140.00	-1230.00	230.00	8.96	-39.94	238.90	170.00	-870.00	-310.00	9.51	-17.26	28.29	-1910.00	-1880.00	700.00	-12.20	-8.29	31.89	280.00	-460.00	50.00	-22.93	-95.06	-116.95
-140.00	-1230.00	230.00	6.46	-48.60	252.62	200.00	-830.00	-320.00	10.49	-13.60	29.57	430.00	-980.00	-410.00	-12.20	-8.29	31.89	310.00	-540.00	-20.00	-26.04	-108.23	-164.88
-30.00	-1370.00	230.00	6.46	-48.60	252.62	200.00	-830.00	-320.00	10.49	-13.60	29.57	430.00	-980.00	-410.00	-10.73	-5.79	34.39	130.00	-450.00	-50.00	-26.04	-108.23	-164.88
0.00	-1440.00	240.00	6.46	-48.60	252.62	200.00	-830.00	-320.00	10.49	-13.60	29.57	430.00	-980.00	-410.00	-10.30	-6.52	35.73	130.00	-450.00	-50.00	-31.22	-85.55	-225.18
0.00	-1440.00	240.00	8.29	-49.45	266.22	110.00	-830.00	-340.00	11.34	-10.37	32.26	-90.00	-1040.00	-20.00	-10.30	-6.52	35.73	30.00	-390.00	100.00	-31.22	-85.55	-225.18
70.00	-1500.00	230.00	3.48	22.74	287.56	110.00	-830.00	-340.00	11.77	-10.24	33.54	-100.00	-1040.00	-50.00	17.44	216.52	94.76	90.00	-320.00	170.00	-26.89	-78.96	-266.95
40.00	-1550.00	240.00	3.48	22.74	287.56	110.00	-830.00	-340.00	11.77	-10.24	33.54	-100.00	-1040.00	-50.00	-85.85	-239.82	5.12	90.00	-320.00	170.00	-25.24	-91.52	-288.48
40.00	-1550.00	240.00	-14.57	39.39	269.09	100.00	-870.00	-320.00	11.77	-10.24	33.54	-70.00	-1040.00	-70.00	-85.85	-239.82	5.12	200.00	-450.00	150.00	-25.24	-91.52	-288.48
120.00	-1470.00	320.00	-33.54	82.44	221.71	120.00	-860.00	-320.00	13.96	-14.27	35.43	-70.00	-1040.00	-70.00	-85.85	-239.82	5.12	130.00	-580.00	180.00	-23.29	-93.35	-286.16
150.00	-1480.00	400.00	-33.54	82.44	221.71	120.00	-860.00	-320.00	15.12	-15.98	36.77	-70.00	-1040.00	-70.00	-2.07	-31.95	42.93	120.00	-640.00	210.00	-23.29	-93.35	-286.16
60.00	-1540.00	400.00	-6.89	69.15	189.39	120.00	-860.00	-320.00	15.12	-15.98	36.77	-2000.00	-2000.00	1790.00	-2.07	-31.95	42.93	-40.00	-860.00	260.00	-12.56	-111.89	-291.65
60.00	-1540.00	400.00	-6.89	69.15	189.39	110.00	-850.00	-330.00	17.13	-16.89	41.59	-2000.00	-2000.00	1790.00	-2.07	-31.95	42.93	-40.00	-860.00	260.00	-12.56	-111.89	-291.65
70.00	-1510.00	280.00	24.21	-22.50	141.34	120.00	-850.00	-340.00	16.59	-16.95	44.02	-2000.00	-2000.00	1790.00	-10.06	-6.89	55.61	-30.00	-1150.00	290.00	-6.22	-117.99	-291.95
70.00	-1510.00	280.00	15.43	-94.02	80.85	120.00	-850.00	-340.00	16.59	-16.95	44.02	-40.00	-1350.00	-190.00	-0.85	2.80	58.60	-80.00	-1170.00	300.00	-5.85	-130.98	-298.60
-860.00	-1660.00	-230.00	15.43	-94.02	80.85	100.00	-850.00	-330.00	15.49	-16.16	46.52	-40.00	-1350.00	-190.00	-0.85	2.80	58.60	-80.00	-1170.00	300.00	-5.85	-130.98	-298.60
-120.00	-1310.00	-30.00	49.45	-95.79	-14.51	90.00	-870.00	-310.00	14.21	-14.88	49.70	-40.00	-1350.00	-190.00	-3.29	-1.10	57.07	-110.00	-1430.00	340.00	-13.54	-135.37	-299.27
-120.00	-1310.00	-30.00	49.45	-95.79	-14.51	90.00	-870.00	-310.00	12.74	-14.02	55.12	-40.00	-1350.00	-190.00	-3.29	-1.10	57.07	-110.00	-1430.00	340.00	-13.54	-135.37	-299.27
-490.00	-1280.00	70.00	20.18	-5.79	-80.24	50.00	-900.00	-300.00	13.60	-16.46	54.88	-200.00	-1070.00	-100.00	-4.70	0.61	57.93	-230.00	-1560.00	350.00	-36.04	-81.77	-268.48
-810.00	-700.00	60.00	20.18	-5.79	-80.24	70.00	-880.00	-300.00	13.60	-16.46	54.88	-200.00	-1070.00	-100.00	-5.67	1.83	60.73	-230.00	-1560.00	350.00	-36.04	-81.77	-268.48
-810.00	-700.00	60.00	10.37	-1.95	-102.50	60.00	-870.00	-300.00	14.63	-21.10	53.66	-200.00	-1070.00	-100.00	-5.67	1.83	60.73	-440.00	-1660.00	480.00	-16.04	7.13	-197.32
-960.00	-760.00	-170.00	-0.55	4.57	-160.06	50.00	-870.00	-330.00	14.57	-21.28	52.68	-200.00	-1100.00	-130.00	-5.67	1.83	60.73	-440.00	-1660.00	480.00	-8.48	27.87	-176.10
-960.00	-760.00	-170.00	-0.55	4.57	-160.06	50.00	-870.00	-330.00	14.57	-21.28	52.68	-230.00	-1160.00	-70.00	-7.13	3.23	63.11	-510.00	-1730.00	540.00	-1.59	45.85	-153.05
-160.00	-1120.00	-170.00	-7.87	23.05	-227.44	30.00	-870.00	-320.00	14.63	-21.28	51.71	-230.00	-1160.00	-70.00	-12.13	2.68	68.78	-670.00	-1830.00	640.00	-1.59	45.85	-153.05
-160.00	-1120.00	-170.00	-10.91	18.96	-246.40	30.00	-870.00	-320.00	14.63	-21.28	51.71	-200.00	-1110.00	-80.00	-12.13	2.68	68.78	-690.00	-1730.00	640.00	2.13	23.78	-7.56
400.00	-460.00	150.00	-13.29	10.73	-262.74	-10.00	-880.00	-290.00	15.24	-23.90	51.77	-220.00	-1120.00	-100.00	-15.67	0.00	71.95	-690.00	-1730.00	640.00	7.68	6.10	59.51
400.00	-460.00	150.00	7.80	-38.90	-316.52	-20.00	-900.00	-290.00	15.24	-23.90	51.77	-220.00	-1120.00	-100.00	-21.59	-1.89	79.39	-990.00	-1460.00	670.00	7.68	6.10	59.51
-80.00	-240.00	300.00	7.80	-38.90	-316.52	-20.00	-900.00	-290.00	16.46	-26.52	53.41	-210.00	-1140.00	-140.00	-21.59	-1.89	79.39	-1230.00	-1300.00	450.00	49.39	52.56	76.28
-40.00	-280.00	230.00	7.80	-38.90	-316.52	-20.00	-910.00	-300.00	16.46	-26.52	53.41	-200.00	-1170.00	-110.00	-21.59	-1.89	79.39	-1230.00	-1300.00	450.00	46.16	106.65	94.27
-40.00	-280.00	230.00	23.48	-27.56	-267.56	-20.00	-910.00	-300.00	16.04	-26.71	56.52	-200.00	-1170.00	-110.00	-23.23	0.55	84.15	-1230.00	-1300.00	450.00	51.59	115.18	95.12
160.00	-470.00	130.00	26.22	-25.79	-298.05	-20.00	-940.00	-310.00	15.73	-25.30	63.90	-200.00	-1170.00	-110.00	-25.79	4.45	92.20	-1210.00	-1090.00	430.00	51.59	115.18	95.12
160.00	-470.00	130.00	26.22	-25.79	-298.05	-10.00	-960.00	-290.00	15.73	-25.30	63.90	-200.00	-1190.00	-120.00	-25.79	4.45	92.20	320.00	-2000.00	950.00	40.18	62.56	140.79
100.00	-470.00	180.00	25.91	-20.67	-294.51	-10.00	-960.00	-290.00	16.71	-25.67	67.99	-260.00	-1190.00	-110.00	-27.07	9.09	98.90	320.00	-2000.00	950.00	35.67	6.04	129.02
100.00	-470.00	180.00	17.44	1.83	-279.09	-30.00	-1010.00	-250.00	19.02	-25.18	77.32	-260.00	-1190.00	-110.00	-34.21	18.23	113.05	1520.00	-30.00	590.00	35.67	6.04	129.02
110.00	-510.00	190.00	17.44	1.83	-279.09	-30.00	-1010.00	-250.00	19.02	-25.18	77.32	-220.00	-1210.00	-120.00	-34.21	18.23	113.05	330.00	-920.00	140.00	25.06	-2.26	130.06
210.00	-650.00	200.00	16.89	19.76	-276.10	-20.00	-1030.00	-230.00	20.55	-26.10	81.34	-240.00	-1250.00	-120.00	-34.21	18.23	113.05	330.00	-920.00	140.00	32.74	-4.27	141.28
180.00	-1240.00	460.00	16.89	19.76	-276.10	-30.00	-1050.00	-220.00	23.90	-31.77	88.48	-240.00	-1250.00	-120.00	-38.17	19.09	120.98	-590.00	-1480.00	210.00	26.22	-64.02	117.13
180.00	-1240.00	460.00	16.77	54.33	-270.06	-20.00	-1070.00	-210.00	23.90	-31.77	88.48	-240.00	-1250.00	-120.00	-42.93	22.80	142.07	-260.00	-1170.00	250.00	26.22	-64.02	117.13
-330.00	-1990.00	440.00	16.77	54.33	-270.06	-20.00	-1070.00	-220.00	25.73	-33.60	92.56	-190.00	-1310.00	-180.00	-42.93	22.80	142.07	-220.00	-1620.00	160.00	11.77	-47.50	90.91
-330.00	-2000.00	510.00	18.17	59.70	-257.87	-30.00	-1070.00	-250.00	31.83	-30.98	104.02	-70.00	-1510.00	-40.00	-43.90	22.93	154.09	-220.00	-1620.00	160.00	16.83	-40.55	84.09
-330.00	-2000.00	510.00	17.80	58.78	-240.37	-30.00	-1070.00	-250.00	31.83	-30.98	104.02	-70.00	-1510.00	-40.00	-46.65	21.65	176.22	-70.00	-1440.00	230.00	1.04	-26.83	69.15
-500.00	-1790.00	430.00	16.22	58.35	-219.76	-20.00	-1060.00	-270.00	36.16	-31.59	111.16	-10.00	-1570.00	-10.00	-46.65	21.65	176.22	-90.00	-1020.00	750.00	4.76	-13.29	47.50
-500.00	-1790.00	430.00	16.22	58.35	-219.76	-60.00	-1080.00	-260.00	42.38	-37.38	117.13	140.00	-1710.00	10.00	-46.65	21.65	176.22	-30.00	-960.00	310.00	4.76	-13.29	47.50
-790.00	-2000.00	380.00	-20.61	83.54	-49.21	-60.00	-1080.00	-260.00	46.77	-44.45	125.55	140.00	-1710.00	10.00	-51.71	15.61	186.40	-30.00	-960.00	310.00	10.73	-17.32	41.59
-790.00	-2000.00	380.00	-20.61	83.54	-49.21	0.00	-1120.00	-230.00	50.55	-52.87	138.90	140.00	-1710.00	10.00	-68.23	12.62	211.59	0.00	-740.00	510.00	10.73	-17.32	41.59
-810.00	-1980.00	390.00	-28.41	92.20	-23.78	30.00	-1130.00	-260.00	54.51	-66.04	153.60	220.00	-1690.00	30.00	-68.23	12.62	211.59	0.00	-740.00	510.00	11.04	-6.46	37.07
-920.00	-1830.00	250.00	-40.37	120.37	21.04	90.00	-1120.00	-310.00	59.15	-84.39	169.57	310.00	-1680.00	-50.00	-82.87	-12.93	227.38	40.00	-920.00	440.00	8.78	-1.65	37.68
-920.00	-1830.00	250.00	-40.37	120.37	21.04	160.00	-1150.00	-330.00	74.21	-126.65	202.93	310.00	-1680.00	-50.00	-74.70	-8.23	230.00	-10.00	-1050.00	310.00	2.99	-19.57	28.05
-920.00	-1830.00	250.00	-40.37	120.37	21.04	200.00	-1170.00	-340.00	74.21	-126.65	202.93	-90.00	-1800.00	-70.00	-74.70	-8.23	230.00	-10.00	-1050.00	310.00	2.99	-19.57	28.05
-1030.00	-1720.00	190.00	-24.63	42.87	141.77	260.00	-1190.00	-360.00	74.21	-126.65	202.93	-490.00	-1910.00	-30.00	-74.70	-8.23	230.00	10.00	-1030.00	300.00	5.61	2.87	43.78
-1100.00	-1600.00	90.00	-38.54	41.65	123.54	330.00	-1180.00	-350.00	73.41	-101.16	222.74	-490.00	-1910.00	-30.00	-69.21	1.71	215.85	10.00	-1030.00	300.00	4.33	6.34	43.66
-1100.00	-1600.00	90.00	-38.54	41.65	123.54	400.00	-1230.00	-310.00	51.89	-115.43	208.48	-490.00	-1910.00	-30.00	-39.94	13.11	200.49	60.00	-1010.00	380.00	4.33	6.34	43.66
-1240.00	-1110.00	-10.00	-36.77	34.02	121.65	370.00	-1170.00	-220.00	51.89	-115.43	208.48	-240.00	-1510.00	-160.00	-39.94	13.11	200.49	60.00	-1010.00	380.00	3.84	4.51	43.23
-1140.00	-1070.00	40.00	-41.40	7.26	104.45	400.00	-1210.00	-160.00	75.12	-114.21	175.49	-210.00	-1170.00	-120.00	-56.04	16.16	148.17	370.00	-1220.00	530.00	3.84	4.51	43.23
-1140.00	-1070.00	40.00	-46.77	-12.50	83.60	40.00	-1420.00	-270.00	44.45	-83.66	127.56	-210.00	-1170.00	-120.00	-46.34	86.59	59.88	-30.00	-970.00	420.00	3.48	3.72	43.35
-970.00	-1070.00	70.00	-46.77	-12.50	83.60	40.00	-1420.00	-270.00	44.45	-83.66	127.56	-290.00	-1060.00	-0.00	-46.34	86.59	59.88	-30.00	-970.00	420.00	2.99	3.48	42.99
-1360.00	830.00	-470.00	-53.11	-4.57	55.55	-290.00	-1240.00	-450.00	24.51	-80.73	88.54	-280.00	110.00	250.00	-34.02	55.00	-0.98	-80.00	-960.00	380.00	2.44	6.46	42.38
-1360.00	830.00	-470.00	-53.11	-4.57	55.55	-370.00	-930.00	-300.00	-39.02	-64.39	-25.49	-280.00	110.00	250.00	-34.02	55.00	-0.98	-90.00	-980.00	380.00	2.44	6.46	42.38
-1360.00	830.00	-470.00	-39.70	26.04	25.98	-370.00	-930.00	-300.00	-39.02	-64.39	-25.49	-330.00	-730.00	80.00	-18.35	-9.27	-46.59	-90.00	-980.00	380.00	4.02	11.28	39.09
-500.00	-1560.00	270.00	-21.89	13.54	11.22	-370.00	-930.00	-300.00	-39.02	-64.39	-25.49	-330.00	-730.00	80.00	-18.35	-9.27	-46.59	-90.00	-990.00	380.00	4.57	10.30	38.29
-120.00	-1420.00	560.00	-21.89	13.54	11.22	-450.00	-750.00	-170.00	-27.07	-40.24	-49.39	780.00	-420.00	110.00	0.67	-33.54	-63.17	-90.00	-990.00	380.00	4.57	10.30	38.29
-120.00	-1420.00	560.00	-5.55	-6.16	18.78	-450.00	-750.00	-170.00	-4.88	-9.57	-63.05	780.00	-420.00	110.00	21.59	-42.20	-108.78	-100.00	-990.00	400.00	5.00	10.67	38.54
-420.00	-1210.00	480.00	1.77	-11.95	21.95	-450.00	-750.00	-170.00	-19.88	14.76	-116.95	560.00	-670.00	20.00	21.59	-42.20	-108.78	-100.00	-990.00	400.00	6.16	13.11	38.78
-110.00	-1130.00	360.00	1.77	-11.95	21.95	-700.00	-1110.00	-330.00	-19.88	14.76	-116.95	300.00	-140.00	-100.00	30.12	-40.91	-134.63	-160.00	-1000.00	350.00	6.16	13.11	38.78
-110.00	-1130.00	360.00	11.22	-19.45	26.59	70.00	-310.00	-190.00	-19.88	14.76	-116.95	300.00	-140.00	-100.00	34.27	-41.10	-157.50	-140.00	-1000.00	390.00	6.71	15.98	39.27
80.00	-1150.00	190.00	15.49	-22.74	32.50	70.00	-310.00	-190.00	-34.57	48.90	-150.00	160.00	-160.00	-60.00	36.34	-35.37	-179.82	-140.00	-1000.00	390.00	6.71	15.98	39.27
100.00	-1080.00	200.00	-7.56	-1.77	34.88	150.00	-310.00	-130.00	-57.56	67.38	-217.26	130.00	-180.00	50.00	41.22	-28.17	-197.87	-160.00	-1030.00	390.00	7.13	24.57	44.45
160.00	-990.00	180.00	-7.56	-1.77	34.88	70.00	-400.00	70.00	-57.56	67.38	-217.26	160.00	-280.00	130.00	46.04	-22.26	-210.85	-160.00	-1030.00	390.00	7.13	24.57	44.45
80.00	-1050.00	150.00	-10.55	-12.26	36.71	70.00	-400.00	70.00	-63.84	62.93	-233.23	160.00	-400.00	150.00	54.76	-19.70	-217.32	-150.00	-1010.00	380.00	7.13	24.57	44.45
30.00	-1100.00	230.00	-11.10	-15.00	38.11	-0.00	-370.00	-60.00	-74.09	58.23	-258.90	130.00	-380.00	140.00	57.13	-6.40	-245.30	-150.00	-1010.00	380.00	5.61	29.21	51.10
30.00	-1100.00	230.00	-15.61	-14.76	37.80	-0.00	-370.00	-60.00	-74.09	58.23	-258.90	120.00	-420.00	90.00	57.01	-2.13	-259.63	-170.00	-1040.00	370.00	4.15	31.52	53.23
60.00	-1110.00	210.00	-15.61	-14.76	37.80	30.00	-330.00	-90.00	-95.43	68.84	-289.39	100.00	-450.00	60.00	54.94	-0.67	-274.02	-170.00	-1030.00	370.00	4.15	31.52	53.23
150.00	-1140.00	230.00	-15.30	-14.02	33.90	290.00	-500.00	-90.00	-95.43	68.84	-289.39	90.00	-540.00	60.00	41.65	-28.90	-311.16	-160.00	-1040.00	380.00	2.44	35.55	55.37
150.00	-1140.00	230.00	-13.84	-15.55	32.56	290.00	-500.00	-90.00	-108.29	99.88	-275.98	60.00	-550.00	80.00	85.67	-16.83	-320.43	-160.00	-1040.00	380.00	-3.54	51.46	62.38
280.00	-960.00	330.00	-13.84	-15.55	32.56	290.00	-500.00	-90.00	-108.29	99.88	-275.98	80.00	-650.00	70.00	85.67	-16.83	-320.43	-170.00	-1010.00	420.00	-3.54	51.46	62.38
280.00	-960.00	330.00	-9.21	-17.99	29.27	340.00	-550.00	-110.00	-104.09	107.07	-265.91	60.00	-780.00	40.00	85.67	-16.83	-320.43	-190.00	-1040.00	400.00	-3.54	51.46	62.38
70.00	-1050.00	270.00	-9.21	-17.99	29.27	270.00	-720.00	-150.00	-107.13	131.95	-262.80	70.00	-850.00	10.00	73.17	-16.28	-318.17	-190.00	-1040.00	400.00	-19.82	91.95	103.72
70.00	-1070.00	220.00	-7.20	-17.56	27.26	270.00	-720.00	-150.00	-107.13	131.95	-262.80	450.00	-720.00	-130.00	73.17	-16.28	-318.17	-210.00	-1020.00	400.00	-17.44	103.96	114.09
80.00	-1030.00	290.00	-7.20	-17.56	27.26	170.00	-1060.00	-120.00	-103.66	144.27	-272.32	-460.00	-1230.00	120.00	37.68	42.38	-253.72	-180.00	-980.00	400.00	-17.44	103.96	114.09
80.00	-1030.00	290.00	-5.18	-15.73	23.78	170.00	-1440.00	-140.00	-95.30	147.44	-268.60	30.00	-1480.00	-140.00	37.68	42.38	-253.72	-210.00	-1050.00	350.00	-13.41	113.78	125.30
30.00	-1020.00	300.00	-5.18	-15.73	23.78	170.00	-1440.00	-140.00	-88.96	148.17	-257.32	-510.00	-1950.00	-240.00	32.20	59.70	-231.77	-210.00	-1050.00	350.00	-6.28	123.41	135.18
-10.00	-1060.00	240.00	-5.00	-14.88	22.56	-50.00	-1690.00	-230.00	-67.87	172.56	-222.07	-510.00	-1950.00	-240.00	23.17	92.38	-180.79	-210.00	-1050.00	350.00	4.70	132.68	144.45
-10.00	-1060.00	240.00	-5.24	-15.43	21.95	-270.00	-1890.00	-320.00	-67.87	172.56	-222.07	-510.00	-1950.00	-240.00	23.17	92.38	-180.79	70.00	-1390.00	430.00	4.70	132.68	144.45
-10.00	-1060.00	220.00	-5.73	-15.79	21.40	-270.00	-1890.00	-320.00	-60.55	174.82	-211.04	-650.00	-2000.00	-250.00	22.07	106.46	-149.51	110.00	-1360.00	400.00	30.98	176.65	146.40
-10.00	-1060.00	220.00	-7.38	-11.71	17.80	-270.00	-1890.00	-320.00	-44.94	156.46	-182.80	-970.00	-1860.00	-220.00	20.85	110.24	-83.78	110.00	-1360.00	400.00	53.90	193.48	124.63
-0.00	-1040.00	200.00	-7.38	-11.71	17.80	-230.00	-1840.00	-330.00	-44.94	156.46	-182.80	-970.00	-1860.00	-220.00	20.85	110.24	-83.78	30.00	-1300.00	380.00	53.90	193.48	124.63
-0.00	-1040.00	200.00	-8.23	-10.12	15.85	-630.00	-1900.00	-420.00	-39.88	143.35	-164.57	-970.00	-1860.00	-220.00	20.85	110.24	-83.78	-10.00	-1310.00	430.00	46.95	200.79	78.84
10.00	-1050.00	230.00	-9.02	-8.17	12.13	-710.00	-1710.00	-320.00	-37.07	135.30	-140.06	-1250.00	-1540.00	-170.00	17.62	94.70	-52.99	-10.00	-1310.00	430.00	25.67	155.98	49.09
10.00	-1040.00	220.00	-9.02	-8.17	12.13	-710.00	-1710.00	-320.00	-28.72	88.90	-25.49	-1250.00	-1540.00	-170.00	6.04	41.40	-5.67	-470.00	-1010.00	550.00	25.67	155.98	49.09
10.00	-1040.00	220.00	-8.17	-7.87	11.10	-700.00	-1600.00	-330.00	-28.72	88.90	-25.49	-1250.00	-1540.00	-170.00	6.04	41.40	-5.67	-410.00	-780.00	550.00	8.05	24.94	-30.79
0.00	-1030.00	220.00	-6.16	-7.32	10.18	-820.00	-1470.00	-320.00	-28.54	75.49	1.28	-1280.00	-1430.00	-240.00	-1.16	13.41	14.51	-410.00	-780.00	550.00	8.05	24.94	-30.79
0.00	-1030.00	220.00	-6.16	-7.32	10.18	-820.00	-1470.00	-320.00	-27.13	64.70	52.13	-1190.00	-1260.00	-470.00	4.51	-28.66	47.80	-610.00	-370.00	270.00	2.50	-19.45	-47.20
-0.00	-1020.00	220.00	-5.49	-7.80	9.76	-930.00	-1330.00	-340.00	-27.13	64.70	52.13	-1190.00	-1260.00	-470.00	4.51	-28.66	47.80	-610.00	-370.00	270.00	9.45	-38.23	-62.01
-10.00	-1000.00	220.00	-5.49	-7.80	9.76	-930.00	-1330.00	-340.00	-25.43	62.68	72.87	-1120.00	-1210.00	-510.00	4.51	-28.66	47.80	-680.00	-780.00	240.00	9.45	-38.23	-62.01
-10.00	-1000.00	220.00	-4.76	-9.09	9.70	-1030.00	-1040.00	-190.00	-21.40	-12.62	106.77	-1060.00	-1160.00	-470.00	12.99	-68.90	72.99	-330.00	-620.00	310.00	12.80	-82.56	-91.34
-20.00	-1000.00	210.00	-4.76	-9.09	9.70	-1030.00	-1040.00	-190.00	-21.40	-12.62	106.77	-1060.00	-1160.00	-470.00	8.78	-25.12	142.38	-170.00	-490.00	-90.00	12.80	-82.56	-91.34
-20.00	-1040.00	190.00	-4.33	-8.48	9.45	-1040.00	-1000.00	-170.00	10.37	-22.50	130.18	-1060.00	-1160.00	-470.00	8.78	-25.12	142.38	-200.00	-610.00	-60.00	11.83	-102.80	-102.26
-20.00	-1040.00	190.00	-3.96	-6.95	8.41	-890.00	-990.00	-150.00	10.37	-22.50	130.18	-1090.00	-1140.00	-400.00	-23.35	-31.34	161.52	-200.00	-610.00	-60.00	11.83	-102.80	-102.26
-10.00	-1050.00	180.00	0.00	0.24	1.71	-890.00	-990.00	-150.00	-8.41	-17.07	145.30	-1160.00	-1760.00	-140.00	-14.21	45.49	101.22	-200.00	-590.00	-0.00	13.35	-114.94	-128.66
-10.00	-1050.00	180.00	0.00	0.24	1.71	920.00	-1600.00	-680.00	-8.41	-17.07	145.30	-1160.00	-1760.00	-140.00	-14.21	45.49	101.22	-200.00	-590.00	-0.00	13.35	-114.94	-128.66
