LLACx	LLACy	LLACz	LLGYx	LLGYy	LLGYz	LMACx	LMACy	LMACz	LMGYx	LMGYy	LMGYz	RLACx	RLACy	RLACz	RLGYx	RLGYy	RLGYz	RMACx	RMACy	RMACz	RMGYx	RMGYy	RMGYz
-280.00	-1000.00	310.00	-3.48	-1.04	4.15	120.00	-830.00	-340.00	2.87	-4.21	-0.73	-280.00	-1020.00	30.00	-0.37	4.88	-5.00	-90.00	-910.00	580.00	-1.59	2.87	-5.12
-230.00	-1010.00	360.00	-5.37	5.61	-0.43	130.00	-840.00	-330.00	-2.62	0.37	4.94	90.00	-1030.00	40.00	-0.91	0.49	0.00	210.00	-880.00	540.00	-2.56	-0.98	0.79
-240.00	-990.00	390.00	-5.85	6.28	-1.28	130.00	-830.00	-330.00	-3.11	0.73	4.39	90.00	-1030.00	50.00	-0.24	0.00	0.18	210.00	-880.00	540.00	-2.62	-0.73	0.73
-250.00	-990.00	390.00	-6.77	7.01	-1.89	140.00	-830.00	-340.00	-3.11	0.85	3.35	90.00	-1030.00	40.00	1.16	-0.55	0.30	210.00	-880.00	540.00	-2.62	-0.55	0.73
-250.00	-980.00	380.00	-7.50	7.50	-2.07	160.00	-830.00	-340.00	-2.44	1.22	2.38	90.00	-1030.00	40.00	1.83	-0.61	0.37	210.00	-880.00	540.00	-2.44	-0.55	0.73
-260.00	-990.00	350.00	-8.41	8.11	-2.32	140.00	-860.00	-320.00	-1.89	1.65	1.59	90.00	-1030.00	40.00	1.71	-0.49	0.67	210.00	-880.00	540.00	-2.32	-0.43	0.67
-250.00	-1000.00	350.00	-9.09	9.09	-2.44	120.00	-870.00	-320.00	-1.95	1.71	1.52	90.00	-1030.00	40.00	1.28	-0.55	0.91	210.00	-870.00	540.00	-2.26	-0.18	0.55
-250.00	-1000.00	360.00	-9.33	9.76	-2.32	110.00	-860.00	-320.00	-1.52	1.77	2.01	90.00	-1030.00	40.00	1.10	-0.79	1.04	210.00	-880.00	540.00	-2.20	-0.30	0.61
-250.00	-1010.00	350.00	-8.90	9.70	-1.95	120.00	-830.00	-340.00	-1.59	1.52	2.80	100.00	-1030.00	40.00	0.61	-0.43	1.22	210.00	-880.00	540.00	-2.07	-0.37	0.73
-240.00	-1000.00	360.00	-8.35	9.15	-1.83	110.00	-820.00	-350.00	-2.01	1.65	3.29	100.00	-1030.00	40.00	0.18	0.00	1.22	210.00	-880.00	540.00	-1.95	-0.67	0.98
-240.00	-1000.00	370.00	-7.50	8.72	-1.59	120.00	-830.00	-340.00	-2.26	2.07	3.29	100.00	-1030.00	40.00	0.00	0.18	1.16	210.00	-880.00	540.00	-1.89	-1.16	1.16
-240.00	-1000.00	370.00	-6.71	7.93	-1.40	130.00	-830.00	-340.00	-2.07	2.56	2.74	100.00	-1030.00	40.00	-0.43	0.55	1.10	210.00	-890.00	530.00	-2.01	-1.28	1.71
-240.00	-1000.00	350.00	-5.98	7.01	-1.16	140.00	-840.00	-340.00	-1.59	2.87	1.95	90.00	-1020.00	40.00	-0.91	0.91	0.85	210.00	-890.00	530.00	-2.01	-1.28	1.71
-250.00	-1000.00	350.00	-5.30	5.91	-1.10	140.00	-850.00	-330.00	-1.10	2.93	1.28	90.00	-1030.00	40.00	-1.22	1.34	0.67	210.00	-880.00	540.00	-2.01	-1.28	1.71
-250.00	-1000.00	350.00	-4.70	5.12	-0.79	130.00	-850.00	-330.00	-0.55	2.68	0.79	90.00	-1030.00	30.00	-1.22	1.22	0.49	210.00	-880.00	530.00	-1.89	-1.16	1.65
-250.00	-1000.00	340.00	-3.90	4.39	-0.24	120.00	-850.00	-330.00	-0.06	2.50	0.49	90.00	-1020.00	40.00	-1.34	1.22	0.37	210.00	-880.00	540.00	-1.65	-0.79	0.73
-250.00	-1000.00	340.00	-3.23	3.78	0.30	110.00	-830.00	-340.00	0.06	1.95	0.49	90.00	-1030.00	40.00	-0.79	1.04	0.30	210.00	-880.00	530.00	-1.65	-0.79	0.73
-250.00	-1000.00	340.00	-2.68	3.78	0.79	110.00	-830.00	-340.00	0.12	1.52	0.73	80.00	-1030.00	40.00	-0.24	0.85	0.24	210.00	-880.00	530.00	-1.52	-1.04	0.79
-250.00	-1000.00	340.00	-2.07	3.48	1.40	120.00	-830.00	-340.00	0.30	1.10	0.91	80.00	-1030.00	40.00	0.00	0.73	0.24	210.00	-880.00	530.00	-1.52	-1.40	0.55
-250.00	-1000.00	340.00	-1.83	3.29	1.59	120.00	-830.00	-350.00	0.30	0.73	1.04	90.00	-1030.00	30.00	0.12	0.49	0.12	210.00	-880.00	530.00	-1.52	-1.40	0.55
-240.00	-1010.00	340.00	-1.40	2.93	1.83	120.00	-830.00	-350.00	0.30	0.85	1.34	90.00	-1030.00	40.00	-0.12	0.61	0.00	210.00	-880.00	530.00	-1.46	-1.46	0.43
-240.00	-1000.00	340.00	-0.98	2.20	2.13	130.00	-830.00	-340.00	0.37	0.61	1.71	90.00	-1020.00	40.00	-0.37	0.73	-0.30	200.00	-880.00	530.00	-0.91	-0.24	-0.43
-240.00	-1010.00	340.00	-0.67	1.34	2.26	120.00	-830.00	-340.00	0.30	0.43	2.20	90.00	-1030.00	40.00	-0.73	0.79	-0.49	200.00	-880.00	530.00	-0.91	-0.24	-0.43
-240.00	-1000.00	350.00	-0.24	1.04	2.13	130.00	-830.00	-340.00	0.00	0.12	2.50	90.00	-1030.00	30.00	-0.98	0.91	-0.55	200.00	-880.00	530.00	-0.91	-0.24	-0.43
-250.00	-1000.00	340.00	0.06	0.37	2.26	120.00	-830.00	-340.00	0.12	0.24	2.56	90.00	-1030.00	40.00	-1.16	0.98	-0.73	210.00	-890.00	530.00	-0.30	0.49	-0.79
-250.00	-1000.00	340.00	0.43	-0.06	2.38	120.00	-840.00	-340.00	0.24	0.00	2.50	90.00	-1030.00	40.00	-1.59	1.46	-0.98	210.00	-890.00	530.00	0.67	2.07	-0.98
-250.00	-1000.00	330.00	0.67	-0.67	2.20	130.00	-840.00	-340.00	0.49	0.18	2.44	80.00	-1030.00	40.00	-1.71	2.13	-1.22	210.00	-890.00	530.00	0.67	2.07	-0.98
-250.00	-990.00	330.00	0.73	-1.16	1.95	120.00	-850.00	-330.00	0.43	0.24	2.38	80.00	-1030.00	40.00	-1.77	1.59	-1.16	200.00	-890.00	530.00	0.49	1.52	-0.67
-250.00	-1000.00	340.00	0.73	-1.40	1.77	120.00	-840.00	-330.00	0.49	0.18	2.13	90.00	-1030.00	40.00	-1.83	1.22	-0.85	210.00	-890.00	530.00	-0.06	1.10	-0.43
-250.00	-1000.00	330.00	0.79	-1.89	1.52	120.00	-830.00	-340.00	0.43	0.24	1.83	90.00	-1030.00	40.00	-1.71	0.79	-0.49	210.00	-890.00	530.00	-0.73	0.24	0.91
-250.00	-1000.00	340.00	1.04	-2.32	1.52	120.00	-820.00	-340.00	0.24	0.43	1.46	90.00	-1030.00	40.00	-1.40	0.43	-0.18	210.00	-890.00	530.00	-0.73	0.24	0.91
-250.00	-990.00	330.00	1.10	-2.50	1.59	110.00	-840.00	-330.00	0.12	0.49	0.98	90.00	-1030.00	30.00	-1.10	0.12	0.30	210.00	-880.00	530.00	-0.79	0.24	1.04
-250.00	-990.00	340.00	1.10	-2.38	1.59	120.00	-830.00	-340.00	0.00	0.49	0.49	90.00	-1030.00	40.00	-0.98	0.00	0.49	210.00	-880.00	530.00	-0.85	-0.55	0.49
-250.00	-990.00	340.00	0.98	-2.13	1.65	120.00	-830.00	-340.00	-0.06	0.73	0.12	100.00	-1030.00	40.00	-0.85	0.00	0.67	210.00	-880.00	530.00	-0.85	-0.55	0.49
-250.00	-1000.00	330.00	0.91	-1.89	1.59	110.00	-830.00	-330.00	-0.06	0.79	-0.06	100.00	-1030.00	40.00	-0.91	0.37	0.73	210.00	-880.00	530.00	-0.79	-0.61	0.24
-250.00	-1000.00	340.00	0.79	-1.65	1.52	110.00	-830.00	-330.00	-0.24	0.85	0.00	100.00	-1030.00	40.00	-0.24	0.43	0.55	210.00	-880.00	530.00	-0.61	-0.61	0.12
-250.00	-1000.00	340.00	0.67	-1.16	1.59	110.00	-830.00	-330.00	-0.49	0.79	0.18	100.00	-1030.00	30.00	0.61	-0.12	0.55	210.00	-880.00	530.00	-0.61	-0.55	0.12
-250.00	-1000.00	330.00	0.49	-0.79	1.65	110.00	-830.00	-330.00	-0.49	0.79	0.37	100.00	-1030.00	40.00	1.40	-0.37	0.55	210.00	-880.00	530.00	-0.61	-0.73	0.06
-240.00	-1000.00	340.00	0.49	-0.55	1.52	120.00	-830.00	-340.00	-0.55	0.67	0.49	90.00	-1030.00	40.00	1.65	-0.37	0.49	210.00	-880.00	530.00	-0.61	-0.73	0.06
-250.00	-1000.00	340.00	0.37	-0.37	1.40	110.00	-830.00	-340.00	-0.61	0.43	0.79	90.00	-1030.00	30.00	1.40	-0.18	0.30	210.00	-890.00	530.00	-0.85	-0.85	0.37
-240.00	-1000.00	340.00	0.37	-0.37	1.22	120.00	-840.00	-330.00	-0.79	0.18	1.04	90.00	-1030.00	40.00	0.85	0.30	0.00	210.00	-890.00	530.00	-0.85	-0.85	0.37
-250.00	-1010.00	340.00	0.37	-0.61	1.10	120.00	-840.00	-340.00	-0.67	0.12	1.28	100.00	-1020.00	40.00	0.37	0.67	-0.06	210.00	-890.00	530.00	-0.91	-1.16	0.55
-250.00	-1000.00	340.00	0.49	-0.73	1.10	120.00	-840.00	-330.00	-0.30	-0.18	1.28	90.00	-1030.00	40.00	0.06	0.79	-0.18	210.00	-890.00	530.00	-0.85	-1.16	0.61
-250.00	-1010.00	340.00	0.55	-0.85	1.10	130.00	-840.00	-340.00	-0.12	-0.49	1.22	90.00	-1030.00	40.00	0.00	0.79	-0.24	210.00	-890.00	530.00	-0.91	-1.10	0.49
-250.00	-1000.00	330.00	0.55	-0.91	1.16	120.00	-840.00	-330.00	0.06	-0.55	1.10	90.00	-1030.00	40.00	0.73	0.55	-0.12	210.00	-880.00	530.00	-0.91	-1.10	0.49
-250.00	-1000.00	340.00	0.67	-1.04	1.34	120.00	-840.00	-340.00	0.30	-0.55	0.91	90.00	-1030.00	40.00	1.65	0.06	-0.06	210.00	-880.00	540.00	-0.98	-0.79	0.55
-250.00	-1000.00	340.00	0.67	-1.04	1.40	120.00	-840.00	-340.00	0.55	-0.55	0.79	90.00	-1020.00	40.00	2.20	-0.43	0.18	210.00	-880.00	530.00	-0.98	-0.67	0.61
-250.00	-1000.00	330.00	0.73	-0.91	1.71	130.00	-840.00	-340.00	0.30	-0.49	0.73	90.00	-1030.00	40.00	1.83	-0.30	0.24	210.00	-880.00	530.00	-0.98	-0.67	0.61
-250.00	-1000.00	340.00	0.67	-0.98	1.95	120.00	-830.00	-340.00	0.30	-0.49	0.73	90.00	-1030.00	40.00	1.52	0.12	0.49	210.00	-890.00	530.00	-1.10	-0.85	0.67
-250.00	-1000.00	340.00	0.73	-0.67	2.20	120.00	-830.00	-340.00	0.24	-0.24	0.85	90.00	-1030.00	40.00	1.22	0.18	0.49	210.00	-890.00	530.00	-1.28	-0.79	0.67
-250.00	-1000.00	340.00	0.61	-0.61	2.38	120.00	-830.00	-340.00	-0.24	-0.30	1.52	90.00	-1030.00	40.00	0.67	0.67	0.43	210.00	-890.00	530.00	-1.46	-0.73	0.61
-250.00	-1000.00	340.00	0.67	-0.24	2.38	130.00	-830.00	-330.00	-0.24	-0.30	1.52	90.00	-1030.00	40.00	0.24	0.85	0.43	210.00	-890.00	530.00	-1.46	-0.73	0.61
-240.00	-1000.00	340.00	0.61	-0.06	2.20	120.00	-840.00	-330.00	-0.30	-0.37	1.89	90.00	-1030.00	40.00	0.73	0.61	0.49	210.00	-890.00	540.00	-1.40	-0.85	0.49
-240.00	-1000.00	340.00	0.67	-0.24	2.20	120.00	-840.00	-340.00	-0.37	-0.61	2.38	90.00	-1030.00	40.00	0.91	0.37	0.49	210.00	-880.00	530.00	-1.40	-0.85	0.43
-250.00	-1000.00	340.00	0.67	-0.43	2.07	120.00	-840.00	-340.00	-0.18	-0.91	2.56	90.00	-1030.00	40.00	1.28	0.18	0.30	210.00	-880.00	530.00	-1.22	-1.10	0.30
-250.00	-1010.00	330.00	0.61	-0.37	2.07	120.00	-840.00	-330.00	-0.12	-0.85	2.44	90.00	-1030.00	40.00	1.34	0.12	0.30	210.00	-890.00	530.00	-1.22	-1.10	0.30
-250.00	-1000.00	340.00	0.61	-0.30	2.07	130.00	-840.00	-330.00	0.06	-0.73	2.32	90.00	-1030.00	40.00	1.22	0.30	0.24	210.00	-890.00	530.00	-1.40	-1.22	0.24
-250.00	-1000.00	330.00	0.61	-0.30	2.26	120.00	-840.00	-330.00	0.18	-0.67	2.13	90.00	-1030.00	40.00	0.91	0.73	0.18	210.00	-890.00	530.00	-1.40	-1.40	0.24
-250.00	-1010.00	330.00	0.55	-0.24	2.56	120.00	-850.00	-330.00	0.30	-0.67	1.95	90.00	-1030.00	40.00	0.79	0.79	0.24	210.00	-890.00	530.00	-1.40	-1.40	0.24
-260.00	-1000.00	330.00	0.49	-0.12	2.56	130.00	-830.00	-330.00	0.24	-0.73	1.89	90.00	-1030.00	40.00	1.16	0.73	0.18	210.00	-880.00	530.00	-1.40	-1.40	0.24
-250.00	-1000.00	340.00	0.49	-0.12	2.50	110.00	-840.00	-340.00	0.18	-0.85	2.13	80.00	-1030.00	40.00	1.16	0.55	0.24	210.00	-880.00	530.00	-1.83	-1.52	0.30
-250.00	-1000.00	340.00	0.61	-0.24	2.62	110.00	-830.00	-340.00	0.18	-0.91	2.38	90.00	-1020.00	40.00	0.85	0.61	0.24	210.00	-880.00	530.00	-1.83	-1.46	0.43
-250.00	-1010.00	340.00	0.61	-0.37	2.62	120.00	-830.00	-340.00	-0.12	-0.98	2.62	90.00	-1030.00	40.00	0.61	0.67	0.24	200.00	-890.00	530.00	-1.83	-1.46	0.43
-250.00	-1000.00	340.00	0.43	-0.30	2.50	110.00	-830.00	-330.00	-0.30	-0.79	2.68	90.00	-1030.00	50.00	0.61	0.43	0.37	210.00	-880.00	530.00	-1.83	-1.16	0.61
-250.00	-1000.00	340.00	0.49	-0.37	2.50	120.00	-840.00	-330.00	-0.30	-0.73	2.68	90.00	-1030.00	50.00	0.30	0.55	0.43	200.00	-880.00	530.00	-1.83	-1.16	0.61
-250.00	-1000.00	340.00	0.43	-0.43	2.44	120.00	-840.00	-340.00	-0.18	-0.73	2.68	90.00	-1030.00	50.00	0.06	0.67	0.43	200.00	-880.00	530.00	-1.95	-1.16	0.73
-250.00	-1000.00	330.00	0.43	-0.18	2.26	120.00	-840.00	-340.00	-0.18	-0.79	2.56	90.00	-1020.00	40.00	-0.30	0.91	0.43	200.00	-880.00	520.00	-1.83	-0.91	0.79
-260.00	-1000.00	340.00	0.43	-0.18	2.13	120.00	-840.00	-330.00	0.00	-0.73	2.50	90.00	-1030.00	50.00	-0.49	1.10	0.55	210.00	-880.00	530.00	-1.71	-0.91	0.85
-260.00	-1000.00	340.00	0.43	-0.30	2.13	120.00	-840.00	-330.00	0.00	-0.85	2.38	80.00	-1030.00	40.00	-0.79	1.22	0.55	210.00	-880.00	530.00	-1.71	-0.91	0.85
-250.00	-1000.00	340.00	0.43	-0.49	2.07	120.00	-840.00	-340.00	-0.12	-0.79	2.38	90.00	-1030.00	40.00	-0.91	1.16	0.61	210.00	-880.00	530.00	-1.95	-0.85	1.04
-250.00	-1000.00	340.00	0.55	-0.85	2.01	110.00	-830.00	-340.00	-0.18	-0.67	2.38	90.00	-1030.00	40.00	-0.67	0.98	0.73	210.00	-890.00	530.00	-1.95	-0.85	1.04
-250.00	-990.00	340.00	0.55	-1.22	1.71	110.00	-840.00	-340.00	-0.24	-0.61	2.20	90.00	-1030.00	50.00	-0.67	0.79	0.79	210.00	-890.00	520.00	-1.95	-0.85	1.10
-260.00	-1000.00	330.00	0.61	-1.22	1.71	110.00	-840.00	-340.00	-0.12	-0.55	1.95	90.00	-1030.00	50.00	-0.67	0.73	0.85	210.00	-890.00	520.00	-1.95	-0.85	1.10
-260.00	-1000.00	340.00	0.49	-1.16	1.77	120.00	-840.00	-330.00	-0.18	-0.49	1.71	90.00	-1030.00	50.00	-0.55	0.43	0.85	210.00	-890.00	520.00	-1.89	-1.04	1.22
-250.00	-990.00	340.00	0.30	-0.98	1.83	110.00	-840.00	-340.00	-0.24	-0.24	1.34	80.00	-1030.00	40.00	-0.37	0.18	0.79	210.00	-890.00	520.00	-1.89	-1.04	1.22
-260.00	-990.00	330.00	0.30	-0.73	1.89	110.00	-840.00	-330.00	-0.37	-0.12	1.16	80.00	-1030.00	40.00	-0.49	0.18	0.73	210.00	-880.00	530.00	-1.83	-1.04	1.22
-260.00	-1000.00	340.00	0.24	-0.61	1.95	110.00	-830.00	-340.00	-0.37	0.00	0.91	90.00	-1030.00	50.00	-0.55	0.37	0.73	210.00	-880.00	530.00	-1.83	-0.85	1.16
-260.00	-1000.00	340.00	0.30	-0.61	1.89	110.00	-830.00	-330.00	-0.55	0.06	0.98	90.00	-1030.00	40.00	-0.67	0.55	0.79	210.00	-890.00	520.00	-1.83	-0.85	1.16
-250.00	-1000.00	340.00	0.24	-0.61	1.77	110.00	-830.00	-330.00	-0.73	0.06	1.22	90.00	-1030.00	40.00	-1.10	0.61	0.67	210.00	-890.00	520.00	-1.83	-0.73	1.10
-250.00	-1000.00	340.00	0.18	-0.49	1.65	110.00	-830.00	-330.00	-0.85	-0.18	1.46	90.00	-1030.00	40.00	-1.40	0.73	0.55	210.00	-890.00	520.00	-1.83	-0.73	1.10
-250.00	-1000.00	340.00	0.24	-0.73	1.71	110.00	-840.00	-340.00	-0.79	-0.37	1.71	90.00	-1030.00	40.00	-1.10	0.73	0.43	210.00	-890.00	520.00	-1.65	-0.55	0.98
-250.00	-1000.00	340.00	0.30	-0.91	1.71	110.00	-830.00	-330.00	-0.73	-0.37	1.65	80.00	-1030.00	40.00	-1.16	0.79	0.37	210.00	-890.00	520.00	-1.65	-0.55	0.98
-260.00	-1000.00	330.00	0.30	-0.98	1.52	110.00	-840.00	-330.00	-0.55	-0.49	1.59	90.00	-1040.00	40.00	-1.34	0.91	0.24	210.00	-890.00	530.00	-1.59	-0.55	0.79
-260.00	-1000.00	330.00	0.49	-0.98	1.46	110.00	-840.00	-340.00	-0.49	-0.37	1.46	90.00	-1030.00	40.00	-1.46	1.10	0.18	210.00	-890.00	530.00	-1.52	-0.43	0.67
-260.00	-1000.00	340.00	0.49	-1.04	1.59	110.00	-840.00	-340.00	-0.37	-0.30	1.22	80.00	-1030.00	50.00	-1.59	1.04	0.06	210.00	-890.00	530.00	-1.52	-0.43	0.67
-260.00	-1000.00	340.00	0.18	-1.04	1.52	110.00	-840.00	-330.00	-0.30	-0.30	1.10	90.00	-1030.00	40.00	-1.52	0.91	0.12	210.00	-890.00	530.00	-1.52	-0.43	0.67
-250.00	-1000.00	340.00	0.18	-0.98	1.46	110.00	-840.00	-330.00	-0.30	-0.30	1.04	80.00	-1030.00	40.00	-1.65	0.85	0.06	210.00	-890.00	520.00	-1.46	-0.30	0.61
-260.00	-1000.00	340.00	0.00	-0.98	1.40	110.00	-830.00	-330.00	-0.49	-0.12	0.91	90.00	-1030.00	40.00	-1.65	0.79	0.12	210.00	-890.00	520.00	-1.40	-0.30	0.67
-250.00	-1000.00	340.00	0.00	-0.79	1.40	110.00	-840.00	-340.00	-0.61	-0.06	0.79	80.00	-1030.00	40.00	-1.59	0.91	0.18	210.00	-890.00	520.00	-1.40	-0.30	0.67
-260.00	-1000.00	340.00	-0.18	-0.55	1.22	110.00	-840.00	-330.00	-0.67	-0.06	0.73	90.00	-1030.00	40.00	-1.10	0.73	0.18	210.00	-890.00	520.00	-1.40	-0.30	0.67
-260.00	-1000.00	340.00	-0.30	-0.37	1.16	110.00	-840.00	-340.00	-0.73	0.12	0.73	80.00	-1030.00	40.00	-0.30	0.00	0.24	200.00	-890.00	520.00	-1.34	-0.43	0.73
-260.00	-1000.00	340.00	-0.18	-0.43	1.22	110.00	-830.00	-340.00	-0.91	0.12	0.67	80.00	-1030.00	40.00	0.00	-0.30	0.24	210.00	-890.00	520.00	-1.34	-0.43	0.73
-260.00	-1000.00	340.00	-0.18	-0.43	1.22	100.00	-840.00	-330.00	-0.98	0.06	0.55	90.00	-1030.00	30.00	-0.06	0.00	0.24	210.00	-890.00	520.00	-1.34	-0.43	0.73
-260.00	-1000.00	340.00	-0.12	-0.49	1.34	110.00	-840.00	-330.00	-1.16	0.18	0.43	90.00	-1030.00	40.00	0.12	0.12	0.37	210.00	-890.00	520.00	-1.34	-0.43	0.73
-260.00	-990.00	340.00	0.18	-0.61	1.52	100.00	-840.00	-330.00	-1.22	0.30	0.43	90.00	-1030.00	40.00	0.37	-0.12	0.37	210.00	-890.00	520.00	-1.46	-0.73	0.61
-260.00	-1000.00	340.00	0.24	-0.55	1.71	110.00	-840.00	-330.00	-1.10	0.24	0.49	90.00	-1030.00	40.00	0.24	0.06	0.43	210.00	-890.00	520.00	-1.46	-0.73	0.61
-260.00	-990.00	340.00	0.18	-0.61	2.01	110.00	-840.00	-330.00	-1.04	0.06	0.55	90.00	-1030.00	40.00	0.24	0.24	0.37	210.00	-890.00	520.00	-1.46	-0.73	0.61
-260.00	-1000.00	340.00	0.43	-0.37	2.01	110.00	-840.00	-330.00	-0.73	-0.12	0.91	90.00	-1020.00	40.00	0.37	0.12	0.43	210.00	-890.00	520.00	-1.52	-0.85	0.61
-250.00	-1000.00	330.00	0.61	-0.24	2.13	110.00	-840.00	-330.00	-0.73	-0.30	1.34	90.00	-1030.00	40.00	0.30	0.37	0.49	210.00	-890.00	530.00	-1.71	-0.98	0.55
-260.00	-1010.00	340.00	0.49	-0.37	2.20	110.00	-840.00	-340.00	-0.91	-0.43	1.77	80.00	-1030.00	40.00	0.18	0.73	0.43	210.00	-890.00	530.00	-1.71	-0.98	0.55
-260.00	-1000.00	340.00	0.37	-0.06	2.07	110.00	-840.00	-330.00	-0.79	-0.49	1.83	80.00	-1030.00	40.00	0.24	0.98	0.55	210.00	-890.00	530.00	-1.71	-0.98	0.55
-250.00	-1000.00	340.00	0.30	0.12	1.95	110.00	-840.00	-340.00	-0.61	-0.49	1.95	80.00	-1030.00	40.00	0.18	1.46	0.49	210.00	-880.00	520.00	-1.34	-0.79	0.37
-250.00	-1000.00	340.00	0.30	0.12	1.83	120.00	-840.00	-340.00	-0.43	-0.67	2.26	90.00	-1030.00	40.00	-0.18	1.65	0.43	210.00	-880.00	520.00	-1.34	-0.79	0.37
-260.00	-1000.00	340.00	0.49	-0.06	1.83	120.00	-850.00	-340.00	-0.43	-0.85	2.38	90.00	-1030.00	40.00	-0.49	1.83	0.37	210.00	-880.00	520.00	-1.34	-0.79	0.37
-260.00	-1000.00	340.00	0.55	-0.18	1.59	110.00	-840.00	-340.00	-0.55	-0.73	2.38	80.00	-1030.00	40.00	-0.67	1.95	0.30	210.00	-880.00	520.00	-1.04	-0.67	0.30
-260.00	-1000.00	340.00	0.37	-0.24	1.46	110.00	-840.00	-340.00	-0.37	-0.85	2.26	80.00	-1030.00	40.00	-0.55	1.95	0.24	210.00	-890.00	530.00	-0.98	-0.55	0.43
-260.00	-1000.00	340.00	0.49	-0.24	1.40	110.00	-840.00	-340.00	-0.18	-0.98	2.13	80.00	-1030.00	40.00	-0.49	1.83	0.24	210.00	-890.00	530.00	-0.61	-0.67	0.67
-260.00	-1000.00	340.00	0.43	-0.30	1.28	120.00	-840.00	-340.00	0.12	-0.98	1.89	80.00	-1030.00	40.00	-0.43	1.89	0.30	210.00	-890.00	530.00	-0.61	-0.67	0.67
-260.00	-1000.00	330.00	0.37	-0.30	1.40	110.00	-840.00	-330.00	0.43	-0.98	1.77	80.00	-1030.00	40.00	-0.30	1.89	0.55	210.00	-890.00	520.00	-0.61	-0.67	0.67
-260.00	-1000.00	330.00	0.37	0.00	1.34	100.00	-840.00	-330.00	0.49	-0.91	1.46	80.00	-1030.00	40.00	-0.18	1.71	0.67	210.00	-890.00	520.00	-0.73	-1.10	1.04
-260.00	-990.00	330.00	0.37	0.30	1.40	110.00	-840.00	-330.00	0.49	-0.85	1.34	90.00	-1030.00	40.00	-0.06	1.34	0.67	210.00	-890.00	520.00	-0.73	-1.10	1.04
-260.00	-1000.00	330.00	0.55	0.30	1.40	110.00	-830.00	-340.00	0.43	-0.67	1.28	80.00	-1030.00	40.00	0.18	1.16	0.85	210.00	-890.00	520.00	-0.73	-1.10	1.04
-260.00	-1000.00	340.00	0.85	0.12	1.40	100.00	-830.00	-340.00	0.37	-0.61	1.28	80.00	-1030.00	40.00	0.06	1.28	0.91	210.00	-890.00	520.00	-0.85	-0.91	1.28
-260.00	-1000.00	340.00	1.04	0.00	1.46	100.00	-830.00	-340.00	0.24	-0.49	1.40	80.00	-1030.00	40.00	0.00	1.52	1.04	210.00	-890.00	520.00	-0.85	-0.91	1.28
-260.00	-1000.00	350.00	1.22	-0.37	1.65	110.00	-840.00	-340.00	0.37	-0.55	1.46	80.00	-1030.00	40.00	-0.06	1.52	1.22	210.00	-890.00	520.00	-0.85	-1.10	1.52
-260.00	-1000.00	340.00	1.59	-0.67	1.71	110.00	-840.00	-340.00	0.49	-0.73	1.52	80.00	-1030.00	40.00	-0.06	1.40	1.22	210.00	-890.00	520.00	-0.73	-0.91	1.46
-260.00	-1010.00	340.00	1.83	-1.04	1.89	100.00	-840.00	-340.00	0.61	-0.85	1.65	80.00	-1030.00	40.00	-0.12	1.34	1.28	210.00	-890.00	520.00	-0.73	-0.91	1.46
-270.00	-1000.00	330.00	2.01	-1.28	2.07	110.00	-840.00	-330.00	0.85	-0.98	1.65	90.00	-1030.00	40.00	-0.37	1.40	1.16	210.00	-890.00	530.00	-0.73	-0.91	1.46
-260.00	-1010.00	330.00	2.20	-1.77	2.20	100.00	-840.00	-330.00	0.91	-0.98	1.65	90.00	-1030.00	40.00	-0.49	1.10	1.16	210.00	-890.00	530.00	-0.18	-0.18	1.46
-260.00	-1000.00	330.00	2.32	-2.07	2.20	100.00	-840.00	-330.00	1.22	-1.16	1.71	80.00	-1030.00	40.00	-0.49	1.28	1.04	210.00	-890.00	520.00	0.00	0.18	1.52
-260.00	-1000.00	330.00	2.62	-2.44	2.38	100.00	-840.00	-340.00	1.52	-1.28	1.71	90.00	-1030.00	40.00	-0.37	1.10	1.16	210.00	-890.00	520.00	0.00	0.18	1.52
-260.00	-1000.00	330.00	2.87	-2.74	2.44	110.00	-840.00	-340.00	1.52	-1.22	1.65	80.00	-1030.00	40.00	-0.24	0.91	1.16	210.00	-890.00	520.00	0.49	1.16	1.71
-260.00	-1000.00	330.00	2.87	-2.99	2.56	110.00	-840.00	-340.00	1.65	-1.10	1.71	80.00	-1030.00	50.00	-0.06	0.91	1.16	210.00	-890.00	520.00	0.37	0.55	1.89
-260.00	-1000.00	340.00	2.80	-3.11	2.56	100.00	-840.00	-340.00	1.52	-0.98	1.77	80.00	-1030.00	40.00	-0.12	0.79	1.22	210.00	-890.00	520.00	0.37	0.55	1.89
-260.00	-1000.00	340.00	2.80	-3.17	2.68	100.00	-840.00	-340.00	1.40	-0.79	1.71	80.00	-1030.00	40.00	-0.06	0.79	1.22	200.00	-890.00	520.00	0.37	0.18	1.89
-260.00	-1000.00	340.00	2.87	-3.11	2.68	110.00	-840.00	-340.00	1.46	-0.61	1.65	90.00	-1030.00	40.00	-0.06	0.79	1.22	200.00	-890.00	520.00	0.30	-0.18	1.95
-260.00	-1000.00	330.00	2.74	-2.99	2.56	100.00	-840.00	-340.00	1.52	-0.37	1.40	80.00	-1030.00	40.00	0.06	0.91	1.16	210.00	-890.00	520.00	0.85	0.18	1.16
-260.00	-990.00	340.00	2.56	-2.50	2.32	100.00	-840.00	-330.00	1.40	-0.30	1.52	80.00	-1030.00	40.00	0.00	0.55	1.22	210.00	-890.00	520.00	0.73	0.18	1.10
-260.00	-1000.00	340.00	2.38	-2.20	1.95	100.00	-840.00	-330.00	1.22	-0.12	1.59	80.00	-1030.00	40.00	0.06	0.43	1.28	210.00	-890.00	520.00	0.73	0.18	1.10
-260.00	-1000.00	340.00	2.20	-2.20	1.71	110.00	-830.00	-340.00	0.98	0.24	1.46	80.00	-1030.00	40.00	0.18	0.18	1.40	210.00	-890.00	520.00	0.85	0.06	0.98
-260.00	-990.00	340.00	2.01	-2.01	1.34	100.00	-840.00	-340.00	0.85	0.30	1.40	80.00	-1030.00	40.00	0.12	0.24	1.34	210.00	-890.00	520.00	0.79	-0.06	0.79
-260.00	-1000.00	340.00	1.83	-1.71	0.98	100.00	-850.00	-330.00	0.85	0.43	1.10	80.00	-1030.00	40.00	0.30	-0.12	1.34	200.00	-890.00	520.00	0.73	-0.30	0.49
-270.00	-990.00	350.00	1.71	-1.46	0.61	100.00	-840.00	-330.00	0.73	0.43	0.98	80.00	-1030.00	30.00	0.49	0.12	1.28	200.00	-890.00	520.00	0.73	-0.30	0.49
-260.00	-990.00	340.00	1.65	-1.16	0.49	100.00	-840.00	-330.00	0.79	0.30	0.85	80.00	-1030.00	40.00	0.61	0.30	1.34	200.00	-890.00	520.00	0.67	-0.24	0.49
-270.00	-990.00	330.00	1.52	-0.98	0.37	100.00	-850.00	-330.00	1.10	0.12	0.55	80.00	-1030.00	40.00	0.85	-0.12	1.28	200.00	-890.00	530.00	0.67	-0.24	0.49
-270.00	-990.00	340.00	1.52	-0.98	0.30	90.00	-840.00	-330.00	1.34	0.12	0.30	80.00	-1030.00	40.00	0.85	0.06	1.10	200.00	-890.00	530.00	0.49	0.24	0.30
-260.00	-990.00	350.00	1.59	-1.04	0.30	100.00	-850.00	-320.00	1.40	0.00	0.12	80.00	-1030.00	40.00	0.67	0.30	1.04	200.00	-890.00	530.00	0.30	0.12	0.24
-260.00	-1000.00	350.00	1.65	-1.28	0.18	90.00	-840.00	-340.00	1.22	0.06	0.06	80.00	-1030.00	40.00	0.61	0.43	0.85	200.00	-890.00	530.00	0.30	0.12	0.24
-260.00	-1000.00	340.00	1.65	-1.40	0.06	100.00	-840.00	-330.00	1.10	0.06	-0.12	80.00	-1030.00	40.00	0.49	0.55	0.79	200.00	-890.00	530.00	0.30	0.18	0.12
-270.00	-1000.00	350.00	1.59	-1.34	0.00	100.00	-830.00	-330.00	1.22	0.18	-0.37	80.00	-1030.00	40.00	0.24	0.67	0.67	200.00	-890.00	530.00	0.30	0.18	0.12
-260.00	-1000.00	340.00	1.34	-1.22	-0.12	100.00	-840.00	-330.00	1.46	0.24	-0.55	70.00	-1030.00	40.00	0.24	0.73	0.55	200.00	-890.00	520.00	0.24	0.43	-0.30
-270.00	-1000.00	340.00	1.22	-1.16	-0.12	100.00	-850.00	-330.00	1.59	0.43	-0.85	80.00	-1030.00	40.00	0.24	0.73	0.55	210.00	-890.00	520.00	0.24	0.43	-0.30
-260.00	-1000.00	340.00	1.22	-1.04	-0.12	100.00	-840.00	-330.00	1.71	0.55	-1.04	70.00	-1030.00	40.00	-0.12	0.98	0.37	210.00	-890.00	530.00	0.30	0.55	-0.49
-260.00	-1000.00	340.00	1.16	-0.85	-0.18	100.00	-840.00	-330.00	1.65	0.55	-1.16	80.00	-1030.00	50.00	-0.12	0.85	0.24	200.00	-890.00	530.00	0.37	0.55	-0.61
-260.00	-990.00	350.00	1.04	-0.73	0.00	100.00	-840.00	-330.00	1.46	0.55	-1.22	80.00	-1030.00	40.00	0.18	0.49	0.24	200.00	-890.00	530.00	0.37	0.55	-0.61
-260.00	-1000.00	340.00	1.10	-1.10	0.24	100.00	-840.00	-330.00	1.22	0.79	-1.16	70.00	-1030.00	50.00	0.49	0.37	0.30	200.00	-890.00	520.00	0.24	0.61	-0.73
-260.00	-1000.00	340.00	1.28	-1.28	0.55	100.00	-840.00	-330.00	1.04	0.67	-1.28	70.00	-1030.00	40.00	0.67	0.24	0.30	200.00	-890.00	530.00	0.24	0.61	-0.73
-260.00	-1000.00	350.00	1.59	-1.59	0.61	100.00	-840.00	-330.00	0.85	0.67	-1.22	80.00	-1030.00	40.00	0.61	0.18	0.06	200.00	-890.00	530.00	0.18	0.49	-0.55
-260.00	-1000.00	350.00	1.65	-1.83	0.79	100.00	-840.00	-330.00	0.79	0.67	-1.04	80.00	-1040.00	40.00	0.67	0.24	0.18	200.00	-890.00	520.00	0.18	0.49	-0.55
-260.00	-1000.00	340.00	1.59	-1.89	1.04	100.00	-840.00	-330.00	0.91	0.49	-0.85	70.00	-1030.00	40.00	0.55	0.30	0.12	200.00	-890.00	530.00	0.12	0.49	-0.55
-260.00	-1000.00	340.00	1.65	-1.77	1.16	100.00	-840.00	-320.00	0.85	0.37	-0.73	80.00	-1030.00	40.00	0.37	0.30	0.12	200.00	-890.00	530.00	0.18	0.24	-0.43
-260.00	-1000.00	340.00	1.65	-1.95	1.28	100.00	-850.00	-320.00	0.85	0.30	-0.43	80.00	-1030.00	40.00	0.30	0.30	0.06	200.00	-880.00	530.00	0.18	0.24	-0.43
-260.00	-1000.00	340.00	1.71	-1.95	1.34	100.00	-850.00	-320.00	0.98	0.37	-0.24	80.00	-1030.00	50.00	0.30	0.24	0.12	200.00	-890.00	530.00	-0.12	0.00	-0.43
-250.00	-1000.00	340.00	1.59	-1.77	1.46	100.00	-840.00	-330.00	0.85	0.24	-0.12	80.00	-1030.00	40.00	0.37	0.30	0.06	200.00	-890.00	530.00	-0.12	0.00	-0.43
-260.00	-990.00	350.00	1.52	-1.77	1.46	110.00	-840.00	-330.00	0.67	0.49	0.00	80.00	-1030.00	40.00	0.55	0.18	0.00	200.00	-890.00	530.00	0.12	0.30	-0.43
-250.00	-990.00	350.00	1.59	-1.71	1.40	110.00	-840.00	-330.00	0.24	0.67	0.18	70.00	-1030.00	40.00	0.49	0.12	-0.06	200.00	-890.00	530.00	0.12	0.30	-0.43
-250.00	-1000.00	350.00	1.46	-1.59	1.34	100.00	-840.00	-330.00	0.06	0.73	0.30	80.00	-1030.00	40.00	0.43	0.12	-0.18	200.00	-890.00	530.00	0.18	0.49	-0.37
-250.00	-1000.00	350.00	1.46	-1.52	1.16	110.00	-840.00	-330.00	0.00	0.73	0.49	80.00	-1030.00	50.00	0.43	0.06	-0.37	200.00	-890.00	530.00	0.06	0.43	-0.37
-260.00	-1000.00	350.00	1.40	-1.65	1.28	110.00	-850.00	-330.00	0.00	0.61	0.55	70.00	-1030.00	40.00	0.12	0.12	-0.49	200.00	-890.00	530.00	-0.06	0.55	-0.12
-260.00	-1000.00	340.00	1.34	-1.77	1.28	100.00	-840.00	-320.00	0.06	0.49	0.61	80.00	-1030.00	40.00	0.06	0.37	-0.61	200.00	-880.00	530.00	-0.06	0.55	-0.12
-260.00	-990.00	350.00	1.28	-1.52	1.22	110.00	-840.00	-330.00	0.06	0.55	0.55	80.00	-1030.00	40.00	-0.06	0.43	-0.67	200.00	-880.00	530.00	-0.12	0.37	-0.06
-260.00	-1000.00	340.00	1.28	-1.34	1.34	100.00	-840.00	-330.00	0.12	0.55	0.43	80.00	-1030.00	40.00	0.00	0.30	-0.79	210.00	-890.00	530.00	-0.24	0.18	0.06
-260.00	-1000.00	340.00	1.22	-1.40	1.34	110.00	-850.00	-320.00	0.30	0.43	0.37	70.00	-1030.00	50.00	0.18	0.24	-0.73	200.00	-890.00	530.00	-0.37	0.18	0.00
-260.00	-990.00	350.00	1.22	-1.22	1.28	110.00	-840.00	-320.00	0.30	0.49	0.30	70.00	-1030.00	40.00	0.18	0.18	-0.73	200.00	-880.00	530.00	-0.30	0.06	0.06
-260.00	-990.00	350.00	1.34	-1.40	1.22	110.00	-850.00	-330.00	0.18	0.49	0.37	80.00	-1030.00	40.00	0.49	0.06	-0.67	200.00	-880.00	530.00	-0.43	0.00	0.18
-260.00	-1000.00	350.00	1.40	-1.52	1.22	100.00	-840.00	-330.00	0.06	0.37	0.61	70.00	-1030.00	40.00	0.49	0.12	-0.79	200.00	-880.00	530.00	-0.55	0.00	0.18
-250.00	-1000.00	350.00	1.34	-1.40	1.16	100.00	-840.00	-330.00	0.06	0.37	0.61	80.00	-1030.00	40.00	0.55	0.06	-0.79	200.00	-880.00	530.00	-0.55	0.00	0.18
-260.00	-1000.00	350.00	1.28	-1.34	1.22	110.00	-840.00	-330.00	0.00	0.30	0.55	70.00	-1030.00	40.00	0.49	-0.12	-0.73	200.00	-880.00	530.00	-0.55	-0.06	0.24
-260.00	-1000.00	350.00	1.22	-1.28	1.40	100.00	-840.00	-330.00	0.06	0.24	0.55	70.00	-1030.00	50.00	0.37	0.06	-0.67	200.00	-880.00	530.00	-0.61	-0.12	0.24
-260.00	-1000.00	350.00	1.10	-1.04	1.22	100.00	-850.00	-320.00	0.24	0.18	0.55	80.00	-1030.00	50.00	0.49	0.06	-0.61	200.00	-890.00	530.00	-0.73	-0.12	0.24
-260.00	-1000.00	350.00	0.98	-1.04	1.22	110.00	-850.00	-330.00	0.12	0.24	0.61	80.00	-1030.00	40.00	0.49	-0.06	-0.67	200.00	-890.00	530.00	-0.73	-0.12	0.24
-260.00	-1000.00	350.00	0.98	-1.04	1.16	110.00	-840.00	-330.00	0.12	0.24	0.73	80.00	-1030.00	40.00	0.67	-0.06	-0.55	200.00	-890.00	530.00	-0.61	0.06	0.37
-260.00	-1000.00	350.00	0.91	-0.98	1.10	110.00	-840.00	-320.00	0.12	0.12	0.79	80.00	-1030.00	40.00	0.85	-0.24	-0.55	200.00	-890.00	530.00	-0.55	0.18	0.49
-260.00	-1000.00	350.00	0.98	-1.04	1.16	100.00	-840.00	-330.00	-0.06	0.06	0.85	80.00	-1030.00	50.00	0.73	-0.06	-0.61	200.00	-890.00	530.00	-0.55	0.18	0.49
-260.00	-1000.00	350.00	1.10	-1.22	1.16	100.00	-850.00	-330.00	-0.06	0.06	0.79	70.00	-1030.00	40.00	0.73	0.06	-0.55	210.00	-880.00	530.00	-0.55	0.18	0.49
-260.00	-990.00	350.00	1.10	-1.16	1.22	110.00	-850.00	-330.00	0.00	0.06	0.67	80.00	-1030.00	40.00	0.67	-0.06	-0.61	200.00	-890.00	530.00	-0.79	0.12	0.55
-260.00	-1000.00	350.00	1.10	-1.28	1.34	110.00	-840.00	-320.00	0.00	0.12	0.67	80.00	-1030.00	40.00	0.67	0.06	-0.67	200.00	-890.00	530.00	-0.73	0.12	0.73
-260.00	-1000.00	350.00	1.22	-1.28	1.34	110.00	-850.00	-320.00	0.06	0.00	0.61	80.00	-1030.00	40.00	0.61	0.37	-0.55	200.00	-890.00	530.00	-0.73	0.12	0.73
-260.00	-1000.00	350.00	1.22	-1.28	1.34	110.00	-850.00	-320.00	0.12	0.06	0.43	80.00	-1030.00	40.00	0.49	0.43	-0.43	200.00	-890.00	530.00	-0.73	0.43	1.16
-260.00	-1000.00	350.00	1.22	-1.22	1.28	100.00	-850.00	-330.00	0.12	0.06	0.49	80.00	-1030.00	40.00	0.37	0.24	-0.30	200.00	-880.00	540.00	-1.22	0.61	1.89
-260.00	-1000.00	350.00	1.04	-1.28	1.28	110.00	-850.00	-320.00	0.12	0.12	0.61	80.00	-1030.00	50.00	0.43	0.12	-0.43	200.00	-880.00	530.00	-1.59	0.79	2.38
-260.00	-1000.00	350.00	1.04	-1.22	1.28	110.00	-840.00	-330.00	0.00	0.12	0.67	80.00	-1030.00	40.00	0.24	0.30	-0.43	200.00	-880.00	530.00	-1.59	0.79	2.38
-260.00	-1000.00	350.00	1.10	-1.22	1.34	100.00	-840.00	-330.00	-0.24	0.18	0.73	70.00	-1030.00	40.00	0.06	0.30	-0.37	200.00	-880.00	530.00	-3.17	1.22	2.99
-260.00	-990.00	350.00	1.04	-1.40	1.34	100.00	-840.00	-320.00	-0.24	0.37	0.67	80.00	-1030.00	50.00	0.00	0.12	-0.37	200.00	-890.00	530.00	-3.17	1.22	2.99
-260.00	-990.00	350.00	0.85	-1.52	1.22	110.00	-840.00	-330.00	-0.18	0.37	0.67	80.00	-1030.00	50.00	-0.12	0.30	-0.37	200.00	-890.00	530.00	-3.72	2.44	3.84
-260.00	-1000.00	350.00	0.85	-1.34	1.22	110.00	-850.00	-330.00	-0.24	0.43	0.61	80.00	-1030.00	50.00	-0.12	0.18	-0.37	200.00	-890.00	530.00	-3.72	2.44	3.84
-260.00	-1000.00	350.00	0.79	-1.22	1.22	100.00	-840.00	-330.00	-0.18	0.43	0.55	80.00	-1030.00	50.00	0.18	0.12	-0.18	200.00	-890.00	530.00	-5.67	3.72	6.65
-260.00	-990.00	350.00	0.91	-1.04	1.16	110.00	-840.00	-320.00	-0.24	0.43	0.43	80.00	-1030.00	50.00	0.12	0.18	-0.18	200.00	-890.00	540.00	-6.89	4.21	7.80
-260.00	-990.00	340.00	0.91	-1.04	1.10	100.00	-840.00	-320.00	-0.24	0.49	0.37	80.00	-1030.00	40.00	0.24	0.12	-0.12	200.00	-890.00	540.00	-6.89	4.21	7.80
-260.00	-990.00	360.00	0.85	-1.22	1.16	100.00	-840.00	-320.00	-0.24	0.37	0.49	80.00	-1030.00	40.00	0.43	-0.12	-0.18	200.00	-880.00	550.00	-8.84	5.24	10.61
-260.00	-990.00	350.00	0.85	-1.16	1.16	110.00	-840.00	-320.00	-0.30	0.18	0.55	80.00	-1030.00	50.00	0.55	-0.24	-0.30	210.00	-890.00	530.00	-8.84	5.24	10.61
-260.00	-1000.00	350.00	0.85	-1.22	1.28	100.00	-840.00	-320.00	-0.18	0.12	0.61	80.00	-1030.00	40.00	0.37	0.00	-0.18	220.00	-880.00	540.00	-10.12	5.91	12.50
-260.00	-1000.00	350.00	0.85	-1.22	1.28	110.00	-840.00	-320.00	-0.06	-0.06	0.61	80.00	-1030.00	50.00	0.24	0.00	-0.18	200.00	-880.00	540.00	-10.12	5.91	12.50
-260.00	-1000.00	350.00	0.85	-1.22	1.28	100.00	-840.00	-330.00	-0.06	-0.12	0.55	80.00	-1030.00	50.00	0.18	0.00	-0.12	200.00	-880.00	540.00	-9.70	7.20	17.50
-260.00	-1000.00	350.00	0.61	-1.65	1.16	110.00	-850.00	-320.00	-0.06	0.06	0.67	80.00	-1030.00	50.00	0.06	0.12	-0.18	210.00	-880.00	540.00	-9.70	7.20	17.50
-260.00	-1000.00	360.00	0.61	-1.65	1.16	110.00	-850.00	-330.00	-0.18	0.18	0.61	80.00	-1030.00	40.00	-0.12	0.30	-0.12	210.00	-880.00	540.00	-9.15	7.32	18.41
-260.00	-990.00	350.00	0.61	-1.65	1.16	100.00	-840.00	-320.00	-0.37	0.18	0.55	80.00	-1030.00	40.00	-0.30	0.37	-0.18	200.00	-880.00	540.00	-7.38	7.20	20.12
-260.00	-990.00	350.00	0.49	-1.59	0.98	100.00	-840.00	-330.00	-0.49	0.37	0.43	80.00	-1030.00	50.00	-0.49	0.30	-0.06	200.00	-880.00	540.00	-7.38	7.20	20.12
-260.00	-1000.00	350.00	0.49	-1.65	0.98	100.00	-850.00	-330.00	-0.67	0.55	0.30	80.00	-1030.00	50.00	-0.37	0.18	0.00	200.00	-880.00	540.00	-6.52	6.65	20.73
-260.00	-1000.00	350.00	0.49	-1.65	0.98	110.00	-850.00	-330.00	-0.85	0.55	0.24	80.00	-1030.00	50.00	-0.49	0.06	0.12	200.00	-890.00	530.00	-6.52	6.65	20.73
-260.00	-990.00	350.00	0.37	-1.52	0.91	100.00	-850.00	-320.00	-1.04	0.12	0.18	80.00	-1040.00	50.00	-0.49	0.06	0.24	200.00	-890.00	530.00	-3.72	5.85	21.46
-260.00	-990.00	350.00	0.06	-1.28	0.43	100.00	-840.00	-320.00	-1.22	-0.79	0.06	80.00	-1030.00	50.00	-0.61	0.00	0.24	180.00	-890.00	530.00	-1.52	5.61	23.29
-260.00	-990.00	350.00	0.06	-1.28	0.43	100.00	-840.00	-320.00	-1.22	-1.28	0.06	80.00	-1040.00	50.00	-0.61	-0.12	0.43	190.00	-910.00	510.00	-0.61	5.55	23.48
-260.00	-990.00	350.00	-0.18	-1.22	0.12	110.00	-840.00	-320.00	-1.22	-0.98	-0.12	80.00	-1030.00	50.00	-0.79	-0.18	0.91	190.00	-910.00	510.00	-0.61	5.55	23.48
-260.00	-990.00	350.00	-0.73	-1.16	-0.98	100.00	-840.00	-320.00	-1.40	-0.55	-0.37	80.00	-1030.00	40.00	-1.04	-0.12	1.04	190.00	-910.00	510.00	-0.61	5.55	23.48
-260.00	-990.00	350.00	-0.73	-1.16	-0.98	100.00	-840.00	-320.00	-1.59	-0.12	-0.67	80.00	-1030.00	40.00	-1.16	-0.37	1.28	160.00	-910.00	510.00	3.54	5.24	25.55
-260.00	-990.00	350.00	-0.79	-0.91	-1.95	100.00	-850.00	-320.00	-1.83	0.24	-1.10	80.00	-1030.00	50.00	-1.52	-0.91	1.77	160.00	-910.00	510.00	4.94	6.89	25.49
-260.00	-990.00	350.00	-0.67	-0.67	-2.50	100.00	-840.00	-320.00	-2.32	0.67	-1.65	80.00	-1030.00	40.00	-2.44	-0.30	2.13	150.00	-920.00	500.00	7.80	8.78	25.55
-260.00	-990.00	350.00	-0.18	-0.73	-2.20	100.00	-840.00	-320.00	-2.87	0.61	-2.32	80.00	-1030.00	40.00	-3.48	0.67	3.23	150.00	-910.00	510.00	7.80	8.78	25.55
-260.00	-980.00	350.00	0.24	-0.49	-1.59	100.00	-840.00	-320.00	-3.23	-1.34	-2.80	80.00	-1030.00	40.00	-3.41	0.06	4.39	150.00	-910.00	530.00	7.80	8.78	25.55
-270.00	-980.00	360.00	0.00	0.24	-1.22	100.00	-840.00	-320.00	-3.29	-5.85	-2.99	70.00	-1030.00	40.00	-3.84	0.67	5.24	150.00	-910.00	510.00	9.63	12.38	25.73
-270.00	-980.00	350.00	-0.73	1.10	-0.73	90.00	-840.00	-320.00	-2.99	-7.93	-2.99	80.00	-1030.00	50.00	-4.70	0.61	6.52	140.00	-920.00	500.00	10.55	13.23	25.43
-260.00	-990.00	340.00	-1.71	2.74	-0.73	90.00	-840.00	-330.00	-2.80	-7.99	-2.87	80.00	-1040.00	50.00	-5.55	0.00	7.99	140.00	-920.00	500.00	10.55	13.23	25.43
-250.00	-1000.00	340.00	-2.68	3.96	-1.10	90.00	-830.00	-320.00	-3.11	-7.56	-2.38	70.00	-1040.00	50.00	-6.52	0.37	9.39	110.00	-920.00	520.00	10.55	11.40	25.73
-240.00	-990.00	360.00	-2.93	3.78	-1.46	100.00	-830.00	-320.00	-2.99	-6.34	-1.59	80.00	-1040.00	70.00	-7.38	-0.30	11.16	110.00	-930.00	520.00	10.91	6.95	27.01
-250.00	-1010.00	370.00	-2.80	3.60	-2.32	110.00	-830.00	-320.00	-3.60	-4.70	-1.10	90.00	-1040.00	40.00	-8.05	-0.98	12.93	80.00	-930.00	520.00	10.91	6.95	27.01
-240.00	-1000.00	380.00	-2.44	3.17	-2.93	100.00	-830.00	-330.00	-4.70	-3.17	-1.10	80.00	-1040.00	60.00	-8.48	0.06	14.15	110.00	-920.00	530.00	10.55	6.10	27.44
-260.00	-1000.00	380.00	-1.71	2.26	-3.11	120.00	-840.00	-330.00	-4.57	-1.95	-1.59	90.00	-1040.00	60.00	-8.60	1.28	14.63	110.00	-920.00	530.00	10.06	4.27	26.95
-260.00	-1000.00	340.00	-0.79	1.52	-2.68	120.00	-860.00	-330.00	-3.35	-1.59	-2.26	90.00	-1040.00	50.00	-8.66	2.44	16.10	90.00	-920.00	530.00	9.33	1.16	26.83
-270.00	-1000.00	340.00	-0.12	0.85	-2.20	110.00	-870.00	-320.00	-2.44	-1.40	-2.68	90.00	-1050.00	50.00	-8.54	5.43	17.20	20.00	-890.00	570.00	9.33	1.16	26.83
-270.00	-1000.00	330.00	0.55	0.30	-1.34	110.00	-880.00	-320.00	-1.22	-1.22	-2.99	80.00	-1040.00	60.00	-8.17	6.83	18.41	20.00	-890.00	570.00	10.06	-1.59	26.10
-260.00	-1010.00	330.00	1.34	0.12	-0.49	90.00	-870.00	-320.00	-0.06	-1.22	-2.80	90.00	-1040.00	50.00	-7.62	7.68	19.27	40.00	-910.00	290.00	8.72	-3.60	24.02
-260.00	-1010.00	330.00	1.83	-0.43	0.18	100.00	-840.00	-340.00	0.49	-0.98	-2.32	70.00	-1040.00	40.00	-6.83	7.68	20.49	120.00	-870.00	500.00	7.20	-4.94	21.65
-250.00	-1010.00	340.00	2.68	-0.85	0.79	100.00	-830.00	-350.00	0.55	-0.67	-1.83	70.00	-1030.00	70.00	-6.04	7.20	21.16	110.00	-880.00	540.00	7.20	-4.94	21.65
-250.00	-1010.00	340.00	3.41	-1.46	1.40	100.00	-830.00	-340.00	0.73	-0.18	-1.34	80.00	-1040.00	40.00	-6.10	7.01	21.95	110.00	-880.00	540.00	6.22	-4.45	14.82
-250.00	-1010.00	350.00	4.27	-2.13	1.95	110.00	-820.00	-350.00	0.49	-0.18	-0.85	60.00	-1040.00	50.00	-5.79	7.56	21.77	50.00	-890.00	530.00	6.22	-4.45	14.82
-250.00	-1000.00	350.00	5.43	-3.17	2.80	110.00	-830.00	-340.00	0.61	-0.49	-0.37	60.00	-1030.00	50.00	-5.61	5.49	22.26	30.00	-900.00	530.00	5.85	-4.02	12.20
-250.00	-1010.00	340.00	6.22	-3.17	3.23	120.00	-840.00	-340.00	0.79	-0.98	0.06	60.00	-1030.00	30.00	-5.85	4.15	23.05	20.00	-890.00	540.00	6.34	-2.01	5.61
-250.00	-1000.00	350.00	6.71	-3.23	3.48	110.00	-840.00	-340.00	1.40	-1.10	0.30	60.00	-1030.00	20.00	-5.37	3.90	23.29	20.00	-880.00	540.00	5.73	-0.24	2.44
-250.00	-1010.00	340.00	7.68	-3.78	4.33	110.00	-850.00	-330.00	1.89	-0.91	0.49	60.00	-1030.00	30.00	-5.00	2.87	23.66	-10.00	-910.00	580.00	6.89	1.28	-1.71
-260.00	-1000.00	350.00	9.02	-3.96	5.12	110.00	-850.00	-330.00	2.32	-0.91	0.98	60.00	-1030.00	20.00	-4.88	3.41	23.84	-0.00	-910.00	560.00	6.77	1.34	-3.60
-250.00	-1010.00	330.00	10.24	-4.63	6.04	120.00	-840.00	-330.00	3.11	-0.67	1.40	30.00	-1040.00	20.00	-4.94	2.99	24.09	-0.00	-910.00	560.00	6.77	1.34	-3.60
-250.00	-1010.00	340.00	11.46	-5.37	7.01	110.00	-840.00	-330.00	3.48	-0.49	1.77	40.00	-1030.00	10.00	-4.63	0.79	24.15	10.00	-920.00	530.00	6.59	0.37	-7.44
-270.00	-1000.00	360.00	12.68	-6.10	8.11	120.00	-830.00	-340.00	4.21	-0.55	2.01	50.00	-1040.00	10.00	-4.09	-1.34	24.09	0.00	-930.00	550.00	6.59	0.37	-7.44
-260.00	-1010.00	340.00	13.66	-6.10	9.39	120.00	-840.00	-330.00	5.55	-0.49	2.50	30.00	-1030.00	30.00	-4.21	-0.73	24.94	-10.00	-920.00	570.00	8.29	0.30	-8.23
-260.00	-1020.00	340.00	14.76	-5.61	10.91	110.00	-830.00	-340.00	6.71	-0.43	2.93	40.00	-1040.00	40.00	-3.84	1.28	25.06	30.00	-930.00	530.00	7.87	-0.37	-9.21
-260.00	-1020.00	350.00	16.04	-5.30	12.93	110.00	-840.00	-330.00	7.87	-0.49	3.54	20.00	-1030.00	20.00	-3.60	0.43	25.43	30.00	-930.00	530.00	8.72	-2.20	-10.18
-260.00	-1020.00	340.00	17.44	-5.12	15.00	110.00	-850.00	-330.00	9.02	-0.79	4.33	20.00	-1020.00	20.00	-3.90	1.10	26.04	20.00	-970.00	530.00	10.67	-4.27	-9.09
-260.00	-1010.00	340.00	19.45	-5.37	17.50	110.00	-830.00	-340.00	9.82	-0.67	5.00	20.00	-1030.00	-10.00	-4.27	3.05	26.34	0.00	-920.00	560.00	10.61	-7.20	-5.37
-260.00	-1010.00	350.00	21.40	-6.04	20.00	110.00	-830.00	-340.00	10.55	-0.73	5.73	10.00	-1030.00	-10.00	-4.21	2.93	27.13	0.00	-920.00	550.00	10.61	-7.20	-5.37
-260.00	-1000.00	360.00	23.41	-7.62	23.35	120.00	-840.00	-340.00	10.79	-0.55	6.65	20.00	-1030.00	20.00	-4.02	2.50	27.20	0.00	-920.00	550.00	9.15	-7.13	-5.30
-260.00	-1010.00	370.00	26.10	-9.02	27.26	120.00	-840.00	-340.00	11.52	-0.43	7.93	20.00	-1030.00	30.00	-4.45	1.65	27.07	10.00	-900.00	580.00	6.40	-4.21	-1.71
-260.00	-1020.00	360.00	28.84	-10.61	31.89	130.00	-840.00	-340.00	12.56	-0.67	9.63	10.00	-1030.00	20.00	-4.27	0.91	27.68	0.00	-890.00	600.00	6.40	-4.21	-1.71
-260.00	-1020.00	360.00	32.50	-11.65	37.26	120.00	-850.00	-330.00	14.15	-1.22	11.34	-10.00	-1040.00	20.00	-4.02	0.79	27.74	0.00	-890.00	600.00	6.34	-2.32	-0.24
-260.00	-1030.00	360.00	37.87	-11.83	43.48	110.00	-860.00	-320.00	15.98	-2.26	13.48	-30.00	-1030.00	10.00	-4.33	0.18	27.93	40.00	-880.00	600.00	6.34	-2.32	-0.24
-270.00	-1030.00	350.00	42.50	-11.22	50.55	120.00	-860.00	-320.00	17.87	-3.60	15.91	-20.00	-1030.00	0.00	-5.55	-0.24	27.87	40.00	-880.00	600.00	7.07	-0.30	1.59
-270.00	-1040.00	350.00	47.07	-8.84	61.28	120.00	-850.00	-330.00	20.06	-4.82	18.66	-30.00	-1030.00	10.00	-5.98	-4.09	26.59	70.00	-860.00	590.00	8.05	-0.24	2.80
-260.00	-1040.00	370.00	50.98	-6.40	74.82	120.00	-850.00	-340.00	22.01	-6.04	21.65	-20.00	-1030.00	-0.00	-5.06	-8.96	24.76	30.00	-880.00	580.00	8.05	-0.24	2.80
-270.00	-1060.00	350.00	55.61	-4.57	83.78	130.00	-850.00	-340.00	25.00	-6.83	25.00	-10.00	-1030.00	20.00	-3.29	-10.18	24.70	80.00	-910.00	560.00	7.62	-0.49	4.21
-250.00	-1080.00	360.00	63.48	1.52	88.66	130.00	-850.00	-350.00	28.60	-8.23	29.02	-20.00	-1020.00	10.00	-5.61	-10.73	23.54	80.00	-910.00	560.00	7.62	-0.49	4.21
-270.00	-1080.00	380.00	69.27	4.82	97.93	130.00	-840.00	-350.00	32.56	-9.21	33.48	-40.00	-1030.00	-0.00	-7.50	-19.51	16.83	60.00	-930.00	550.00	7.13	-1.16	5.61
-250.00	-1120.00	370.00	72.93	4.88	103.60	140.00	-860.00	-340.00	36.83	-10.30	38.84	-60.00	-1030.00	0.00	-5.79	-17.68	17.99	70.00	-910.00	560.00	7.13	-1.16	5.61
-270.00	-1170.00	370.00	81.59	7.38	103.78	140.00	-860.00	-360.00	42.38	-13.05	44.94	-60.00	-1010.00	-20.00	-4.57	-18.60	18.17	70.00	-910.00	560.00	4.09	1.77	10.00
-280.00	-1150.00	400.00	83.05	10.61	104.70	150.00	-860.00	-350.00	47.13	-16.10	51.95	-40.00	-1010.00	-30.00	-4.33	-21.10	15.43	60.00	-890.00	590.00	4.09	1.77	10.00
-260.00	-1190.00	430.00	82.07	16.95	101.10	150.00	-880.00	-350.00	53.11	-18.17	59.39	-20.00	-1010.00	0.00	-4.33	-18.78	13.11	60.00	-890.00	590.00	3.78	3.66	9.94
-280.00	-1210.00	420.00	79.45	26.46	99.57	150.00	-890.00	-360.00	60.61	-20.37	67.56	-10.00	-1020.00	30.00	-5.67	-12.13	12.80	30.00	-890.00	590.00	4.21	4.88	10.18
-350.00	-1210.00	410.00	82.80	45.00	106.16	150.00	-890.00	-370.00	69.02	-22.87	77.20	-30.00	-1030.00	10.00	-2.99	-9.57	11.83	30.00	-890.00	590.00	7.01	5.30	11.04
-250.00	-1250.00	460.00	89.15	61.83	111.46	150.00	-910.00	-370.00	85.73	-25.55	95.91	-120.00	-1030.00	-10.00	0.24	-12.01	7.93	40.00	-900.00	590.00	7.01	5.30	11.04
-300.00	-1310.00	520.00	95.24	70.30	119.51	160.00	-930.00	-360.00	91.52	-26.65	101.10	-50.00	-1010.00	0.00	1.59	-9.63	4.70	40.00	-900.00	590.00	10.55	6.65	12.74
-280.00	-1420.00	390.00	101.46	79.76	126.16	150.00	-950.00	-380.00	87.87	-35.30	105.43	-90.00	-1030.00	0.00	1.22	-4.39	2.99	40.00	-880.00	580.00	11.65	6.95	14.51
-230.00	-1350.00	490.00	127.20	112.87	126.95	120.00	-950.00	-380.00	85.06	-40.18	114.33	-130.00	-1030.00	30.00	2.80	-2.80	1.28	30.00	-890.00	590.00	11.65	6.95	14.51
-110.00	-1410.00	760.00	127.20	112.87	126.95	180.00	-1000.00	-400.00	84.88	-33.05	123.90	-140.00	-1050.00	40.00	5.18	-1.95	-0.98	70.00	-890.00	570.00	11.95	8.48	14.88
-200.00	-1310.00	940.00	127.20	112.87	126.95	150.00	-1000.00	-400.00	82.07	-29.45	134.33	-130.00	-1040.00	-0.00	6.89	0.30	-2.68	70.00	-890.00	570.00	12.80	11.95	15.00
-150.00	-1360.00	990.00	118.11	127.50	128.35	240.00	-1050.00	-510.00	81.83	-31.71	147.20	-140.00	-1030.00	-30.00	8.54	-0.18	-4.33	40.00	-900.00	570.00	12.80	11.95	15.00
-100.00	-1390.00	870.00	65.37	-15.43	39.76	360.00	-1200.00	-420.00	86.77	-35.37	158.96	-150.00	-1020.00	-10.00	9.33	0.67	-6.34	40.00	-920.00	560.00	11.83	13.78	15.30
-50.00	-1440.00	800.00	65.37	-15.43	39.76	400.00	-1410.00	-190.00	94.21	-33.84	173.48	-150.00	-1040.00	20.00	10.49	-1.71	-6.40	40.00	-920.00	560.00	11.83	13.78	15.30
-170.00	-1460.00	730.00	65.37	-15.43	39.76	240.00	-1440.00	-30.00	107.50	-27.68	189.88	-130.00	-1030.00	0.00	17.32	-15.43	-5.85	10.00	-900.00	580.00	9.94	17.99	16.89
-220.00	-1550.00	610.00	67.38	69.21	26.89	190.00	-1440.00	0.00	113.17	-30.98	199.02	-110.00	-1040.00	-40.00	22.74	-13.66	-8.29	30.00	-890.00	580.00	9.94	17.99	16.89
-290.00	-1480.00	470.00	67.38	69.21	26.89	430.00	-1400.00	-50.00	120.00	-42.56	210.43	-120.00	-1050.00	-20.00	21.95	-5.91	-8.29	30.00	-890.00	580.00	9.63	18.60	18.17
-290.00	-1480.00	470.00	67.38	69.21	26.89	370.00	-1330.00	-100.00	122.56	-37.87	210.73	-130.00	-1050.00	-30.00	28.35	-15.00	-5.55	20.00	-890.00	570.00	9.02	19.02	20.00
-290.00	-1480.00	470.00	25.61	-4.57	-105.98	400.00	-1300.00	-210.00	112.99	-46.71	205.61	-120.00	-1050.00	-10.00	37.56	-27.50	-3.05	20.00	-890.00	570.00	8.17	19.02	22.13
-190.00	-730.00	130.00	25.61	-4.57	-105.98	300.00	-1240.00	-310.00	95.43	-45.73	186.83	-130.00	-1040.00	10.00	33.66	-21.83	-1.22	0.00	-880.00	590.00	7.20	18.90	23.84
-190.00	-730.00	130.00	25.61	-4.57	-105.98	340.00	-1110.00	-410.00	78.66	-41.59	140.12	-120.00	-1040.00	-50.00	25.24	-13.35	0.06	0.00	-880.00	590.00	6.16	18.72	27.32
-190.00	-730.00	130.00	25.61	-4.57	-105.98	430.00	-1270.00	-510.00	37.62	-22.74	84.82	-70.00	-1030.00	-0.00	20.24	-9.88	-0.18	10.00	-870.00	600.00	6.16	18.72	27.32
-300.00	570.00	-470.00	-4.39	23.11	-141.34	50.00	-1190.00	-420.00	7.80	-14.39	56.10	-120.00	-1040.00	90.00	16.95	-6.77	0.37	0.00	-880.00	610.00	6.59	18.23	28.66
-300.00	570.00	-470.00	-4.39	23.11	-141.34	90.00	-1140.00	-420.00	34.76	-4.63	62.44	-90.00	-1040.00	60.00	17.26	-2.80	1.46	-0.00	-880.00	620.00	6.04	18.60	29.88
-300.00	570.00	-470.00	-4.39	23.11	-141.34	60.00	-1180.00	-430.00	69.88	32.44	50.30	-20.00	-1030.00	-30.00	15.06	0.00	2.68	-10.00	-860.00	620.00	5.43	18.35	31.10
440.00	-880.00	0.00	-44.15	-8.72	-166.95	-90.00	-1180.00	-470.00	31.65	81.40	-20.24	-40.00	-1020.00	70.00	13.90	0.00	3.48	-10.00	-860.00	620.00	5.43	18.35	31.10
420.00	-560.00	-200.00	-44.15	-8.72	-166.95	-30.00	-1130.00	-310.00	20.79	88.90	-63.11	-80.00	-1050.00	100.00	15.55	-3.23	5.06	-10.00	-860.00	620.00	4.57	18.05	32.01
420.00	-560.00	-200.00	-44.15	-8.72	-166.95	-200.00	-1040.00	-380.00	22.38	91.65	-74.27	-100.00	-1030.00	90.00	16.46	-6.71	6.40	-10.00	-860.00	620.00	3.60	18.11	32.20
420.00	-560.00	-200.00	-44.15	-8.72	-166.95	-110.00	-800.00	-450.00	3.66	91.59	-76.59	-80.00	-1090.00	50.00	14.57	-5.61	6.77	-20.00	-890.00	610.00	4.15	17.62	31.52
30.00	-340.00	-90.00	-64.33	1.52	-193.54	0.00	40.00	-410.00	-11.34	90.24	-82.56	-70.00	-1060.00	30.00	12.87	-6.71	7.44	-20.00	-880.00	610.00	4.15	17.62	31.52
30.00	-340.00	-90.00	-64.33	1.52	-193.54	-240.00	-580.00	-310.00	-22.93	95.06	-106.28	-100.00	-1050.00	40.00	12.32	-7.99	9.70	-10.00	-880.00	610.00	4.82	17.50	31.22
30.00	-340.00	-90.00	-64.33	1.52	-193.54	-20.00	-580.00	-440.00	-39.02	93.96	-123.48	-70.00	-1060.00	40.00	12.13	-8.90	10.73	-10.00	-880.00	610.00	4.02	18.05	30.79
30.00	-340.00	-90.00	-78.60	0.85	-205.55	370.00	-50.00	-380.00	-49.15	92.68	-138.17	-80.00	-1050.00	40.00	10.85	-8.78	10.85	-50.00	-880.00	620.00	4.02	18.05	30.79
80.00	-740.00	-30.00	-100.91	-8.78	-206.10	540.00	-360.00	-450.00	-52.74	92.99	-150.67	-60.00	-1050.00	30.00	9.51	-8.23	11.10	-40.00	-860.00	630.00	3.72	17.68	30.73
80.00	-740.00	-30.00	-100.91	-8.78	-206.10	590.00	-280.00	-390.00	-54.15	95.12	-161.65	-70.00	-1050.00	80.00	8.72	-6.16	11.77	-40.00	-860.00	630.00	3.72	16.40	31.04
80.00	-740.00	-30.00	-113.54	22.13	-208.23	490.00	-270.00	-330.00	-54.76	96.34	-171.71	-110.00	-1050.00	70.00	7.93	-3.54	12.80	-40.00	-860.00	630.00	3.72	15.98	31.83
-60.00	-850.00	80.00	-110.30	56.16	-204.70	380.00	-210.00	-260.00	-56.71	96.52	-180.79	-110.00	-1050.00	70.00	7.93	-2.74	12.80	-80.00	-910.00	620.00	3.72	15.98	31.83
-130.00	-880.00	130.00	-105.24	63.84	-200.30	380.00	-360.00	-270.00	-61.83	94.21	-188.41	-80.00	-1060.00	60.00	8.05	-1.46	12.87	-70.00	-900.00	620.00	4.88	19.51	32.80
-130.00	-880.00	130.00	-105.24	63.84	-200.30	370.00	-390.00	-310.00	-68.05	90.67	-194.51	-100.00	-1050.00	70.00	7.87	0.18	12.62	-70.00	-900.00	620.00	4.88	19.51	32.80
-130.00	-880.00	130.00	-93.72	70.43	-186.83	340.00	-370.00	-330.00	-73.60	88.29	-198.78	-90.00	-1040.00	80.00	7.87	2.20	13.78	-80.00	-880.00	640.00	5.37	21.46	33.60
-270.00	-980.00	210.00	-86.77	70.85	-177.56	290.00	-380.00	-360.00	-79.63	88.29	-199.88	-100.00	-1040.00	80.00	7.68	3.78	14.09	-100.00	-870.00	650.00	5.37	21.46	33.60
-390.00	-1210.00	360.00	-86.77	70.85	-177.56	250.00	-440.00	-370.00	-86.89	90.73	-197.44	-100.00	-1050.00	90.00	8.05	3.29	14.76	-110.00	-860.00	650.00	5.00	28.41	37.74
-570.00	-1400.00	460.00	-86.77	70.85	-177.56	210.00	-530.00	-370.00	-94.57	94.57	-192.56	-80.00	-1030.00	70.00	7.68	4.39	15.24	-110.00	-860.00	650.00	5.91	31.34	41.10
-570.00	-1400.00	460.00	-70.00	69.82	-162.44	190.00	-650.00	-360.00	-103.54	99.76	-186.10	-100.00	-1040.00	70.00	6.16	7.80	15.43	-80.00	-870.00	660.00	5.91	31.34	41.10
-710.00	-1480.00	460.00	-60.00	68.35	-157.56	160.00	-770.00	-370.00	-112.50	105.73	-178.48	-110.00	-1030.00	60.00	6.40	8.11	16.40	-90.00	-880.00	670.00	5.67	36.65	48.78
-710.00	-1480.00	480.00	-60.00	68.35	-157.56	120.00	-870.00	-370.00	-120.24	111.83	-170.06	-110.00	-1040.00	70.00	6.71	8.05	16.83	-90.00	-880.00	670.00	5.67	36.65	48.78
-710.00	-1480.00	480.00	-42.68	61.16	-146.89	70.00	-960.00	-380.00	-125.30	117.01	-161.52	-100.00	-1030.00	70.00	5.91	10.06	17.07	-90.00	-880.00	670.00	2.50	43.17	64.33
-710.00	-1410.00	550.00	-42.68	61.16	-146.89	-0.00	-1060.00	-390.00	-126.65	120.55	-153.54	-90.00	-1040.00	60.00	4.88	11.77	17.01	-80.00	-890.00	680.00	2.50	43.17	64.33
-710.00	-1370.00	570.00	-35.61	49.21	-136.89	-60.00	-1150.00	-400.00	-126.40	122.01	-145.55	-90.00	-1040.00	70.00	3.11	13.29	17.38	-100.00	-890.00	700.00	0.67	44.45	70.67
-710.00	-1370.00	570.00	-35.61	49.21	-136.89	-120.00	-1240.00	-410.00	-124.51	120.55	-137.50	-130.00	-1040.00	90.00	-0.30	16.59	17.80	-100.00	-890.00	700.00	-3.96	42.93	85.61
-720.00	-1270.00	580.00	-26.95	10.61	-103.66	-170.00	-1330.00	-410.00	-122.01	117.99	-130.00	-120.00	-1040.00	110.00	-2.56	17.20	18.72	-80.00	-910.00	700.00	-3.96	42.93	85.61
-720.00	-1240.00	540.00	-25.91	-14.70	-80.85	-220.00	-1380.00	-410.00	-117.56	115.85	-123.48	-100.00	-1030.00	80.00	-3.29	15.06	20.30	-80.00	-910.00	700.00	-5.67	43.17	92.20
-720.00	-1240.00	540.00	-25.91	-14.70	-80.85	-250.00	-1400.00	-420.00	-111.16	115.12	-117.38	-120.00	-1040.00	90.00	-5.43	14.57	21.95	-80.00	-910.00	710.00	-5.67	43.17	92.20
-720.00	-1240.00	540.00	-27.01	-56.46	-34.63	-270.00	-1400.00	-430.00	-102.01	114.27	-111.46	-140.00	-1030.00	90.00	-7.26	14.02	23.54	-80.00	-910.00	710.00	0.06	120.12	155.18
-780.00	-1200.00	440.00	-27.01	-56.46	-34.63	-260.00	-1390.00	-420.00	-90.12	113.11	-104.76	-150.00	-1050.00	100.00	-8.66	12.99	24.88	-130.00	-930.00	700.00	0.06	120.12	155.18
-830.00	-1150.00	400.00	-27.01	-73.66	-13.29	-240.00	-1380.00	-400.00	-75.18	109.21	-97.20	-150.00	-1050.00	110.00	-11.16	12.62	25.98	-130.00	-930.00	700.00	7.74	122.01	157.74
-830.00	-1150.00	400.00	-27.01	-73.66	-13.29	-210.00	-1370.00	-360.00	-60.30	100.37	-89.63	-150.00	-1050.00	110.00	-14.57	13.05	27.44	-180.00	-990.00	660.00	21.46	135.91	164.88
-870.00	-990.00	350.00	-23.35	-94.39	18.35	-210.00	-1350.00	-310.00	-46.95	86.52	-83.23	-120.00	-1050.00	90.00	-17.20	13.78	29.02	-120.00	-1070.00	640.00	21.46	135.91	164.88
-870.00	-990.00	350.00	-23.35	-94.39	18.35	-240.00	-1310.00	-280.00	-35.49	65.85	-77.87	-150.00	-1040.00	90.00	-16.89	11.71	29.88	-120.00	-1070.00	640.00	21.46	135.91	164.88
-840.00	-940.00	330.00	-20.85	-95.98	28.23	-240.00	-1250.00	-220.00	-26.65	39.63	-73.72	-140.00	-1050.00	90.00	-16.16	10.00	31.04	-110.00	-1240.00	670.00	21.46	135.91	164.88
-840.00	-940.00	330.00	-8.23	-80.00	39.21	-230.00	-1190.00	-210.00	-20.00	11.46	-70.12	-140.00	-1050.00	100.00	-16.65	10.73	32.68	-110.00	-1240.00	670.00	1.40	130.61	155.18
-790.00	-960.00	320.00	-8.23	-80.00	39.21	-220.00	-1100.00	-210.00	-13.35	-15.55	-65.49	-140.00	-1050.00	90.00	-17.44	10.91	33.84	-40.00	-1380.00	660.00	1.40	130.61	155.18
-790.00	-960.00	320.00	-8.23	-80.00	39.21	-190.00	-1050.00	-230.00	-6.83	-38.90	-58.72	-140.00	-1060.00	90.00	-20.06	13.23	34.27	-130.00	-1240.00	690.00	-22.74	129.88	132.68
-740.00	-950.00	350.00	1.10	-65.73	40.61	-170.00	-1010.00	-260.00	-2.38	-56.71	-50.61	-130.00	-1060.00	90.00	-21.40	14.39	34.63	110.00	-1620.00	760.00	-12.93	121.46	66.10
-670.00	-940.00	410.00	14.94	-1.28	16.59	-140.00	-970.00	-280.00	0.67	-67.74	-42.44	-140.00	-1060.00	60.00	-20.06	13.78	35.30	140.00	-1620.00	690.00	-12.93	121.46	66.10
-670.00	-940.00	410.00	14.94	-1.28	16.59	-90.00	-970.00	-270.00	3.72	-71.22	-33.90	-160.00	-1040.00	70.00	-17.44	12.62	35.67	140.00	-1620.00	690.00	-11.46	118.35	57.07
-590.00	-940.00	460.00	14.94	-1.28	16.59	-70.00	-960.00	-280.00	6.83	-68.54	-24.39	-170.00	-1040.00	70.00	-15.43	12.32	36.22	90.00	-1460.00	600.00	-17.07	68.23	27.99
-590.00	-940.00	460.00	31.04	35.73	101.95	-60.00	-940.00	-280.00	9.76	-62.38	-13.90	-170.00	-1050.00	80.00	-13.84	11.59	37.07	90.00	-1460.00	600.00	-17.07	68.23	27.99
-540.00	-920.00	560.00	31.04	35.73	101.95	-70.00	-900.00	-280.00	10.12	-52.20	-3.48	-180.00	-1050.00	80.00	-10.06	6.65	39.02	90.00	-1460.00	600.00	-34.45	41.34	-9.76
-540.00	-920.00	560.00	122.38	72.01	76.04	-120.00	-900.00	-290.00	11.16	-36.65	7.07	-200.00	-1050.00	70.00	-7.62	4.94	41.71	-30.00	-1200.00	780.00	-37.87	22.20	-43.11
-500.00	-910.00	580.00	122.38	72.01	76.04	-170.00	-900.00	-280.00	18.72	-26.65	27.56	-210.00	-1060.00	50.00	-3.78	3.29	45.18	-30.00	-1200.00	780.00	-37.87	22.20	-43.11
-1180.00	-840.00	370.00	122.38	72.01	76.04	-230.00	-910.00	-250.00	15.73	-9.82	58.90	-220.00	-1050.00	50.00	2.32	-1.04	48.54	40.00	-1260.00	760.00	-43.96	1.52	-51.52
-1180.00	-840.00	370.00	21.34	-7.20	161.34	-300.00	-910.00	-220.00	21.83	-2.87	81.83	-230.00	-1050.00	60.00	2.62	4.21	52.07	40.00	-1260.00	760.00	-43.96	1.52	-51.52
-1180.00	-840.00	370.00	52.68	-32.38	104.45	-310.00	-900.00	-190.00	49.15	-28.90	86.34	-240.00	-1040.00	70.00	2.26	8.41	56.77	-70.00	-450.00	420.00	-22.99	-51.34	-103.78
400.00	-1530.00	-240.00	52.68	-32.38	104.45	-330.00	-920.00	-150.00	41.52	-42.68	87.13	-230.00	-1050.00	70.00	2.26	11.46	61.59	-70.00	-450.00	420.00	-20.49	-63.17	-120.43
400.00	-1530.00	-240.00	52.68	-32.38	104.45	-370.00	-950.00	-120.00	44.76	-31.28	111.16	-220.00	-1060.00	60.00	3.23	13.17	66.89	-350.00	-940.00	570.00	-17.13	-70.85	-138.29
770.00	-900.00	1530.00	83.17	-27.13	85.55	-400.00	-920.00	-100.00	52.68	-12.80	124.15	-220.00	-1080.00	70.00	2.44	14.21	70.79	-40.00	-290.00	490.00	-14.76	-77.38	-155.24
770.00	-900.00	1530.00	83.17	-27.13	85.55	-260.00	-800.00	-180.00	27.99	-23.48	147.74	-260.00	-1080.00	20.00	0.00	16.77	74.39	-40.00	-290.00	490.00	-13.11	-84.02	-169.45
770.00	-900.00	1530.00	83.17	-27.13	85.55	-890.00	-1430.00	-140.00	30.49	-18.54	164.88	-240.00	-1070.00	80.00	-3.17	19.02	77.26	290.00	-490.00	400.00	-13.11	-84.02	-169.45
-530.00	-1210.00	650.00	88.23	-37.01	59.02	-140.00	-410.00	-10.00	29.27	-18.11	154.21	-280.00	-1090.00	80.00	-7.13	22.20	80.43	290.00	-490.00	400.00	-10.30	-89.45	-182.20
-530.00	-1210.00	650.00	49.33	-22.20	29.57	0.00	-1110.00	-300.00	17.01	-28.54	122.68	-260.00	-1100.00	110.00	-11.83	23.66	85.30	280.00	-410.00	220.00	-6.34	-99.88	-203.29
70.00	-800.00	670.00	49.33	-22.20	29.57	510.00	-620.00	-510.00	-23.78	16.52	106.16	-270.00	-1110.00	90.00	-17.50	24.94	89.94	280.00	-410.00	220.00	-6.34	-99.88	-203.29
70.00	-800.00	670.00	49.33	-22.20	29.57	1140.00	-260.00	-960.00	-44.82	64.21	90.67	-240.00	-1140.00	80.00	-22.93	24.57	94.02	340.00	-430.00	260.00	-6.22	-105.67	-211.10
70.00	-800.00	670.00	-3.35	3.35	7.93	1300.00	-990.00	-130.00	-26.22	41.22	71.83	-260.00	-1140.00	90.00	-29.88	14.94	99.63	240.00	-280.00	230.00	-6.10	-112.26	-216.10
-110.00	-900.00	470.00	-3.35	3.35	7.93	780.00	-1280.00	280.00	-40.49	-2.62	94.09	-280.00	-1150.00	90.00	-28.48	13.60	110.18	210.00	-360.00	310.00	-6.34	-118.35	-219.63
-110.00	-900.00	470.00	-3.35	3.35	7.93	200.00	-1590.00	330.00	-45.00	10.43	94.39	-280.00	-1170.00	60.00	-29.15	8.29	116.04	210.00	-360.00	310.00	-6.34	-118.35	-219.63
-110.00	-900.00	470.00	-3.35	3.35	7.93	-60.00	-1770.00	-270.00	-19.09	23.96	59.76	-280.00	-1160.00	30.00	-28.54	3.11	124.09	170.00	-390.00	330.00	-5.18	-123.72	-221.22
-320.00	-860.00	550.00	-6.89	19.09	11.83	-190.00	-1730.00	-330.00	-3.84	-2.80	56.28	-310.00	-1170.00	20.00	-29.02	1.46	134.70	110.00	-540.00	390.00	-0.91	-128.66	-221.22
-320.00	-860.00	550.00	-6.89	19.09	11.83	-760.00	-1720.00	-590.00	-0.49	-6.89	48.96	-300.00	-1240.00	-20.00	-29.27	4.21	146.46	110.00	-540.00	390.00	5.79	-133.96	-220.55
-320.00	-860.00	550.00	-6.89	19.09	11.83	-330.00	-870.00	-580.00	1.77	-16.10	42.80	-250.00	-1240.00	-80.00	-31.89	1.77	157.32	80.00	-620.00	420.00	5.79	-133.96	-220.55
-220.00	-900.00	600.00	-8.96	20.49	9.76	690.00	-940.00	80.00	-5.37	-17.74	39.21	-220.00	-1320.00	-110.00	-33.48	2.38	168.17	50.00	-680.00	430.00	21.77	-150.00	-216.83
-220.00	-1030.00	370.00	-8.96	20.49	9.76	380.00	-950.00	-270.00	-12.74	-16.95	32.74	-260.00	-1350.00	-130.00	-30.61	0.37	177.44	20.00	-760.00	470.00	23.60	-161.28	-211.52
-220.00	-1030.00	370.00	-8.96	20.49	9.76	-610.00	-580.00	-660.00	-11.65	-16.89	26.16	-310.00	-1440.00	-180.00	-30.06	-11.83	186.46	20.00	-760.00	470.00	23.60	-161.28	-211.52
-220.00	-1030.00	370.00	-3.96	6.89	-5.30	220.00	-600.00	-420.00	-8.96	-15.30	20.79	-210.00	-1470.00	-240.00	-31.28	-4.88	190.98	-20.00	-850.00	510.00	22.13	-172.13	-201.52
-250.00	-980.00	370.00	-3.96	6.89	-5.30	90.00	-760.00	-460.00	-7.62	-10.85	16.89	-180.00	-1490.00	-110.00	-28.60	-4.94	196.77	-90.00	-1070.00	600.00	19.88	-179.09	-191.95
-250.00	-980.00	370.00	-3.96	6.89	-5.30	150.00	-870.00	-360.00	-8.72	-7.44	14.51	-350.00	-1500.00	-50.00	-34.27	-23.66	197.62	-90.00	-1070.00	600.00	19.27	-181.59	-184.70
-250.00	-980.00	370.00	-3.96	6.89	-5.30	210.00	-970.00	-230.00	-8.54	-6.65	12.13	-230.00	-1740.00	-80.00	-33.66	-20.67	199.82	-120.00	-1190.00	640.00	19.27	-181.59	-184.70
-250.00	-980.00	370.00	-8.48	13.54	1.28	70.00	-1080.00	-130.00	-6.77	-7.44	9.09	-180.00	-1810.00	70.00	-24.51	-26.52	193.48	-180.00	-1310.00	670.00	24.57	-175.55	-176.22
-290.00	-1020.00	230.00	-8.48	13.54	1.28	150.00	-940.00	-280.00	-4.70	-8.72	6.71	-190.00	-1710.00	40.00	-26.40	-46.52	173.72	-230.00	-1390.00	720.00	21.04	-168.11	-175.18
-290.00	-1020.00	230.00	-8.48	13.54	1.28	130.00	-820.00	-360.00	-1.77	-9.45	6.65	-0.00	-1600.00	40.00	-19.27	-3.11	162.07	-230.00	-1390.00	720.00	21.04	-168.11	-175.18
-290.00	-1020.00	230.00	-10.85	15.37	-0.49	100.00	-820.00	-360.00	-1.10	-10.37	7.44	10.00	-1800.00	-140.00	-11.83	34.39	138.48	-300.00	-1420.00	770.00	18.11	-139.51	-162.26
-240.00	-1020.00	360.00	-10.85	15.37	-0.49	70.00	-870.00	-280.00	-0.73	-9.57	6.95	-190.00	-1590.00	-170.00	-15.79	45.00	121.46	-380.00	-1430.00	820.00	18.11	-139.51	-162.26
-240.00	-1020.00	360.00	-14.82	15.73	-7.74	100.00	-880.00	-300.00	0.43	-8.60	5.49	-30.00	-1610.00	-190.00	-16.16	54.15	124.76	-390.00	-1450.00	880.00	14.82	-120.98	-157.32
-240.00	-1020.00	360.00	-16.16	15.55	-10.37	120.00	-790.00	-380.00	0.67	-7.68	4.39	-140.00	-1720.00	-230.00	-11.04	48.78	102.87	-390.00	-1450.00	880.00	14.82	-120.98	-157.32
-230.00	-1000.00	400.00	-16.16	15.55	-10.37	110.00	-750.00	-430.00	0.43	-7.74	3.84	-310.00	-1280.00	-120.00	-13.72	63.54	48.66	-430.00	-1480.00	1070.00	4.57	-86.65	-142.93
-240.00	-990.00	370.00	-19.02	14.57	-12.93	130.00	-730.00	-460.00	0.91	-7.50	3.17	-110.00	-1650.00	10.00	-15.37	98.23	24.39	-430.00	-1480.00	1070.00	-10.06	-37.80	-115.43
-240.00	-990.00	370.00	-19.33	14.57	-12.50	130.00	-770.00	-420.00	0.49	-7.62	2.56	-220.00	-1320.00	80.00	-24.45	95.00	-9.82	-510.00	-1390.00	1030.00	-10.06	-37.80	-115.43
-240.00	-990.00	370.00	-19.33	14.57	-12.50	110.00	-830.00	-360.00	0.55	-8.05	0.85	-490.00	-1030.00	140.00	-20.79	50.67	-36.40	-510.00	-1380.00	980.00	-10.30	-23.05	-103.90
-270.00	-990.00	350.00	-19.33	14.57	-12.50	110.00	-830.00	-350.00	0.37	-8.23	-1.52	-180.00	-1160.00	90.00	-4.76	15.55	-51.28	-510.00	-1380.00	980.00	-7.44	10.30	-78.05
-270.00	-990.00	350.00	-16.95	12.68	-8.96	120.00	-830.00	-360.00	-0.06	-8.90	-3.48	-120.00	-910.00	120.00	5.37	11.52	-66.59	-510.00	-1380.00	980.00	-7.44	10.30	-78.05
-270.00	-990.00	330.00	-14.70	10.18	-5.49	150.00	-860.00	-320.00	-0.85	-9.70	-5.24	-170.00	-810.00	10.00	6.04	14.76	-85.06	-490.00	-1250.00	820.00	-6.10	25.43	-61.65
-270.00	-990.00	330.00	-14.70	10.18	-5.49	120.00	-850.00	-330.00	-1.34	-10.18	-7.01	-370.00	-1160.00	50.00	4.21	8.35	-104.02	-500.00	-1170.00	760.00	-6.10	25.43	-61.65
-270.00	-990.00	330.00	-9.15	5.61	0.98	120.00	-850.00	-340.00	-1.52	-11.10	-7.93	-400.00	-280.00	380.00	8.78	0.43	-123.23	-500.00	-1170.00	760.00	-3.96	41.77	-25.67
-250.00	-1000.00	330.00	-9.15	5.61	0.98	120.00	-840.00	-340.00	-2.26	-11.59	-8.11	-30.00	-660.00	290.00	14.27	-1.71	-142.20	-510.00	-1020.00	680.00	-3.96	41.77	-25.67
-240.00	-1010.00	310.00	-5.91	4.51	3.48	100.00	-840.00	-360.00	-2.07	-11.34	-7.44	380.00	-770.00	130.00	16.10	2.56	-160.98	-510.00	-1020.00	680.00	-4.39	41.10	-7.99
-240.00	-1010.00	310.00	-5.91	4.51	3.48	100.00	-820.00	-350.00	-1.34	-10.49	-6.16	500.00	-410.00	30.00	20.18	3.29	-177.87	-630.00	-960.00	720.00	-16.34	24.57	30.12
-230.00	-1040.00	290.00	-1.52	2.93	10.61	100.00	-830.00	-350.00	-0.12	-10.00	-3.90	340.00	-300.00	70.00	26.89	-0.24	-191.52	-660.00	-950.00	700.00	-16.34	24.57	30.12
-240.00	-1030.00	270.00	0.12	3.66	13.66	100.00	-830.00	-350.00	0.43	-9.63	-1.28	210.00	-250.00	130.00	32.26	0.12	-203.66	-660.00	-950.00	700.00	-17.99	27.93	55.18
-240.00	-1030.00	270.00	0.12	3.66	13.66	100.00	-830.00	-350.00	1.04	-8.29	1.22	260.00	-330.00	130.00	35.00	4.76	-214.27	-630.00	-930.00	530.00	-17.99	27.93	55.18
-240.00	-1030.00	270.00	-1.22	2.38	15.73	110.00	-840.00	-350.00	1.71	-7.26	3.84	250.00	-310.00	120.00	39.94	12.32	-242.44	-610.00	-910.00	450.00	1.22	98.29	100.43
-230.00	-1040.00	270.00	-3.05	1.52	17.74	120.00	-830.00	-350.00	3.23	-6.28	5.91	200.00	-270.00	150.00	39.94	12.32	-242.44	-610.00	-910.00	450.00	1.22	98.29	100.43
-220.00	-1040.00	300.00	-3.23	0.43	19.15	100.00	-810.00	-360.00	3.11	-6.10	7.93	160.00	-330.00	170.00	41.65	13.05	-244.70	-650.00	-840.00	430.00	-7.50	81.52	119.76
-220.00	-1040.00	300.00	-3.23	0.43	19.15	130.00	-810.00	-390.00	3.05	-5.85	9.70	130.00	-390.00	180.00	41.65	13.05	-244.70	-650.00	-840.00	430.00	-16.77	27.20	127.01
-220.00	-1020.00	320.00	-3.17	0.24	22.50	140.00	-800.00	-380.00	2.20	-5.67	11.46	120.00	-440.00	160.00	46.22	21.16	-245.91	-670.00	-790.00	430.00	-16.77	27.20	127.01
-220.00	-1020.00	320.00	-3.17	0.24	22.50	130.00	-800.00	-370.00	0.79	-5.55	12.80	60.00	-510.00	140.00	51.04	22.50	-246.46	-670.00	-790.00	430.00	-16.77	27.20	127.01
-240.00	-1020.00	320.00	-3.48	0.37	25.18	130.00	-830.00	-350.00	-0.30	-5.73	13.66	0.00	-580.00	130.00	51.04	22.50	-246.46	-610.00	-760.00	580.00	-15.91	34.88	137.50
-230.00	-1010.00	330.00	-2.13	0.61	30.61	120.00	-780.00	-390.00	-0.67	-5.79	13.90	-10.00	-670.00	130.00	61.46	3.11	-250.30	-610.00	-760.00	580.00	11.16	21.65	121.83
-260.00	-1020.00	300.00	-2.13	0.61	30.61	130.00	-830.00	-370.00	-1.52	-6.46	14.51	-30.00	-770.00	100.00	61.46	3.11	-250.30	-170.00	-1050.00	670.00	33.05	-1.46	114.88
-260.00	-1020.00	300.00	-0.98	0.67	32.26	130.00	-810.00	-370.00	-1.95	-6.95	15.43	-60.00	-860.00	80.00	65.24	-20.55	-249.15	540.00	-1280.00	440.00	33.05	-1.46	114.88
-260.00	-1030.00	290.00	-0.98	0.67	32.26	120.00	-830.00	-350.00	-1.77	-7.26	16.89	-170.00	-1190.00	50.00	65.24	-20.55	-249.15	540.00	-1280.00	440.00	29.57	6.46	105.43
-270.00	-1040.00	310.00	-0.37	-1.34	37.99	120.00	-850.00	-350.00	-1.52	-7.93	18.54	-170.00	-1190.00	50.00	62.62	-56.52	-245.98	740.00	-1650.00	540.00	16.34	3.78	74.45
-270.00	-1040.00	310.00	-0.37	-1.34	37.99	120.00	-850.00	-340.00	-1.77	-8.48	20.55	-230.00	-1290.00	20.00	60.18	-67.13	-244.02	740.00	-1650.00	540.00	16.34	3.78	74.45
-250.00	-1020.00	320.00	0.85	-2.13	38.96	100.00	-840.00	-350.00	-1.83	-8.11	22.56	-330.00	-1420.00	-40.00	60.18	-67.13	-244.02	-940.00	-1350.00	400.00	12.99	1.71	58.96
-250.00	-1020.00	320.00	2.01	-2.87	42.74	90.00	-840.00	-340.00	-1.40	-7.44	24.09	-330.00	-1420.00	-40.00	53.35	-71.65	-239.94	-940.00	-1350.00	400.00	17.74	-2.80	49.45
-270.00	-1030.00	310.00	2.01	-2.87	42.74	110.00	-840.00	-360.00	-0.55	-7.38	25.37	-350.00	-1480.00	-60.00	52.50	-63.78	-232.93	-60.00	-1880.00	590.00	14.45	7.93	33.29
-270.00	-1030.00	310.00	2.01	-2.87	42.74	110.00	-830.00	-370.00	-0.06	-8.66	26.77	-350.00	-1480.00	-60.00	52.50	-63.78	-232.93	-180.00	-1420.00	740.00	14.45	7.93	33.29
-300.00	-1050.00	290.00	2.87	-3.17	43.66	120.00	-830.00	-370.00	0.91	-9.27	28.05	-380.00	-1670.00	-40.00	49.33	-55.24	-220.24	30.00	-840.00	630.00	13.96	5.67	31.04
-310.00	-1040.00	300.00	4.63	-4.45	48.17	110.00	-860.00	-370.00	2.01	-10.12	28.96	-440.00	-1750.00	10.00	45.49	-35.67	-204.88	30.00	-840.00	630.00	19.51	-7.13	28.41
-310.00	-1040.00	300.00	4.63	-4.45	48.17	100.00	-850.00	-360.00	3.23	-11.52	30.00	-440.00	-1750.00	10.00	42.32	-14.82	-189.09	-110.00	-750.00	660.00	19.51	-7.13	28.41
-310.00	-1040.00	300.00	4.45	-4.09	50.49	110.00	-860.00	-350.00	4.94	-12.07	30.91	-650.00	-1790.00	120.00	39.02	-2.99	-172.56	-350.00	-1090.00	620.00	20.24	-8.60	26.28
-330.00	-1020.00	290.00	5.73	-4.09	55.43	90.00	-850.00	-360.00	6.77	-12.68	31.71	-650.00	-1790.00	120.00	32.87	3.78	-156.95	-350.00	-1090.00	620.00	17.50	-7.01	21.46
-330.00	-1070.00	270.00	5.73	-4.09	55.43	100.00	-860.00	-380.00	8.72	-13.54	33.17	-710.00	-1720.00	170.00	24.70	14.94	-141.71	30.00	-1050.00	460.00	12.99	-4.63	17.93
-330.00	-1070.00	270.00	7.07	-2.74	56.83	110.00	-850.00	-390.00	10.18	-14.51	35.49	-770.00	-1710.00	160.00	19.88	32.93	-108.23	30.00	-1050.00	460.00	12.99	-4.63	17.93
-310.00	-1070.00	240.00	9.27	-0.43	56.95	90.00	-850.00	-380.00	11.10	-14.88	37.99	-870.00	-1650.00	130.00	20.30	42.13	-90.00	-0.00	-950.00	510.00	10.00	-3.48	17.32
-330.00	-1030.00	300.00	11.40	2.26	58.72	90.00	-850.00	-380.00	11.89	-16.40	40.61	-890.00	-1590.00	80.00	20.30	42.13	-90.00	-0.00	-950.00	510.00	10.85	-2.62	16.83
-330.00	-1030.00	300.00	17.50	12.68	63.48	70.00	-840.00	-400.00	12.20	-17.62	44.09	-890.00	-1480.00	40.00	19.09	53.66	-70.91	-10.00	-1000.00	460.00	10.85	-2.62	16.83
-330.00	-1060.00	290.00	17.50	12.68	63.48	60.00	-840.00	-400.00	11.95	-16.65	47.20	-850.00	-1410.00	-0.00	16.22	60.61	-31.59	10.00	-970.00	480.00	10.98	0.37	15.55
-340.00	-1060.00	330.00	27.07	25.73	73.05	60.00	-820.00	-420.00	11.28	-13.41	49.02	-820.00	-1340.00	-10.00	16.22	60.61	-31.59	50.00	-880.00	580.00	10.49	3.41	13.90
-330.00	-1040.00	350.00	27.07	25.73	73.05	50.00	-840.00	-400.00	11.46	-12.87	51.40	-790.00	-1310.00	-0.00	13.66	55.30	-13.54	50.00	-880.00	580.00	10.24	5.61	12.56
-300.00	-1050.00	380.00	27.07	25.73	73.05	60.00	-850.00	-380.00	11.95	-13.11	53.11	-800.00	-1250.00	-10.00	3.96	33.29	15.79	50.00	-790.00	620.00	10.24	5.61	12.56
-350.00	-1010.00	360.00	39.15	39.21	87.56	60.00	-860.00	-380.00	12.68	-12.93	56.59	-830.00	-1190.00	-10.00	3.96	33.29	15.79	40.00	-890.00	570.00	10.67	6.89	11.10
-330.00	-1030.00	380.00	39.15	39.21	87.56	80.00	-870.00	-380.00	14.21	-12.62	59.33	-900.00	-1130.00	30.00	-4.76	16.10	24.45	40.00	-890.00	570.00	11.34	8.17	9.94
-330.00	-1120.00	430.00	39.15	39.21	87.56	50.00	-890.00	-360.00	15.79	-14.21	60.98	-930.00	-1070.00	40.00	-19.51	-19.63	32.87	40.00	-930.00	550.00	11.59	7.74	9.27
-330.00	-1120.00	430.00	39.15	39.21	87.56	20.00	-890.00	-330.00	17.87	-15.79	64.33	-930.00	-1070.00	40.00	-27.74	-48.41	44.02	50.00	-920.00	550.00	11.59	7.74	9.27
-330.00	-1120.00	430.00	46.46	49.76	105.55	30.00	-900.00	-320.00	19.09	-18.66	68.41	-850.00	-990.00	-50.00	-33.35	-43.96	59.45	70.00	-910.00	570.00	9.63	5.18	7.93
-340.00	-1250.00	370.00	46.46	49.76	105.55	30.00	-910.00	-330.00	22.01	-21.71	72.44	-770.00	-940.00	-120.00	-49.27	-43.41	89.70	70.00	-910.00	570.00	7.93	5.55	6.52
-340.00	-1250.00	370.00	46.46	49.76	105.55	30.00	-940.00	-310.00	24.88	-25.55	76.71	-710.00	-940.00	-180.00	-67.32	-83.05	120.98	50.00	-910.00	560.00	7.93	5.55	6.52
-340.00	-1250.00	370.00	57.07	63.60	127.32	30.00	-950.00	-310.00	29.33	-28.41	83.96	-640.00	-920.00	-180.00	-39.94	-88.41	140.61	40.00	-910.00	560.00	7.93	5.55	6.52
-310.00	-1350.00	350.00	57.07	63.60	127.32	40.00	-980.00	-300.00	34.51	-30.24	91.04	-620.00	-920.00	-160.00	-3.11	-46.04	120.55	40.00	-910.00	560.00	5.37	8.11	4.15
-310.00	-1350.00	350.00	57.07	63.60	127.32	70.00	-1010.00	-320.00	37.01	-37.01	96.89	-570.00	-930.00	-130.00	-29.51	-75.24	102.93	40.00	-910.00	560.00	5.00	9.51	3.54
-310.00	-1350.00	350.00	58.35	62.74	137.87	70.00	-1050.00	-370.00	42.13	-41.34	104.94	-250.00	-1240.00	-10.00	-34.45	-56.10	128.17	0.00	-920.00	550.00	5.00	9.51	3.54
-360.00	-1310.00	410.00	54.76	63.41	150.85	100.00	-1020.00	-390.00	45.00	-44.15	112.38	-600.00	-1210.00	-90.00	-27.13	-33.66	114.70	-0.00	-910.00	560.00	5.37	9.57	2.99
-360.00	-1310.00	410.00	41.10	46.77	195.49	120.00	-1070.00	-400.00	48.84	-45.73	122.74	-600.00	-890.00	-30.00	-18.17	-63.78	122.44	-0.00	-910.00	560.00	6.16	8.72	2.87
-360.00	-1310.00	410.00	41.10	46.77	195.49	110.00	-1020.00	-460.00	52.13	-48.23	129.63	120.00	-1040.00	-20.00	-5.18	-31.71	123.72	10.00	-890.00	580.00	6.16	8.72	2.87
-270.00	-1340.00	530.00	41.10	46.77	195.49	160.00	-1060.00	-460.00	55.67	-49.88	139.27	1170.00	-1950.00	-140.00	-1.52	-38.29	115.55	10.00	-870.00	600.00	6.34	8.29	3.78
-390.00	-1330.00	330.00	35.24	66.65	226.04	150.00	-1060.00	-460.00	56.04	-54.70	151.22	530.00	-1640.00	-50.00	1.34	-17.38	110.98	30.00	-860.00	600.00	5.06	9.45	5.00
-390.00	-1330.00	330.00	35.24	66.65	226.04	90.00	-1100.00	-420.00	53.72	-62.99	164.15	90.00	-1160.00	-220.00	1.04	17.32	100.37	30.00	-860.00	600.00	5.30	9.27	6.59
-350.00	-1460.00	200.00	35.24	66.65	226.04	170.00	-1120.00	-380.00	54.51	-75.06	171.71	-770.00	-1350.00	-410.00	-1.71	2.56	86.16	10.00	-890.00	590.00	4.88	12.13	10.37
-410.00	-1490.00	110.00	43.90	60.43	212.62	110.00	-1120.00	-290.00	58.60	-86.04	184.09	-810.00	-1530.00	-280.00	0.12	-4.51	73.66	-0.00	-890.00	580.00	6.10	13.84	16.46
-240.00	-1710.00	540.00	47.13	63.72	197.74	130.00	-1180.00	-340.00	67.07	-84.51	199.27	230.00	-1690.00	-350.00	-7.13	10.24	63.35	-0.00	-890.00	580.00	6.65	14.21	18.41
-240.00	-1710.00	540.00	47.13	63.72	197.74	120.00	-1070.00	-460.00	66.28	-77.68	213.23	-350.00	-1400.00	-80.00	-12.68	28.48	58.48	-0.00	-910.00	560.00	6.65	14.21	18.41
-240.00	-1710.00	540.00	47.13	63.72	197.74	250.00	-1120.00	-630.00	57.01	-96.89	221.77	-210.00	-1120.00	80.00	-9.94	40.67	50.43	0.00	-910.00	560.00	8.66	15.43	23.17
-820.00	-1590.00	520.00	21.46	-55.67	151.16	160.00	-1060.00	-680.00	58.23	-108.90	232.07	-0.00	-1170.00	130.00	-5.79	37.99	44.27	0.00	-910.00	560.00	9.76	15.06	25.91
-820.00	-1590.00	520.00	21.46	-55.67	151.16	400.00	-1200.00	-500.00	55.61	-100.49	233.35	-290.00	-910.00	370.00	-0.06	34.39	41.59	0.00	-910.00	560.00	9.76	15.06	25.91
-820.00	-1590.00	520.00	21.46	-55.67	151.16	150.00	-1230.00	-240.00	35.91	-111.40	228.48	-220.00	-1010.00	200.00	6.59	14.39	38.72	20.00	-880.00	600.00	9.94	14.76	29.45
-820.00	-1590.00	520.00	-3.41	-83.23	143.78	160.00	-1170.00	-360.00	29.09	-119.45	206.46	-280.00	-1010.00	70.00	6.83	6.83	35.43	20.00	-880.00	600.00	9.94	14.76	29.45
-550.00	-900.00	270.00	-47.93	-85.73	-178.11	130.00	-1450.00	-380.00	5.61	-112.99	149.57	-410.00	-1100.00	50.00	7.44	0.30	33.84	30.00	-900.00	590.00	9.57	15.12	29.88
-550.00	-900.00	270.00	-58.78	-71.04	-190.61	460.00	-1390.00	-250.00	-23.23	-139.57	90.43	-390.00	-1120.00	10.00	10.18	-9.15	33.23	10.00	-890.00	590.00	9.57	15.12	29.88
-550.00	-900.00	270.00	-58.78	-71.04	-190.61	180.00	-1400.00	-200.00	-33.90	-187.44	52.13	-260.00	-1030.00	-120.00	9.02	-5.49	30.24	-0.00	-890.00	590.00	10.43	17.44	31.46
-250.00	-1130.00	110.00	-70.85	-17.44	-223.84	-370.00	-1790.00	-200.00	-25.43	-250.61	69.39	-160.00	-1060.00	-40.00	6.04	0.55	25.85	-0.00	-890.00	590.00	10.43	17.44	31.46
350.00	-1000.00	410.00	-69.70	10.61	-239.21	200.00	-1390.00	-320.00	2.44	-197.50	60.73	-180.00	-1050.00	-40.00	6.16	1.28	22.87	-10.00	-890.00	590.00	11.10	17.26	32.01
350.00	-1000.00	410.00	-69.70	10.61	-239.21	60.00	-1340.00	-180.00	31.52	-83.05	-37.68	-60.00	-1000.00	-150.00	8.11	-1.95	21.28	-20.00	-910.00	570.00	12.07	14.63	34.94
-1340.00	-420.00	-270.00	-69.70	10.61	-239.21	240.00	-1220.00	-280.00	37.01	-37.20	-104.09	-100.00	-1010.00	-90.00	9.94	-5.43	20.61	-20.00	-910.00	570.00	12.07	14.63	34.94
350.00	-260.00	150.00	-69.82	33.41	-266.34	590.00	-1090.00	-420.00	33.35	-5.73	-125.98	-70.00	-1010.00	-40.00	12.38	-6.10	20.12	-30.00	-890.00	590.00	11.71	13.90	35.12
170.00	-310.00	210.00	-74.21	32.93	-278.23	680.00	-730.00	-430.00	40.12	8.11	-138.23	-40.00	-1010.00	-120.00	14.76	-5.12	19.94	-30.00	-890.00	590.00	11.71	13.90	35.12
170.00	-520.00	240.00	-74.21	32.93	-278.23	-950.00	-110.00	-160.00	41.22	7.74	-148.05	-120.00	-1040.00	-30.00	16.10	-3.54	19.15	-50.00	-850.00	590.00	10.43	15.00	36.22
170.00	-520.00	240.00	-84.51	12.87	-279.21	-550.00	-210.00	-410.00	29.21	12.56	-160.43	-140.00	-1040.00	100.00	16.83	-1.34	17.13	-20.00	-840.00	620.00	10.43	15.00	36.22
80.00	-770.00	300.00	-89.94	-11.52	-270.61	-110.00	-390.00	-480.00	12.07	20.18	-171.04	-160.00	-1030.00	140.00	17.38	0.06	15.24	-20.00	-840.00	620.00	10.12	17.32	36.65
-90.00	-830.00	200.00	-89.94	-11.52	-270.61	220.00	-350.00	-480.00	-1.89	32.26	-179.94	-140.00	-1030.00	80.00	18.35	-0.06	14.45	-100.00	-920.00	580.00	9.45	20.79	37.87
-90.00	-830.00	200.00	-89.94	-11.52	-270.61	510.00	-300.00	-420.00	-17.99	45.67	-189.09	-110.00	-1020.00	0.00	18.78	-0.91	13.54	-100.00	-920.00	580.00	9.45	20.79	37.87
-190.00	-890.00	250.00	-102.26	-47.07	-257.93	550.00	-360.00	-260.00	-74.27	138.11	-218.72	-120.00	-1030.00	-0.00	18.78	-2.80	12.87	-70.00	-910.00	590.00	9.45	20.79	37.87
-290.00	-1010.00	260.00	-105.55	-54.82	-254.70	480.00	-410.00	-160.00	-74.27	138.11	-218.72	-130.00	-1030.00	20.00	19.09	-5.12	12.38	-70.00	-910.00	590.00	9.15	22.13	38.96
-290.00	-1010.00	260.00	-105.55	-54.82	-254.70	360.00	-440.00	-90.00	-74.27	138.11	-218.72	-130.00	-1050.00	40.00	18.66	-5.37	11.28	-100.00	-880.00	620.00	5.24	29.27	48.96
-290.00	-1010.00	260.00	-109.33	-44.45	-256.46	230.00	-430.00	-40.00	-72.32	139.57	-236.65	-150.00	-1050.00	50.00	17.07	-3.29	9.63	-100.00	-880.00	620.00	5.24	29.27	48.96
-480.00	-1190.00	300.00	-109.33	-44.45	-256.46	180.00	-500.00	-40.00	-70.24	127.80	-246.71	-160.00	-1040.00	60.00	16.10	-0.67	8.48	-60.00	-890.00	630.00	3.90	32.56	51.77
-520.00	-1280.00	360.00	-109.45	-36.22	-257.68	110.00	-530.00	-70.00	-70.24	127.80	-246.71	-140.00	-1030.00	40.00	15.37	1.28	7.56	-70.00	-890.00	630.00	-1.28	41.46	57.74
-520.00	-1280.00	360.00	-109.45	-36.22	-257.68	90.00	-720.00	-230.00	-70.24	127.80	-246.71	-140.00	-1030.00	20.00	14.82	2.44	7.93	-70.00	-890.00	630.00	-1.28	41.46	57.74
-600.00	-1510.00	430.00	-108.41	-19.02	-250.91	90.00	-720.00	-230.00	-73.05	87.44	-268.41	-150.00	-1030.00	10.00	15.12	1.52	7.74	-70.00	-890.00	630.00	-1.28	41.46	57.74
-600.00	-1510.00	430.00	-108.41	-19.02	-250.91	90.00	-720.00	-230.00	-73.05	87.44	-268.41	-150.00	-1040.00	30.00	15.30	1.04	6.83	-70.00	-890.00	630.00	-3.78	48.35	61.71
-670.00	-1600.00	440.00	-110.91	-10.18	-239.88	90.00	-720.00	-230.00	-73.05	87.44	-268.41	-160.00	-1040.00	60.00	14.70	0.85	6.95	-100.00	-890.00	650.00	-11.71	58.60	72.20
-670.00	-1600.00	440.00	-111.10	-6.10	-206.71	170.00	-1060.00	-350.00	-78.17	79.57	-268.66	-180.00	-1050.00	100.00	14.09	0.98	7.56	-100.00	-890.00	650.00	-11.71	58.60	72.20
-830.00	-1710.00	440.00	-111.10	-6.10	-206.71	170.00	-1060.00	-350.00	-79.63	82.07	-263.23	-180.00	-1040.00	110.00	13.35	0.73	7.93	-90.00	-880.00	660.00	-13.66	61.34	78.78
-860.00	-1730.00	450.00	-108.11	-3.29	-193.41	170.00	-1060.00	-350.00	-79.63	82.07	-263.23	-170.00	-1040.00	100.00	12.50	0.43	8.11	-90.00	-900.00	660.00	-10.98	65.12	83.41
-860.00	-1730.00	450.00	-108.11	-3.29	-193.41	80.00	-1330.00	-440.00	-79.63	82.07	-263.23	-170.00	-1040.00	100.00	10.61	2.26	8.72	-130.00	-910.00	680.00	-8.35	71.10	87.32
-890.00	-1700.00	440.00	-94.70	1.46	-170.91	-20.00	-1430.00	-490.00	-97.01	96.52	-232.13	-160.00	-1020.00	70.00	8.29	4.76	10.12	-130.00	-910.00	680.00	-8.35	71.10	87.32
-890.00	-1700.00	440.00	-94.70	1.46	-170.91	-20.00	-1430.00	-490.00	-97.01	96.52	-232.13	-160.00	-1040.00	70.00	6.77	6.10	12.07	-110.00	-920.00	710.00	-11.04	77.38	94.70
-950.00	-1700.00	440.00	-86.46	3.66	-158.05	-20.00	-1430.00	-490.00	-97.01	96.52	-232.13	-160.00	-1040.00	60.00	5.79	7.26	14.57	-100.00	-1000.00	710.00	-17.74	88.78	115.06
-950.00	-1700.00	440.00	-59.88	17.62	-129.88	-340.00	-1670.00	-610.00	-109.45	84.76	-209.51	-160.00	-1050.00	70.00	4.70	8.90	17.26	-100.00	-1000.00	710.00	-17.74	88.78	115.06
-970.00	-1570.00	480.00	-59.88	17.62	-129.88	-340.00	-1670.00	-610.00	-120.00	75.85	-197.80	-160.00	-1040.00	60.00	4.09	8.54	19.76	-150.00	-1030.00	680.00	-17.74	88.78	115.06
-970.00	-1570.00	480.00	-59.88	17.62	-129.88	-340.00	-1670.00	-610.00	-120.00	75.85	-197.80	-160.00	-1040.00	90.00	3.35	8.17	21.89	-80.00	-1130.00	670.00	-27.68	104.94	131.04
-990.00	-1520.00	510.00	-21.95	-2.62	-69.21	-310.00	-1700.00	-620.00	-120.00	75.85	-197.80	-170.00	-1040.00	110.00	2.68	7.38	23.72	-140.00	-1160.00	660.00	-23.41	107.68	136.16
-1030.00	-1280.00	650.00	-21.95	-2.62	-69.21	-260.00	-1710.00	-630.00	-128.54	66.71	-176.52	-180.00	-1030.00	100.00	2.38	5.98	25.67	-140.00	-1160.00	660.00	-23.41	107.68	136.16
-1030.00	-1280.00	650.00	7.74	-50.61	0.67	-260.00	-1710.00	-630.00	-125.61	67.56	-164.45	-160.00	-1050.00	120.00	2.07	4.94	27.44	-50.00	-1280.00	730.00	-21.59	115.67	137.44
-1030.00	-1280.00	650.00	7.74	-50.61	0.67	-260.00	-1710.00	-630.00	-125.61	67.56	-164.45	-150.00	-1060.00	100.00	1.22	4.88	29.45	-160.00	-1330.00	620.00	-12.93	116.16	142.32
-1070.00	-1140.00	700.00	7.74	-50.61	0.67	-280.00	-1700.00	-570.00	-108.29	68.96	-133.35	-140.00	-1060.00	110.00	0.18	3.78	31.46	-160.00	-1330.00	620.00	0.55	113.17	143.29
-1160.00	-950.00	730.00	7.74	-50.61	0.67	-360.00	-1620.00	-520.00	-92.99	67.32	-115.61	-140.00	-1060.00	110.00	-0.73	1.65	32.80	-120.00	-1380.00	670.00	5.98	126.10	136.46
-1160.00	-950.00	730.00	34.57	-31.77	32.01	-360.00	-1620.00	-520.00	-92.99	67.32	-115.61	-150.00	-1040.00	80.00	-1.40	-0.18	33.84	-50.00	-1330.00	680.00	7.07	109.45	136.95
-1140.00	-830.00	670.00	34.57	-31.77	32.01	-540.00	-1420.00	-360.00	-71.95	63.11	-96.46	-150.00	-1050.00	100.00	-1.77	-2.26	34.09	-80.00	-1390.00	730.00	7.07	109.45	136.95
-1140.00	-830.00	670.00	34.57	-31.77	32.01	-590.00	-1340.00	-260.00	-51.65	55.37	-76.59	-150.00	-1040.00	90.00	-1.10	-3.96	33.72	-80.00	-1390.00	730.00	0.06	116.40	95.24
-1140.00	-830.00	670.00	52.32	36.52	34.27	-590.00	-1340.00	-260.00	-32.32	41.95	-59.45	-160.00	-1040.00	80.00	-0.61	-5.67	33.84	-130.00	-1330.00	770.00	11.52	110.24	80.55
-1100.00	-800.00	610.00	40.98	11.22	73.05	-650.00	-1250.00	-130.00	-4.94	9.21	-33.60	-160.00	-1050.00	80.00	-1.34	-5.85	33.54	-60.00	-1340.00	780.00	11.52	110.24	80.55
-890.00	-860.00	510.00	35.79	14.88	118.48	-680.00	-1120.00	-70.00	24.76	-9.15	2.62	-160.00	-1040.00	60.00	-2.20	-4.39	34.27	-60.00	-1340.00	780.00	11.52	110.24	80.55
-890.00	-860.00	510.00	35.79	14.88	118.48	-710.00	-1070.00	-10.00	29.33	-7.32	17.99	-150.00	-1040.00	60.00	-2.87	-4.21	35.67	-60.00	-1340.00	780.00	6.22	115.00	38.41
-680.00	-880.00	520.00	35.79	14.88	118.48	-670.00	-1020.00	-0.00	29.33	-7.32	17.99	-170.00	-1030.00	80.00	-4.45	-2.32	35.98	-110.00	-1450.00	790.00	-9.09	117.93	8.11
100.00	-1420.00	440.00	7.07	78.11	138.60	-600.00	-1010.00	20.00	-7.50	-31.04	65.30	-190.00	-1020.00	100.00	-6.22	-0.06	37.62	0.00	-1240.00	630.00	-9.09	117.93	8.11
100.00	-1420.00	440.00	7.07	78.11	138.60	-540.00	-1010.00	10.00	-7.50	-31.04	65.30	-230.00	-1000.00	90.00	-6.65	1.46	39.09	0.00	-1240.00	630.00	-1.10	120.91	-55.85
100.00	-1420.00	440.00	7.07	78.11	138.60	-500.00	-910.00	-70.00	-13.66	-12.01	83.17	-200.00	-1010.00	110.00	-7.13	3.66	40.24	-520.00	-1120.00	570.00	-28.66	51.59	-72.80
-1180.00	-770.00	340.00	-9.88	11.22	166.59	-370.00	-910.00	-140.00	-13.66	-12.01	83.17	-200.00	-1030.00	90.00	-7.87	5.37	41.77	110.00	-1110.00	620.00	-7.07	39.15	-80.91
660.00	-480.00	1700.00	-9.88	11.22	166.59	220.00	-810.00	-320.00	55.43	-76.52	98.54	-240.00	-1030.00	70.00	-8.66	7.68	44.02	110.00	-1110.00	620.00	-7.07	39.15	-80.91
660.00	-480.00	1700.00	-9.88	11.22	166.59	220.00	-810.00	-320.00	77.13	-91.28	135.55	-220.00	-1040.00	70.00	-9.63	9.76	46.34	-290.00	-1020.00	660.00	-5.85	-16.04	-88.78
660.00	-480.00	1700.00	71.04	-14.33	119.39	220.00	-810.00	-320.00	77.13	-91.28	135.55	-220.00	-1060.00	90.00	-10.67	10.73	48.84	-70.00	-740.00	480.00	-6.34	-40.79	-96.40
-100.00	-1400.00	900.00	71.04	-14.33	119.39	-230.00	-140.00	-320.00	34.33	-42.74	170.55	-260.00	-1050.00	120.00	-11.46	11.34	52.38	-70.00	-740.00	480.00	-6.34	-40.79	-96.40
-100.00	-1400.00	900.00	71.04	-14.33	119.39	220.00	-730.00	-860.00	34.33	-42.74	170.55	-250.00	-1060.00	130.00	-11.89	11.59	55.67	-60.00	-530.00	350.00	-0.73	-62.80	-109.63
-100.00	-1400.00	900.00	71.04	-14.33	119.39	220.00	-730.00	-860.00	12.50	-13.66	165.61	-240.00	-1060.00	140.00	-12.32	11.16	59.09	-20.00	-710.00	460.00	-0.73	-62.80	-109.63
-90.00	-1070.00	510.00	70.43	-14.76	49.70	1190.00	-190.00	-950.00	12.50	-13.66	165.61	-270.00	-1050.00	110.00	-12.07	11.40	61.59	-20.00	-710.00	460.00	0.43	-71.04	-116.65
-1230.00	-1840.00	-340.00	70.43	-14.76	49.70	1190.00	-190.00	-950.00	3.29	-65.49	164.33	-280.00	-1060.00	110.00	-12.44	12.68	65.00	-20.00	-710.00	460.00	0.43	-71.04	-116.65
-1230.00	-1840.00	-340.00	70.43	-14.76	49.70	460.00	-1290.00	170.00	3.29	-65.49	164.33	-280.00	-1060.00	110.00	-13.23	13.84	68.35	-110.00	-520.00	220.00	4.82	-73.60	-132.68
-1230.00	-1840.00	-340.00	70.43	-14.76	49.70	460.00	-1290.00	170.00	-22.68	-39.94	172.50	-300.00	-1060.00	110.00	-14.02	15.91	72.20	-110.00	-520.00	220.00	4.82	-73.60	-132.68
-460.00	-1010.00	230.00	-5.18	1.22	12.01	460.00	-1280.00	-180.00	8.35	8.17	125.85	-290.00	-1060.00	120.00	-15.37	19.02	77.26	-350.00	-360.00	130.00	7.13	-73.17	-140.00
-390.00	-910.00	400.00	-10.91	8.05	11.71	460.00	-1280.00	-180.00	8.35	8.17	125.85	-280.00	-1080.00	120.00	-17.50	20.79	82.50	-230.00	-400.00	200.00	9.63	-72.99	-149.76
-390.00	-910.00	400.00	-10.91	8.05	11.71	1030.00	-1720.00	20.00	9.33	22.87	100.12	-280.00	-1090.00	110.00	-21.16	20.06	85.67	-230.00	-400.00	200.00	9.63	-72.99	-149.76
-390.00	-910.00	400.00	-10.91	8.05	11.71	-170.00	-1070.00	-670.00	9.39	27.56	77.13	-310.00	-1090.00	110.00	-25.37	20.67	89.33	-200.00	-420.00	210.00	10.12	-75.55	-151.77
-320.00	-860.00	410.00	-17.20	24.76	9.33	-170.00	-1070.00	-670.00	1.95	19.45	65.49	-330.00	-1090.00	100.00	-30.00	17.93	92.74	-200.00	-420.00	210.00	9.76	-82.26	-153.11
-320.00	-860.00	410.00	-17.20	24.76	9.33	-270.00	-720.00	-800.00	1.40	23.35	56.52	-340.00	-1110.00	100.00	-32.74	20.55	98.23	-260.00	-470.00	230.00	9.76	-82.26	-153.11
-320.00	-860.00	410.00	-17.20	24.76	9.33	-290.00	-890.00	-730.00	8.35	12.50	48.66	-360.00	-1110.00	130.00	-34.94	20.30	104.51	-250.00	-500.00	250.00	11.65	-86.28	-151.34
-230.00	-890.00	470.00	-15.00	23.72	-0.06	-390.00	-990.00	-500.00	3.29	-0.06	47.07	-350.00	-1170.00	150.00	-37.80	19.94	112.56	-250.00	-500.00	250.00	13.90	-90.30	-150.55
-180.00	-970.00	430.00	-12.62	20.61	-5.30	40.00	-1040.00	-290.00	-0.18	-3.35	39.21	-370.00	-1160.00	160.00	-40.79	20.91	121.77	-300.00	-570.00	290.00	10.43	-107.26	-132.68
-180.00	-970.00	430.00	-12.62	20.61	-5.30	40.00	-970.00	-370.00	-4.51	-7.93	33.29	-350.00	-1230.00	20.00	-42.80	20.91	134.21	-300.00	-570.00	290.00	10.43	-107.26	-132.68
-180.00	-970.00	430.00	-12.62	20.61	-5.30	10.00	-820.00	-350.00	-11.10	-12.26	30.79	-320.00	-1310.00	-30.00	-46.28	22.93	143.84	-330.00	-600.00	290.00	18.17	-51.52	-90.79
-250.00	-1010.00	290.00	-13.11	17.50	-10.67	260.00	-990.00	-210.00	-12.50	-12.38	25.85	-310.00	-1370.00	-50.00	-51.89	19.45	149.33	-330.00	-600.00	290.00	18.17	-51.52	-90.79
-280.00	-1010.00	220.00	-15.43	17.99	-8.84	130.00	-990.00	-240.00	-9.70	-9.39	19.94	-300.00	-1410.00	-60.00	-54.82	13.96	151.16	-420.00	-690.00	310.00	18.17	-51.52	-90.79
-280.00	-1010.00	220.00	-15.43	17.99	-8.84	140.00	-960.00	-220.00	-11.89	-5.79	13.29	-300.00	-1450.00	-110.00	-57.62	6.10	156.95	-420.00	-690.00	310.00	17.74	-4.39	-70.79
-280.00	-1010.00	220.00	-17.62	19.21	-7.01	220.00	-1020.00	-210.00	-11.04	-6.22	9.27	-350.00	-1470.00	-170.00	-56.65	-4.45	160.79	-450.00	-750.00	330.00	17.74	-4.39	-70.79
-230.00	-1020.00	290.00	-16.28	18.96	-7.50	190.00	-960.00	-250.00	-7.50	-5.49	4.57	-320.00	-1580.00	-100.00	-52.32	-7.99	156.16	-570.00	-890.00	370.00	10.85	-1.16	-62.13
-230.00	-1020.00	290.00	-16.28	18.96	-7.50	160.00	-870.00	-310.00	-3.66	-6.59	3.17	-320.00	-1560.00	-100.00	-50.43	-19.82	152.26	-570.00	-890.00	370.00	10.85	-1.16	-62.13
-230.00	-1020.00	290.00	-16.28	18.96	-7.50	120.00	-850.00	-280.00	0.12	-7.38	3.48	-270.00	-1610.00	-70.00	-42.38	-30.43	150.85	-660.00	-950.00	420.00	1.46	-5.98	-44.76
-200.00	-1020.00	330.00	-16.10	16.95	-10.12	150.00	-880.00	-280.00	0.55	-7.99	3.90	-290.00	-1610.00	-40.00	-31.65	-27.99	145.73	-660.00	-950.00	420.00	1.46	-5.98	-44.76
-210.00	-1010.00	330.00	-16.28	16.22	-11.04	180.00	-830.00	-340.00	-4.51	-9.51	1.89	-150.00	-1580.00	50.00	-26.40	-32.56	133.72	-980.00	-1080.00	730.00	-2.62	-13.72	-35.55
-210.00	-1010.00	330.00	-16.28	16.22	-11.04	130.00	-750.00	-410.00	-4.51	-9.51	1.89	-240.00	-1520.00	0.00	-21.40	-19.21	129.70	-980.00	-1080.00	730.00	-5.24	-22.20	-27.13
-210.00	-1010.00	330.00	-16.71	13.23	-11.71	160.00	-710.00	-430.00	-4.51	-9.51	1.89	-260.00	-1480.00	10.00	-8.84	17.38	127.32	-990.00	-1110.00	760.00	-12.38	-71.95	16.52
-220.00	-1010.00	300.00	-16.71	13.23	-11.71	180.00	-730.00	-430.00	-4.82	-7.62	-2.26	-200.00	-1440.00	0.00	-0.79	42.99	108.35	-800.00	-1090.00	590.00	-12.38	-71.95	16.52
-230.00	-1000.00	290.00	-16.77	10.37	-11.10	160.00	-790.00	-370.00	-4.82	-7.62	-2.26	-230.00	-1420.00	-120.00	-8.48	46.28	99.63	-800.00	-1090.00	590.00	-15.73	-35.55	2.62
-230.00	-1000.00	290.00	-16.77	10.37	-11.10	180.00	-830.00	-350.00	-4.82	-7.62	-2.26	-290.00	-1280.00	-70.00	-3.05	75.91	98.90	-800.00	-1090.00	590.00	26.22	-7.87	21.40
-210.00	-1030.00	270.00	-14.51	6.10	-8.29	190.00	-860.00	-320.00	-5.67	-7.80	-0.67	-240.00	-1260.00	-0.00	-0.55	160.30	72.50	-740.00	-930.00	440.00	26.22	-7.87	21.40
-210.00	-1030.00	270.00	-14.51	6.10	-8.29	160.00	-820.00	-340.00	-5.67	-7.80	-0.67	-200.00	-1180.00	20.00	12.07	202.99	51.65	-740.00	-930.00	440.00	26.22	-7.87	21.40
-200.00	-1040.00	260.00	-11.77	4.33	-5.91	160.00	-820.00	-340.00	-5.67	-7.80	-0.67	-410.00	-970.00	60.00	1.34	162.80	15.98	-680.00	-940.00	420.00	8.78	-13.48	11.34
-200.00	-1040.00	260.00	-0.73	-3.60	10.12	160.00	-820.00	-340.00	-6.10	-7.68	0.55	-570.00	-820.00	60.00	-7.87	108.17	-18.17	-560.00	-890.00	410.00	7.87	-14.76	10.24
-200.00	-1030.00	260.00	-0.73	-3.60	10.12	170.00	-820.00	-350.00	-6.46	-8.96	1.16	-380.00	-810.00	100.00	2.38	81.16	-33.66	-560.00	-890.00	410.00	7.87	-14.76	10.24
-220.00	-1020.00	280.00	0.49	-4.39	11.46	170.00	-820.00	-350.00	-6.46	-8.96	1.16	-170.00	-670.00	40.00	16.89	74.21	-44.70	-480.00	-890.00	410.00	5.98	-16.71	10.43
-220.00	-1020.00	280.00	2.62	-5.91	14.27	170.00	-820.00	-350.00	-5.91	-9.21	1.28	-510.00	-690.00	100.00	25.55	62.50	-59.70	-480.00	-890.00	410.00	5.91	-17.13	7.87
-180.00	-1040.00	260.00	2.62	-5.91	14.27	170.00	-810.00	-370.00	-3.35	-7.50	3.11	-570.00	-390.00	230.00	21.22	38.84	-79.21	-490.00	-840.00	560.00	4.15	-16.89	6.65
-180.00	-1040.00	260.00	9.39	-7.62	13.96	180.00	-810.00	-370.00	-3.35	-7.50	3.11	-140.00	-420.00	130.00	20.00	9.51	-98.66	470.00	-2000.00	320.00	1.59	-13.60	4.57
-180.00	-1040.00	260.00	9.39	-7.62	13.96	180.00	-810.00	-370.00	-2.26	-7.01	4.27	260.00	-850.00	50.00	24.21	-11.22	-115.98	-120.00	-1830.00	260.00	0.30	-10.12	1.22
-180.00	-1030.00	290.00	10.67	-7.93	15.24	190.00	-820.00	-360.00	-2.13	-7.13	5.61	340.00	-520.00	-20.00	29.15	-20.37	-126.22	-240.00	-1540.00	400.00	-1.59	-7.80	-1.28
-190.00	-1040.00	260.00	11.40	-7.93	17.50	170.00	-810.00	-360.00	-1.95	-7.01	7.01	80.00	-320.00	-50.00	29.82	-23.66	-134.21	170.00	-1090.00	370.00	-1.59	-7.80	-1.28
-190.00	-1030.00	280.00	11.40	-7.93	17.50	170.00	-810.00	-360.00	-1.59	-7.07	7.93	-70.00	-210.00	-50.00	30.91	-25.43	-140.85	170.00	-1090.00	370.00	-2.13	-5.37	-4.15
-190.00	-1030.00	280.00	11.95	-7.93	17.62	170.00	-800.00	-360.00	-1.10	-6.34	8.54	-60.00	-350.00	-70.00	33.41	-19.94	-146.46	-10.00	-800.00	620.00	-0.85	-5.06	-5.79
-210.00	-1020.00	270.00	11.95	-7.93	17.62	170.00	-800.00	-370.00	-0.37	-5.24	9.21	30.00	-320.00	-80.00	34.63	-7.56	-151.10	-30.00	-910.00	550.00	0.91	-6.22	-6.65
-210.00	-1020.00	270.00	11.04	-7.13	17.07	170.00	-810.00	-360.00	0.49	-4.45	9.51	-20.00	-380.00	-60.00	37.38	1.40	-153.84	-30.00	-910.00	550.00	0.91	-6.22	-6.65
-220.00	-1040.00	270.00	8.29	-5.49	15.55	170.00	-810.00	-370.00	1.28	-3.84	10.00	-100.00	-350.00	-30.00	39.82	8.78	-156.04	-40.00	-900.00	540.00	2.80	-9.76	-10.12
-200.00	-1040.00	280.00	1.65	-3.78	12.20	170.00	-820.00	-360.00	1.59	-3.60	10.55	-160.00	-400.00	-20.00	41.04	15.91	-157.87	-10.00	-910.00	540.00	4.02	-10.67	-11.65
-200.00	-1040.00	280.00	1.65	-3.78	12.20	160.00	-830.00	-340.00	1.83	-3.35	10.85	-210.00	-430.00	-10.00	40.79	19.57	-160.24	0.00	-880.00	550.00	4.02	-10.67	-11.65
-220.00	-1010.00	290.00	-7.50	0.24	5.37	160.00	-830.00	-340.00	1.95	-3.17	10.73	-290.00	-430.00	-20.00	39.70	22.62	-162.01	0.00	-880.00	550.00	4.02	-10.67	-11.65
-220.00	-1010.00	280.00	-3.78	1.16	4.33	160.00	-820.00	-350.00	2.07	-3.05	10.24	-370.00	-470.00	-0.00	39.76	24.02	-162.26	-20.00	-880.00	550.00	4.51	-10.73	-14.02
-220.00	-1010.00	280.00	-3.78	1.16	4.33	150.00	-830.00	-350.00	2.07	-2.50	9.57	-400.00	-500.00	-20.00	41.28	20.43	-162.20	-0.00	-890.00	530.00	4.57	-9.88	-15.06
-240.00	-1000.00	290.00	0.18	0.12	6.46	160.00	-830.00	-350.00	3.17	-1.34	10.06	-420.00	-550.00	-30.00	42.07	15.79	-163.23	-10.00	-910.00	510.00	4.57	-9.88	-15.06
-240.00	-1000.00	290.00	0.18	0.12	6.46	150.00	-840.00	-350.00	4.21	0.91	11.52	-450.00	-590.00	-40.00	42.62	10.55	-165.24	-10.00	-910.00	510.00	3.90	-6.52	-16.52
-260.00	-990.00	280.00	7.56	-5.06	9.45	140.00	-820.00	-350.00	4.21	0.91	11.52	-470.00	-650.00	-50.00	42.93	4.33	-167.56	-30.00	-980.00	460.00	3.90	-6.52	-16.52
-260.00	-990.00	280.00	9.70	-7.44	9.88	140.00	-820.00	-340.00	4.21	0.91	11.52	-480.00	-710.00	-80.00	42.74	-5.79	-168.66	-40.00	-970.00	480.00	3.96	-3.78	-16.71
-200.00	-1000.00	380.00	9.51	-8.11	10.67	130.00	-820.00	-340.00	2.32	-0.73	10.79	-500.00	-760.00	-100.00	41.65	-17.87	-166.34	-40.00	-970.00	480.00	3.96	-3.78	-16.71
-200.00	-1000.00	380.00	9.51	-8.11	10.67	120.00	-820.00	-330.00	2.32	-0.73	10.79	-530.00	-810.00	-130.00	41.52	-27.74	-161.65	-30.00	-970.00	480.00	3.11	-0.24	-15.37
-270.00	-1080.00	260.00	7.32	-6.95	10.73	120.00	-810.00	-340.00	2.32	-0.73	10.79	-590.00	-870.00	-170.00	41.77	-32.38	-153.11	-20.00	-970.00	490.00	2.32	0.67	-13.90
-270.00	-1080.00	260.00	7.32	-6.95	10.73	130.00	-820.00	-350.00	1.71	-1.95	10.18	-680.00	-910.00	-180.00	42.74	-32.44	-141.95	-10.00	-960.00	500.00	2.32	0.67	-13.90
-280.00	-1060.00	200.00	2.93	-5.49	10.12	130.00	-840.00	-350.00	0.18	-3.84	8.29	-780.00	-980.00	-200.00	41.89	-26.10	-129.82	-10.00	-960.00	500.00	3.41	2.38	-9.51
-270.00	-1050.00	200.00	2.93	-5.49	10.12	120.00	-830.00	-340.00	0.18	-3.84	8.29	-870.00	-1040.00	-180.00	38.11	-17.99	-118.23	10.00	-930.00	530.00	3.41	2.38	-9.51
-270.00	-1050.00	200.00	1.77	-5.06	7.99	120.00	-830.00	-340.00	0.18	-3.84	8.29	-940.00	-1090.00	-150.00	36.46	-11.59	-104.45	10.00	-930.00	530.00	3.17	1.95	-7.07
-270.00	-1050.00	250.00	1.16	-4.51	5.79	120.00	-830.00	-340.00	-1.34	-3.66	6.16	-1030.00	-1150.00	-110.00	38.41	12.56	-85.79	30.00	-910.00	530.00	3.17	1.95	-7.07
-270.00	-1050.00	250.00	0.91	-3.60	3.35	120.00	-810.00	-370.00	-4.09	-1.04	3.23	-1130.00	-1170.00	-80.00	36.59	38.48	-68.35	30.00	-910.00	530.00	3.41	0.00	-2.62
-250.00	-1010.00	300.00	0.91	-3.60	3.35	120.00	-810.00	-370.00	-4.09	-1.04	3.23	-1200.00	-1170.00	-40.00	29.94	45.00	-57.26	60.00	-910.00	540.00	3.41	0.00	-2.62
-250.00	-1010.00	300.00	0.55	-2.87	0.85	120.00	-810.00	-370.00	-3.23	0.12	4.15	-1260.00	-1180.00	-20.00	21.95	47.26	-49.27	60.00	-910.00	540.00	3.17	-0.98	-0.73
-250.00	-1010.00	310.00	-0.43	-2.26	-2.07	90.00	-810.00	-350.00	3.35	0.67	4.39	-1260.00	-1170.00	-20.00	15.98	46.95	-42.93	60.00	-910.00	540.00	2.32	-2.32	2.07
-260.00	-960.00	310.00	-0.43	-2.26	-2.07	90.00	-810.00	-350.00	3.35	0.67	4.39	-1190.00	-1180.00	-80.00	11.22	39.57	-39.15	60.00	-930.00	540.00	2.32	-2.32	2.07
-260.00	-960.00	310.00	-0.73	-1.71	-1.65	90.00	-810.00	-350.00	11.46	-1.65	3.11	-1170.00	-1160.00	-110.00	6.52	27.26	-36.77	60.00	-930.00	540.00	2.13	-2.56	3.17
-260.00	-950.00	310.00	-1.65	-2.26	-0.98	100.00	-810.00	-360.00	11.46	-1.65	3.11	-1200.00	-1030.00	-120.00	2.50	14.09	-35.18	60.00	-930.00	530.00	2.13	-2.56	3.17
-260.00	-950.00	310.00	-1.83	-2.07	-0.73	130.00	-870.00	-330.00	10.37	-3.23	4.21	-1070.00	-1060.00	-160.00	-0.18	-0.67	-34.70	60.00	-930.00	530.00	1.95	-1.46	3.78
-260.00	-960.00	310.00	-1.83	-2.07	-0.73	130.00	-870.00	-330.00	6.22	-5.06	5.61	-970.00	-1060.00	-190.00	-1.22	-16.04	-34.45	60.00	-930.00	510.00	1.95	-1.46	3.78
-260.00	-960.00	310.00	-1.22	-1.16	-1.04	130.00	-870.00	-330.00	6.22	-5.06	5.61	-860.00	-1030.00	-210.00	-1.10	-29.57	-34.33	60.00	-930.00	510.00	1.83	-1.16	3.54
-270.00	-980.00	300.00	-0.67	1.40	-1.89	110.00	-770.00	-440.00	4.51	-4.63	5.30	-750.00	-1000.00	-220.00	-0.67	-44.82	-35.67	40.00	-930.00	500.00	1.83	-0.30	2.32
-260.00	-1000.00	290.00	-1.28	-0.06	-0.43	110.00	-760.00	-440.00	1.77	-0.85	2.87	-650.00	-980.00	-210.00	-7.87	-83.54	-41.65	50.00	-920.00	530.00	1.83	-0.30	2.32
-260.00	-1020.00	270.00	-0.85	0.00	-1.04	130.00	-860.00	-340.00	1.77	-0.85	2.87	-550.00	-970.00	-190.00	-5.30	-83.90	-36.89	50.00	-920.00	530.00	1.83	-0.30	2.32
-260.00	-1020.00	270.00	-0.85	0.00	-1.04	130.00	-860.00	-340.00	1.77	-0.85	2.87	-460.00	-950.00	-180.00	-23.78	-48.60	-31.10	40.00	-910.00	530.00	1.65	-0.37	1.89
-260.00	-1020.00	290.00	-0.79	-0.24	-1.04	130.00	-860.00	-340.00	0.37	1.59	1.40	-380.00	-930.00	-150.00	-37.80	-65.06	-22.80	40.00	-910.00	530.00	1.46	-0.55	1.16
