LLACx	LLACy	LLACz	LLGYx	LLGYy	LLGYz	LMACx	LMACy	LMACz	LMGYx	LMGYy	LMGYz	RLACx	RLACy	RLACz	RLGYx	RLGYy	RLGYz	RMACx	RMACy	RMACz	RMGYx	RMGYy	RMGYz
-220.00	-1070.00	150.00	-16.46	15.67	6.83	170.00	-740.00	-410.00	-0.18	-0.98	2.20	-180.00	-1050.00	-10.00	-24.51	-0.67	20.98	30.00	-930.00	530.00	-10.12	4.82	22.20
-270.00	-990.00	360.00	-13.48	10.06	7.99	110.00	-850.00	-320.00	-0.37	-0.12	0.61	70.00	-1030.00	80.00	-0.43	0.49	0.06	180.00	-870.00	560.00	-0.91	-0.49	0.67
-270.00	-990.00	360.00	0.24	-1.10	0.73	110.00	-840.00	-330.00	-0.30	-0.18	0.73	60.00	-1040.00	80.00	-0.30	0.30	0.12	180.00	-880.00	560.00	-0.85	-0.55	0.61
-270.00	-990.00	360.00	0.37	-0.91	0.98	110.00	-850.00	-320.00	-0.18	-0.37	0.67	70.00	-1040.00	90.00	-0.30	0.30	0.12	180.00	-870.00	560.00	-0.91	-0.61	0.61
-270.00	-990.00	360.00	0.43	-0.98	1.16	110.00	-850.00	-320.00	0.00	-0.43	0.79	60.00	-1030.00	80.00	-0.49	0.43	0.12	180.00	-870.00	560.00	-0.91	-0.49	0.61
-270.00	-990.00	370.00	0.49	-0.91	1.28	110.00	-850.00	-320.00	0.00	-0.67	1.04	60.00	-1030.00	80.00	-0.43	0.43	0.06	180.00	-870.00	560.00	-1.04	-0.49	0.49
-270.00	-990.00	370.00	0.49	-0.98	1.28	110.00	-850.00	-320.00	-0.06	-0.79	1.28	70.00	-1030.00	80.00	-0.30	0.24	0.00	180.00	-880.00	560.00	-1.04	-0.55	0.49
-260.00	-990.00	360.00	0.55	-1.04	1.22	110.00	-840.00	-320.00	-0.12	-0.55	1.22	60.00	-1030.00	80.00	-0.18	0.24	-0.06	180.00	-880.00	550.00	-0.98	-0.49	0.55
-260.00	-990.00	360.00	0.49	-1.04	1.22	110.00	-850.00	-320.00	-0.18	-0.55	1.16	60.00	-1030.00	80.00	-0.18	0.24	-0.06	180.00	-880.00	560.00	-1.04	-0.37	0.55
-270.00	-990.00	370.00	0.49	-0.98	1.22	110.00	-840.00	-330.00	-0.18	-0.61	1.04	70.00	-1040.00	80.00	-0.24	0.24	-0.18	180.00	-870.00	570.00	-0.98	-0.37	0.37
-270.00	-990.00	370.00	0.37	-0.91	1.16	120.00	-840.00	-330.00	-0.30	-0.43	1.16	60.00	-1030.00	80.00	-0.37	0.37	-0.30	180.00	-870.00	560.00	-0.91	-0.43	0.37
-270.00	-990.00	370.00	0.43	-0.73	1.10	110.00	-850.00	-320.00	-0.49	-0.43	1.22	60.00	-1030.00	80.00	-0.37	0.49	-0.30	180.00	-880.00	570.00	-1.04	-0.49	0.30
-270.00	-990.00	370.00	0.55	-0.85	1.22	110.00	-850.00	-320.00	-0.30	-0.30	1.10	70.00	-1040.00	70.00	-0.37	0.67	-0.43	180.00	-870.00	560.00	-1.04	-0.37	0.30
-260.00	-990.00	370.00	0.49	-0.79	1.34	110.00	-850.00	-320.00	-0.30	-0.30	1.10	70.00	-1030.00	80.00	-0.30	0.67	-0.49	180.00	-880.00	560.00	-0.98	-0.24	0.24
-260.00	-990.00	370.00	0.55	-0.91	1.46	110.00	-850.00	-320.00	-0.43	-0.37	1.22	70.00	-1030.00	80.00	-0.12	0.30	-0.30	180.00	-880.00	570.00	-0.79	-0.18	0.12
-270.00	-990.00	370.00	0.55	-0.79	1.46	110.00	-840.00	-320.00	-0.37	-0.43	1.28	70.00	-1030.00	80.00	-0.12	0.06	-0.37	180.00	-870.00	560.00	-0.61	-0.24	0.12
-270.00	-990.00	370.00	0.55	-0.49	1.34	110.00	-840.00	-320.00	-0.43	-0.37	1.34	60.00	-1030.00	80.00	-0.18	0.18	-0.37	180.00	-870.00	560.00	-0.61	-0.18	0.00
-270.00	-1000.00	370.00	0.55	-0.43	1.46	110.00	-840.00	-320.00	-0.37	-0.24	1.40	60.00	-1030.00	80.00	-0.12	0.24	-0.30	180.00	-870.00	560.00	-0.73	-0.24	-0.06
-270.00	-990.00	360.00	0.43	-0.67	1.59	110.00	-850.00	-320.00	-0.43	-0.24	1.28	70.00	-1040.00	80.00	-0.18	0.30	-0.30	180.00	-880.00	560.00	-0.73	-0.24	-0.06
-270.00	-990.00	370.00	0.61	-0.85	1.59	110.00	-850.00	-330.00	-0.43	-0.24	1.16	70.00	-1030.00	80.00	-0.18	0.37	-0.37	180.00	-880.00	560.00	-0.61	-0.18	0.06
-270.00	-990.00	370.00	0.79	-0.91	1.59	100.00	-850.00	-320.00	-0.55	0.06	1.04	60.00	-1030.00	80.00	-0.24	0.49	-0.37	180.00	-880.00	560.00	-0.67	0.00	-0.12
-270.00	-990.00	370.00	0.73	-1.10	1.77	100.00	-840.00	-320.00	-0.55	0.06	0.79	70.00	-1030.00	80.00	-0.24	0.55	-0.30	180.00	-870.00	560.00	-0.43	0.18	0.00
-270.00	-990.00	370.00	0.79	-1.10	1.83	110.00	-840.00	-330.00	-0.43	0.30	0.61	60.00	-1040.00	80.00	-0.30	0.61	-0.37	180.00	-880.00	560.00	-0.49	0.18	0.00
-270.00	-990.00	360.00	0.91	-1.34	1.83	110.00	-850.00	-320.00	-0.37	0.30	0.37	70.00	-1030.00	80.00	-0.30	0.61	-0.30	180.00	-880.00	560.00	-0.49	0.18	0.00
-270.00	-990.00	370.00	0.79	-1.10	1.95	100.00	-840.00	-320.00	-0.30	0.24	0.30	70.00	-1030.00	70.00	-0.37	0.61	-0.30	180.00	-870.00	560.00	-0.49	-0.06	0.18
-260.00	-990.00	360.00	0.67	-0.98	2.01	110.00	-840.00	-320.00	-0.30	0.24	0.30	70.00	-1040.00	80.00	-0.43	0.67	-0.37	180.00	-870.00	560.00	-0.43	-0.06	0.24
-270.00	-990.00	370.00	0.67	-0.98	2.07	100.00	-840.00	-320.00	-0.24	0.24	0.30	70.00	-1030.00	80.00	-0.30	0.61	-0.24	180.00	-880.00	560.00	-0.43	-0.06	0.24
-270.00	-990.00	360.00	0.73	-0.85	1.89	100.00	-840.00	-320.00	-0.37	0.30	0.24	60.00	-1030.00	70.00	-0.18	0.49	-0.24	180.00	-880.00	560.00	-0.49	-0.06	0.24
-270.00	-990.00	370.00	0.67	-0.73	1.83	100.00	-840.00	-320.00	-0.37	0.30	0.24	70.00	-1030.00	70.00	-0.12	0.43	-0.18	180.00	-880.00	560.00	-0.49	-0.06	0.24
-270.00	-990.00	360.00	0.67	-0.85	1.59	100.00	-850.00	-320.00	-0.43	0.43	0.24	60.00	-1030.00	80.00	-0.12	0.37	-0.18	180.00	-880.00	560.00	-0.30	0.00	0.24
-260.00	-1000.00	370.00	0.67	-0.98	1.40	110.00	-840.00	-320.00	-0.30	0.43	0.18	70.00	-1040.00	80.00	-0.18	0.37	-0.18	180.00	-880.00	560.00	-0.30	0.00	0.24
-270.00	-980.00	360.00	0.73	-1.16	1.22	110.00	-840.00	-320.00	-0.30	0.43	0.18	70.00	-1030.00	80.00	-0.24	0.49	-0.12	180.00	-880.00	560.00	-0.12	0.18	0.30
-270.00	-990.00	370.00	0.67	-1.22	1.04	110.00	-850.00	-320.00	-0.30	0.49	0.00	70.00	-1030.00	80.00	-0.24	0.37	-0.12	180.00	-880.00	560.00	-0.12	0.18	0.30
-270.00	-990.00	370.00	0.55	-1.28	1.10	100.00	-850.00	-320.00	-0.30	0.43	0.00	70.00	-1040.00	80.00	-0.24	0.55	-0.06	180.00	-880.00	560.00	-0.37	0.12	0.30
-270.00	-980.00	360.00	0.61	-1.28	1.04	100.00	-850.00	-320.00	-0.37	0.37	0.00	70.00	-1040.00	80.00	-0.30	0.61	-0.06	180.00	-880.00	560.00	-0.37	0.06	0.43
-270.00	-990.00	360.00	0.61	-1.28	0.98	110.00	-840.00	-320.00	-0.49	0.49	0.12	60.00	-1030.00	80.00	-0.30	0.49	-0.06	190.00	-870.00	560.00	-0.37	0.06	0.43
-270.00	-990.00	370.00	0.61	-1.22	1.04	110.00	-850.00	-320.00	-0.55	0.55	0.12	70.00	-1030.00	80.00	-0.30	0.49	0.06	180.00	-870.00	560.00	-0.37	0.06	0.43
-270.00	-990.00	360.00	0.55	-1.10	1.04	100.00	-840.00	-320.00	-0.55	0.49	0.12	70.00	-1040.00	80.00	-0.30	0.43	-0.06	180.00	-870.00	560.00	-0.61	-0.06	0.30
-270.00	-990.00	370.00	0.61	-1.28	0.91	110.00	-850.00	-320.00	-0.61	0.55	0.18	70.00	-1030.00	80.00	-0.43	0.49	-0.12	180.00	-870.00	570.00	-0.61	-0.06	0.30
-270.00	-990.00	370.00	0.67	-1.22	0.98	110.00	-850.00	-320.00	-0.67	0.55	0.30	60.00	-1030.00	80.00	-0.37	0.49	-0.06	180.00	-870.00	570.00	-0.67	-0.12	0.30
-270.00	-990.00	360.00	0.67	-1.34	0.91	110.00	-840.00	-320.00	-0.73	0.61	0.37	70.00	-1030.00	80.00	-0.24	0.43	-0.12	180.00	-870.00	560.00	-0.55	-0.06	0.30
-270.00	-990.00	360.00	0.61	-1.46	0.91	110.00	-850.00	-320.00	-0.73	0.67	0.37	70.00	-1040.00	80.00	-0.18	0.24	-0.18	180.00	-870.00	560.00	-0.55	-0.06	0.30
-270.00	-990.00	370.00	0.67	-1.34	0.91	110.00	-840.00	-320.00	-0.55	0.55	0.55	70.00	-1030.00	80.00	-0.18	0.30	-0.18	180.00	-880.00	560.00	-0.67	-0.18	0.18
-270.00	-990.00	370.00	0.73	-1.46	1.04	100.00	-840.00	-320.00	-0.79	0.43	0.67	70.00	-1030.00	80.00	-0.24	0.30	-0.18	180.00	-880.00	560.00	-0.67	-0.18	0.18
-270.00	-990.00	360.00	0.73	-1.40	1.04	110.00	-850.00	-320.00	-0.91	0.30	0.67	70.00	-1030.00	80.00	-0.12	0.18	-0.18	180.00	-880.00	560.00	-0.67	-0.18	0.18
-270.00	-990.00	370.00	0.85	-1.52	1.04	110.00	-850.00	-320.00	-0.91	0.24	0.55	70.00	-1030.00	70.00	-0.37	0.30	-0.18	180.00	-870.00	560.00	-0.73	-0.24	0.18
-270.00	-990.00	370.00	0.79	-1.65	1.04	110.00	-840.00	-320.00	-0.91	0.24	0.55	70.00	-1040.00	80.00	-0.43	0.37	-0.18	180.00	-870.00	560.00	-0.79	-0.18	0.12
-270.00	-990.00	360.00	0.91	-1.83	1.22	110.00	-850.00	-320.00	-0.37	0.12	0.30	60.00	-1040.00	80.00	-0.24	0.24	-0.24	180.00	-870.00	560.00	-0.79	-0.18	0.12
-260.00	-990.00	370.00	0.98	-1.77	1.40	110.00	-850.00	-320.00	-0.37	0.18	0.24	70.00	-1030.00	80.00	-0.37	0.30	-0.30	180.00	-870.00	560.00	-0.79	-0.18	0.12
-270.00	-990.00	370.00	1.04	-1.77	1.40	110.00	-850.00	-320.00	-0.37	0.18	0.24	60.00	-1030.00	80.00	-0.43	0.43	-0.24	180.00	-880.00	560.00	-0.85	-0.24	0.06
-260.00	-990.00	360.00	1.04	-1.71	1.34	110.00	-850.00	-320.00	-0.85	0.30	0.24	60.00	-1040.00	80.00	-0.43	0.37	-0.30	180.00	-880.00	560.00	-0.91	-0.30	0.18
-270.00	-990.00	360.00	0.85	-1.59	1.46	110.00	-840.00	-330.00	-0.79	0.24	0.30	60.00	-1030.00	80.00	-0.37	0.37	-0.24	180.00	-880.00	560.00	-0.91	-0.30	0.18
-260.00	-990.00	370.00	0.73	-1.28	1.40	110.00	-840.00	-330.00	-0.79	0.24	0.30	60.00	-1030.00	80.00	-0.30	0.37	-0.18	180.00	-870.00	570.00	-0.91	-0.30	0.18
-260.00	-990.00	370.00	0.61	-1.04	1.40	110.00	-840.00	-330.00	-0.79	0.18	0.37	60.00	-1030.00	80.00	-0.24	0.18	-0.18	180.00	-870.00	570.00	-1.10	-0.49	0.24
-270.00	-990.00	370.00	0.43	-0.79	1.28	110.00	-840.00	-330.00	-0.67	0.18	0.37	60.00	-1030.00	80.00	-0.30	0.18	-0.24	180.00	-870.00	570.00	-1.10	-0.49	0.24
-260.00	-990.00	370.00	0.30	-0.73	1.10	110.00	-850.00	-320.00	-0.67	0.18	0.37	70.00	-1040.00	80.00	-0.30	0.24	-0.18	190.00	-870.00	560.00	-1.10	-0.49	0.24
-270.00	-990.00	360.00	0.30	-0.85	0.98	110.00	-850.00	-320.00	-0.67	0.18	0.37	60.00	-1030.00	70.00	-0.24	0.18	-0.18	180.00	-880.00	560.00	-1.04	-0.24	0.24
-270.00	-990.00	370.00	0.37	-1.04	0.98	110.00	-850.00	-320.00	-0.49	0.06	0.18	70.00	-1030.00	80.00	-0.06	0.18	-0.12	180.00	-880.00	560.00	-1.04	-0.24	0.24
-270.00	-980.00	370.00	0.30	-0.91	0.91	110.00	-850.00	-320.00	-0.55	0.06	0.30	70.00	-1030.00	70.00	-0.18	0.12	-0.18	180.00	-880.00	560.00	-1.04	-0.24	0.24
-270.00	-990.00	360.00	0.12	-0.73	0.98	110.00	-850.00	-320.00	-0.55	0.06	0.30	70.00	-1030.00	80.00	-0.24	0.30	-0.24	180.00	-870.00	560.00	-1.04	-0.24	0.24
-270.00	-990.00	360.00	0.06	-0.61	0.98	110.00	-840.00	-320.00	-0.55	-0.12	0.67	60.00	-1030.00	70.00	-0.43	0.24	-0.30	180.00	-870.00	560.00	-1.16	-0.49	0.24
-270.00	-990.00	360.00	0.00	-0.43	0.85	110.00	-840.00	-330.00	-0.55	-0.12	0.67	70.00	-1030.00	80.00	-0.43	0.24	-0.37	180.00	-870.00	560.00	-1.16	-0.49	0.24
-270.00	-990.00	370.00	-0.06	-0.37	0.91	110.00	-840.00	-330.00	-0.49	-0.43	0.85	60.00	-1030.00	80.00	-0.43	0.30	-0.30	180.00	-880.00	560.00	-1.16	-0.49	0.24
-270.00	-990.00	370.00	-0.24	-0.06	0.85	110.00	-840.00	-320.00	-0.49	-0.43	0.85	70.00	-1040.00	80.00	-0.43	0.43	-0.24	180.00	-870.00	560.00	-1.16	-0.61	0.30
-270.00	-990.00	370.00	-0.24	0.00	0.85	110.00	-850.00	-320.00	-0.49	-0.49	0.98	60.00	-1030.00	80.00	-0.43	0.43	-0.24	180.00	-870.00	560.00	-1.28	-0.43	0.30
-260.00	-990.00	370.00	-0.24	-0.06	0.79	110.00	-850.00	-320.00	-0.30	-0.49	0.85	60.00	-1030.00	80.00	-0.30	0.24	-0.24	180.00	-870.00	560.00	-1.28	-0.43	0.30
-270.00	-990.00	370.00	-0.37	-0.06	0.73	110.00	-850.00	-320.00	-0.30	-0.49	0.85	70.00	-1030.00	80.00	-0.06	-0.30	-0.06	180.00	-870.00	560.00	-1.28	-0.43	0.30
-270.00	-990.00	370.00	-0.30	0.00	0.61	110.00	-850.00	-330.00	-0.24	-0.43	0.67	60.00	-1030.00	80.00	-0.06	-0.30	-0.06	180.00	-870.00	560.00	-1.04	-0.43	0.24
-270.00	-990.00	370.00	-0.18	-0.24	0.67	110.00	-850.00	-330.00	-0.24	-0.43	0.67	70.00	-1030.00	70.00	-0.18	-0.06	-0.06	180.00	-870.00	560.00	-1.04	-0.43	0.24
-270.00	-990.00	370.00	-0.24	-0.24	0.67	110.00	-850.00	-330.00	-0.30	-0.43	0.61	70.00	-1030.00	80.00	-0.18	0.00	-0.06	180.00	-870.00	560.00	-1.04	-0.43	0.24
-270.00	-990.00	360.00	-0.24	-0.12	0.79	110.00	-840.00	-320.00	-0.30	-0.43	0.61	70.00	-1030.00	80.00	-0.24	0.18	-0.12	180.00	-880.00	560.00	-1.22	-0.55	0.18
-270.00	-990.00	360.00	-0.24	0.12	0.91	110.00	-840.00	-320.00	-0.55	-0.18	0.55	70.00	-1030.00	80.00	-0.55	0.43	-0.12	180.00	-880.00	560.00	-1.16	-0.55	0.30
-270.00	-990.00	360.00	-0.30	0.30	0.91	100.00	-840.00	-330.00	-0.55	-0.18	0.55	70.00	-1030.00	80.00	-0.49	0.30	-0.12	180.00	-870.00	560.00	-1.16	-0.55	0.30
-270.00	-990.00	370.00	-0.30	0.18	0.85	100.00	-840.00	-330.00	-0.55	-0.24	0.67	70.00	-1030.00	80.00	-0.43	0.30	-0.18	180.00	-870.00	560.00	-1.16	-0.55	0.30
-260.00	-990.00	370.00	-0.30	0.37	0.79	110.00	-840.00	-320.00	-0.43	-0.43	0.49	60.00	-1040.00	80.00	-0.30	0.12	-0.12	180.00	-870.00	560.00	-1.28	-0.73	0.30
-270.00	-990.00	370.00	-0.24	0.37	0.85	110.00	-840.00	-320.00	-0.43	-0.43	0.49	70.00	-1040.00	70.00	-0.12	-0.06	-0.12	180.00	-870.00	560.00	-1.22	-0.61	0.24
-270.00	-990.00	360.00	-0.24	0.12	0.85	100.00	-840.00	-320.00	-0.43	-0.43	0.43	70.00	-1030.00	80.00	-0.12	-0.12	-0.18	180.00	-880.00	560.00	-1.22	-0.61	0.24
-270.00	-990.00	370.00	-0.24	0.18	0.85	110.00	-840.00	-320.00	-0.37	-0.43	0.49	60.00	-1030.00	70.00	-0.12	0.00	-0.18	180.00	-880.00	560.00	-1.40	-0.55	0.24
-270.00	-990.00	370.00	-0.24	0.18	0.85	110.00	-840.00	-320.00	-0.37	-0.30	0.43	60.00	-1030.00	80.00	-0.24	0.00	-0.12	180.00	-880.00	560.00	-1.16	-0.43	0.06
-270.00	-990.00	360.00	-0.30	0.18	0.79	110.00	-850.00	-320.00	-0.43	-0.18	0.24	70.00	-1030.00	70.00	-0.43	0.12	-0.18	180.00	-880.00	560.00	-1.16	-0.43	0.00
-270.00	-990.00	370.00	-0.43	0.18	0.79	110.00	-840.00	-320.00	-0.49	-0.18	0.24	70.00	-1030.00	80.00	-0.37	0.24	-0.24	180.00	-870.00	560.00	-1.16	-0.43	0.00
-270.00	-990.00	370.00	-0.43	0.24	0.79	110.00	-840.00	-330.00	-0.49	0.00	0.30	70.00	-1030.00	80.00	-0.67	0.43	-0.18	180.00	-870.00	560.00	-1.10	-0.43	0.06
-270.00	-990.00	370.00	-0.43	0.43	0.73	110.00	-840.00	-320.00	-0.67	0.06	0.18	70.00	-1030.00	70.00	-0.67	0.43	-0.18	180.00	-870.00	560.00	-1.10	-0.43	0.06
-270.00	-990.00	370.00	-0.55	0.43	0.67	100.00	-840.00	-330.00	-0.73	0.24	0.18	70.00	-1030.00	80.00	-0.55	0.30	-0.30	180.00	-880.00	560.00	-1.04	-0.49	0.06
-270.00	-990.00	370.00	-0.49	0.43	0.55	110.00	-840.00	-320.00	-0.85	0.37	0.18	70.00	-1030.00	80.00	-0.67	0.43	-0.37	180.00	-880.00	560.00	-1.04	-0.49	0.06
-270.00	-990.00	370.00	-0.49	0.24	0.49	110.00	-850.00	-330.00	-0.85	0.30	0.24	60.00	-1030.00	70.00	-0.67	0.43	-0.37	180.00	-870.00	560.00	-1.04	-0.73	0.06
-270.00	-990.00	370.00	-0.43	0.06	0.55	110.00	-840.00	-330.00	-0.98	0.18	0.18	60.00	-1030.00	80.00	-0.43	0.37	-0.30	180.00	-870.00	560.00	-1.04	-0.73	0.00
-270.00	-990.00	360.00	-0.43	-0.06	0.49	100.00	-840.00	-320.00	-0.91	0.24	0.30	60.00	-1030.00	80.00	-0.30	0.30	-0.30	180.00	-880.00	560.00	-1.04	-0.73	0.00
-270.00	-990.00	360.00	-0.30	-0.18	0.61	100.00	-840.00	-320.00	-0.91	0.18	0.43	70.00	-1030.00	80.00	-0.30	0.30	-0.30	180.00	-880.00	550.00	-0.91	-0.67	0.00
-270.00	-990.00	360.00	-0.12	-0.30	0.73	110.00	-850.00	-320.00	-0.85	0.12	0.37	70.00	-1030.00	80.00	-0.24	0.06	-0.30	180.00	-880.00	550.00	-0.91	-0.67	0.00
-270.00	-990.00	360.00	-0.06	-0.43	0.91	110.00	-850.00	-320.00	-0.55	0.00	0.24	70.00	-1040.00	80.00	-0.24	0.00	-0.37	180.00	-880.00	560.00	-0.98	-0.49	-0.06
-270.00	-990.00	360.00	0.06	-0.61	0.91	110.00	-840.00	-320.00	-0.55	0.00	0.24	70.00	-1030.00	80.00	-0.30	0.00	-0.30	180.00	-880.00	560.00	-0.98	-0.49	-0.06
-270.00	-990.00	360.00	0.06	-0.67	0.85	110.00	-840.00	-330.00	-0.55	0.00	0.24	70.00	-1030.00	80.00	-0.24	0.06	-0.37	190.00	-880.00	560.00	-0.67	-0.37	0.06
-270.00	-990.00	360.00	-0.06	-0.55	0.85	100.00	-850.00	-320.00	-0.49	0.12	0.24	60.00	-1040.00	80.00	-0.24	0.00	-0.37	190.00	-880.00	560.00	-0.67	-0.37	0.06
-270.00	-990.00	360.00	-0.06	-0.61	0.98	110.00	-840.00	-330.00	-0.49	0.24	0.00	70.00	-1030.00	70.00	-0.30	0.24	-0.37	180.00	-880.00	560.00	-0.67	-0.24	0.18
-270.00	-990.00	370.00	-0.06	-0.61	0.91	110.00	-840.00	-330.00	-0.49	0.24	0.00	70.00	-1030.00	70.00	-0.30	0.43	-0.30	180.00	-880.00	560.00	-0.79	-0.30	0.24
-270.00	-990.00	370.00	-0.06	-0.55	0.85	110.00	-840.00	-330.00	-0.55	0.30	-0.06	60.00	-1030.00	70.00	-0.30	0.43	-0.37	180.00	-870.00	560.00	-0.79	-0.30	0.24
-270.00	-990.00	360.00	-0.06	-0.37	0.91	100.00	-850.00	-320.00	-0.55	0.30	-0.06	60.00	-1040.00	80.00	-0.49	0.55	-0.30	180.00	-880.00	560.00	-0.79	-0.30	0.24
-270.00	-990.00	360.00	-0.12	-0.30	0.98	100.00	-850.00	-320.00	-0.55	0.30	-0.06	70.00	-1030.00	70.00	-0.49	0.49	-0.18	180.00	-880.00	560.00	-0.85	-0.30	0.30
-270.00	-990.00	360.00	0.00	-0.37	0.85	110.00	-840.00	-320.00	-0.61	0.24	-0.12	70.00	-1030.00	80.00	-0.55	0.61	-0.18	180.00	-880.00	560.00	-0.79	-0.30	0.30
-270.00	-990.00	360.00	-0.06	-0.43	0.79	100.00	-850.00	-320.00	-0.61	0.24	-0.12	70.00	-1030.00	70.00	-0.49	0.49	-0.18	180.00	-880.00	560.00	-0.79	-0.30	0.30
-260.00	-990.00	360.00	0.00	-0.55	0.85	110.00	-840.00	-330.00	-0.61	0.24	-0.12	60.00	-1030.00	80.00	-0.49	0.43	-0.12	180.00	-880.00	560.00	-0.79	-0.30	0.30
-270.00	-990.00	360.00	0.06	-0.49	0.79	110.00	-840.00	-330.00	-0.37	0.30	-0.18	70.00	-1030.00	80.00	-0.49	0.55	-0.06	180.00	-880.00	560.00	-0.43	-0.18	0.55
-270.00	-990.00	360.00	0.06	-0.43	0.79	110.00	-840.00	-330.00	-0.43	0.18	-0.06	60.00	-1030.00	80.00	-0.49	0.49	0.00	180.00	-880.00	560.00	-0.43	-0.18	0.55
-270.00	-990.00	360.00	0.06	-0.61	0.85	110.00	-840.00	-330.00	-0.43	0.18	-0.06	70.00	-1040.00	80.00	-0.43	0.55	0.00	180.00	-870.00	560.00	-0.43	-0.18	0.55
-270.00	-990.00	360.00	0.12	-0.55	0.73	110.00	-840.00	-320.00	-0.37	0.18	-0.06	70.00	-1030.00	80.00	-0.37	0.43	-0.06	180.00	-870.00	560.00	-0.79	-0.37	0.73
-270.00	-990.00	360.00	0.06	-0.61	0.67	110.00	-840.00	-320.00	-0.37	0.37	-0.18	70.00	-1030.00	70.00	-0.43	0.61	-0.06	180.00	-870.00	560.00	-0.79	-0.37	0.73
-270.00	-990.00	360.00	0.12	-0.73	0.73	110.00	-840.00	-320.00	-0.37	0.37	-0.18	70.00	-1040.00	70.00	-0.49	0.49	0.00	180.00	-870.00	560.00	-0.79	-0.37	0.73
-260.00	-990.00	360.00	0.12	-0.73	0.67	110.00	-840.00	-330.00	-0.37	0.43	-0.24	70.00	-1030.00	80.00	-0.37	0.24	0.06	180.00	-870.00	560.00	-0.79	-0.55	0.79
-270.00	-990.00	360.00	0.24	-0.79	0.67	110.00	-840.00	-330.00	-0.49	0.55	-0.37	70.00	-1030.00	70.00	-0.30	0.24	0.37	180.00	-870.00	560.00	-0.73	-0.49	0.67
-270.00	-990.00	360.00	0.18	-0.73	0.67	110.00	-840.00	-330.00	-0.49	0.55	-0.37	70.00	-1030.00	70.00	-0.30	0.24	0.37	180.00	-870.00	560.00	-0.73	-0.49	0.67
-260.00	-990.00	360.00	0.06	-0.73	0.67	110.00	-840.00	-330.00	-0.49	0.55	-0.37	70.00	-1030.00	80.00	-0.18	0.18	0.37	180.00	-880.00	560.00	-0.73	-0.49	0.67
-270.00	-990.00	360.00	0.06	-0.73	0.67	110.00	-840.00	-320.00	-0.49	0.67	-0.30	70.00	-1030.00	70.00	-0.24	0.24	0.30	180.00	-880.00	560.00	-0.67	-0.67	0.67
-270.00	-990.00	360.00	0.18	-0.79	0.67	110.00	-840.00	-320.00	-0.61	0.55	-0.24	70.00	-1030.00	80.00	-0.24	0.24	0.30	180.00	-880.00	560.00	-0.67	-0.67	0.67
-270.00	-990.00	370.00	0.24	-0.85	0.61	110.00	-840.00	-320.00	-0.61	0.55	-0.24	70.00	-1030.00	70.00	-0.43	0.37	0.18	180.00	-870.00	560.00	-0.67	-0.67	0.67
-270.00	-990.00	360.00	0.18	-0.91	0.55	110.00	-840.00	-330.00	-0.61	0.55	-0.24	60.00	-1030.00	80.00	-0.37	0.30	0.18	180.00	-870.00	560.00	-0.67	-0.67	0.61
-270.00	-990.00	360.00	0.24	-0.85	0.61	110.00	-840.00	-320.00	-0.61	0.61	0.12	70.00	-1030.00	80.00	-0.37	0.30	0.18	180.00	-870.00	560.00	-0.85	-0.55	0.55
-270.00	-990.00	360.00	0.30	-0.85	0.61	110.00	-840.00	-320.00	-0.61	0.61	0.12	70.00	-1040.00	80.00	-0.24	0.24	0.24	180.00	-870.00	560.00	-0.85	-0.55	0.55
-270.00	-990.00	360.00	0.24	-1.04	0.49	110.00	-840.00	-320.00	-0.61	0.61	0.12	70.00	-1030.00	70.00	-0.24	0.18	0.18	180.00	-880.00	560.00	-0.85	-0.55	0.55
-270.00	-990.00	360.00	0.37	-0.98	0.49	110.00	-850.00	-320.00	-0.61	0.61	0.12	70.00	-1030.00	80.00	-0.12	-0.06	0.12	180.00	-880.00	560.00	-0.73	-0.06	0.12
-270.00	-990.00	360.00	0.43	-1.16	0.55	110.00	-850.00	-320.00	-0.43	0.49	0.12	70.00	-1030.00	80.00	0.12	-0.12	0.18	180.00	-880.00	560.00	-0.73	-0.06	0.12
-270.00	-990.00	360.00	0.43	-1.34	0.67	110.00	-850.00	-320.00	-0.43	0.49	0.12	60.00	-1030.00	70.00	0.24	-0.37	0.18	180.00	-880.00	560.00	-0.73	-0.06	0.12
-270.00	-990.00	360.00	0.55	-1.28	0.61	110.00	-850.00	-320.00	-0.43	0.49	0.12	70.00	-1030.00	70.00	0.24	-0.37	0.12	180.00	-880.00	560.00	-0.73	-0.06	0.12
-270.00	-990.00	360.00	0.55	-1.34	0.55	110.00	-840.00	-330.00	-0.37	0.49	0.18	60.00	-1030.00	70.00	0.24	-0.18	-0.06	180.00	-880.00	560.00	-0.73	0.00	-0.18
-270.00	-990.00	360.00	0.61	-1.40	0.55	110.00	-840.00	-330.00	-0.37	0.49	0.18	70.00	-1030.00	80.00	0.12	-0.06	-0.06	180.00	-880.00	560.00	-0.73	0.00	-0.18
-270.00	-990.00	360.00	0.61	-1.46	0.67	110.00	-840.00	-330.00	-0.37	0.49	0.18	70.00	-1040.00	80.00	-0.06	0.18	-0.18	180.00	-880.00	560.00	-0.73	0.00	-0.18
-270.00	-990.00	360.00	0.49	-1.22	0.79	110.00	-840.00	-330.00	-0.37	0.49	0.18	60.00	-1040.00	80.00	-0.18	0.37	-0.37	180.00	-880.00	560.00	-0.61	0.00	-0.30
-270.00	-990.00	360.00	0.43	-0.98	0.79	110.00	-840.00	-330.00	-0.73	-0.06	0.98	70.00	-1030.00	70.00	-0.24	0.30	-0.49	180.00	-880.00	560.00	-0.67	-0.18	-0.30
-260.00	-990.00	360.00	0.24	-0.85	0.85	110.00	-840.00	-330.00	-0.73	-0.06	0.98	60.00	-1030.00	80.00	-0.12	0.24	-0.55	180.00	-880.00	560.00	-0.67	-0.18	-0.30
-260.00	-990.00	360.00	0.37	-0.79	0.79	110.00	-840.00	-330.00	-0.73	-0.06	0.98	60.00	-1030.00	70.00	-0.06	0.24	-0.55	180.00	-880.00	560.00	-0.67	-0.18	-0.30
-270.00	-990.00	370.00	0.43	-0.98	0.79	110.00	-850.00	-330.00	-0.37	-0.12	1.10	70.00	-1030.00	80.00	0.00	0.12	-0.49	180.00	-880.00	560.00	-0.85	-0.30	-0.24
-260.00	-990.00	360.00	0.37	-0.85	0.73	110.00	-850.00	-330.00	-0.37	-0.12	1.10	70.00	-1030.00	80.00	0.37	-0.18	-0.55	180.00	-880.00	560.00	-0.85	-0.30	-0.24
-270.00	-990.00	360.00	0.30	-0.79	0.79	110.00	-850.00	-330.00	-0.37	-0.12	1.10	60.00	-1040.00	80.00	0.30	-0.30	-0.55	180.00	-880.00	560.00	-0.85	-0.30	-0.24
-270.00	-990.00	360.00	0.37	-0.67	0.91	110.00	-840.00	-330.00	-0.18	-0.24	1.04	60.00	-1030.00	80.00	0.18	-0.18	-0.49	180.00	-880.00	560.00	-0.85	-0.18	-0.37
-270.00	-990.00	360.00	0.37	-0.61	0.79	110.00	-840.00	-330.00	-0.06	-0.37	1.16	70.00	-1030.00	80.00	0.06	-0.12	-0.55	180.00	-880.00	560.00	-0.85	-0.18	-0.18
-270.00	-990.00	360.00	0.18	-0.49	0.98	110.00	-840.00	-330.00	-0.06	-0.37	1.16	70.00	-1030.00	80.00	-0.12	0.06	-0.55	180.00	-870.00	560.00	-0.98	-0.18	-0.12
-270.00	-990.00	360.00	0.18	-0.37	1.16	110.00	-840.00	-330.00	-0.18	-0.55	1.34	60.00	-1040.00	70.00	-0.06	0.24	-0.61	180.00	-880.00	550.00	-0.98	-0.18	-0.12
-260.00	-1000.00	360.00	0.12	-0.06	1.10	110.00	-840.00	-320.00	-0.30	-0.73	1.83	70.00	-1040.00	80.00	-0.12	0.24	-0.61	180.00	-880.00	550.00	-0.98	-0.18	0.00
-270.00	-990.00	360.00	0.12	-0.30	1.22	110.00	-840.00	-320.00	-0.30	-0.73	1.83	60.00	-1030.00	80.00	-0.24	0.43	-0.55	180.00	-880.00	550.00	-0.98	-0.18	0.00
-260.00	-990.00	360.00	0.37	-0.49	1.16	110.00	-840.00	-330.00	-0.24	-0.79	2.01	70.00	-1030.00	80.00	-0.24	0.43	-0.55	180.00	-880.00	560.00	-1.04	-0.24	0.06
-260.00	-990.00	370.00	0.30	-0.43	1.10	110.00	-850.00	-330.00	-0.18	-0.91	2.20	70.00	-1030.00	70.00	-0.24	0.30	-0.43	180.00	-870.00	560.00	-0.98	-0.24	0.18
-270.00	-980.00	360.00	0.30	-0.24	1.16	110.00	-850.00	-330.00	-0.12	-0.98	2.07	70.00	-1030.00	80.00	-0.24	0.18	-0.43	180.00	-870.00	560.00	-0.98	-0.30	0.18
-270.00	-1000.00	350.00	0.30	-0.43	1.34	120.00	-850.00	-320.00	0.12	-1.10	1.95	60.00	-1030.00	70.00	-0.18	0.18	-0.37	180.00	-870.00	560.00	-0.98	-0.30	0.18
-270.00	-1000.00	360.00	0.37	-0.30	1.40	110.00	-840.00	-320.00	0.24	-1.16	1.95	70.00	-1040.00	70.00	-0.12	0.18	-0.30	180.00	-880.00	560.00	-0.85	-0.24	0.24
-270.00	-990.00	360.00	0.37	-0.30	1.46	110.00	-850.00	-330.00	0.30	-1.04	1.77	70.00	-1030.00	80.00	-0.12	0.18	-0.24	180.00	-870.00	560.00	-0.85	-0.30	0.18
-260.00	-1000.00	350.00	0.43	-0.18	1.71	110.00	-840.00	-320.00	0.37	-0.98	1.65	70.00	-1040.00	70.00	-0.12	0.18	-0.24	180.00	-870.00	560.00	-0.85	-0.30	0.18
-270.00	-990.00	360.00	0.55	-0.24	1.71	110.00	-840.00	-320.00	0.24	-0.91	1.46	70.00	-1030.00	70.00	-0.12	0.12	-0.12	180.00	-880.00	560.00	-0.73	-0.24	0.18
-260.00	-990.00	360.00	0.49	-0.06	1.83	110.00	-840.00	-330.00	0.18	-0.73	1.40	70.00	-1030.00	80.00	-0.06	0.12	-0.12	180.00	-880.00	560.00	-0.49	-0.12	0.24
-270.00	-990.00	360.00	0.61	-0.06	1.89	110.00	-840.00	-330.00	0.18	-0.61	1.34	70.00	-1030.00	80.00	-0.24	0.18	-0.12	180.00	-880.00	560.00	-0.61	-0.30	0.18
-260.00	-990.00	360.00	0.49	-0.18	1.71	110.00	-840.00	-320.00	0.30	-0.49	1.28	70.00	-1030.00	70.00	-0.24	0.30	-0.18	180.00	-870.00	560.00	-0.61	-0.30	0.18
-260.00	-990.00	360.00	0.55	-0.24	1.71	110.00	-840.00	-320.00	0.49	-0.49	1.34	70.00	-1040.00	80.00	-0.18	0.18	-0.12	180.00	-870.00	560.00	-0.55	-0.18	0.18
-260.00	-1000.00	360.00	0.55	-0.18	1.71	110.00	-840.00	-320.00	0.30	-0.61	1.34	60.00	-1030.00	70.00	-0.06	0.18	-0.12	190.00	-880.00	560.00	-0.55	-0.18	0.18
-270.00	-1000.00	360.00	0.49	-0.12	1.52	100.00	-840.00	-320.00	0.37	-0.49	1.28	70.00	-1030.00	70.00	-0.06	0.12	-0.18	190.00	-880.00	560.00	-0.49	-0.30	0.12
-270.00	-990.00	360.00	0.43	-0.12	1.40	110.00	-840.00	-320.00	0.55	-0.43	1.28	70.00	-1030.00	70.00	0.06	0.24	-0.18	180.00	-880.00	560.00	-0.43	-0.24	0.24
-270.00	-990.00	360.00	0.37	-0.12	1.28	110.00	-840.00	-330.00	0.37	-0.43	1.16	70.00	-1040.00	80.00	0.06	0.30	-0.06	180.00	-880.00	560.00	-0.43	-0.24	0.24
-270.00	-990.00	360.00	0.55	-0.18	1.22	110.00	-850.00	-310.00	0.43	-0.24	0.91	60.00	-1030.00	80.00	0.24	0.24	0.00	180.00	-880.00	560.00	-0.37	-0.37	0.24
-270.00	-980.00	360.00	0.55	-0.30	1.34	110.00	-850.00	-330.00	0.61	-0.12	0.73	60.00	-1030.00	80.00	0.37	0.00	-0.06	190.00	-880.00	550.00	-0.37	-0.37	0.24
-270.00	-990.00	360.00	0.49	-0.24	1.40	110.00	-840.00	-320.00	0.30	-0.06	0.61	70.00	-1030.00	70.00	0.37	0.00	-0.06	190.00	-880.00	550.00	-0.30	-0.37	0.30
-270.00	-990.00	360.00	0.79	-0.18	1.46	100.00	-840.00	-330.00	0.24	0.06	0.30	70.00	-1030.00	70.00	0.18	0.24	0.00	180.00	-880.00	550.00	-0.12	-0.49	0.18
-270.00	-990.00	350.00	0.85	-0.61	1.59	110.00	-840.00	-330.00	0.37	0.30	0.12	70.00	-1040.00	70.00	0.18	0.30	-0.06	180.00	-880.00	550.00	-0.12	-0.49	0.18
-270.00	-990.00	360.00	0.91	-0.55	1.40	100.00	-840.00	-330.00	0.24	0.12	0.06	70.00	-1030.00	70.00	0.30	0.30	-0.06	180.00	-870.00	560.00	0.06	-0.43	0.18
-270.00	-980.00	370.00	0.98	-0.55	1.34	100.00	-840.00	-320.00	0.18	0.06	0.24	70.00	-1040.00	70.00	0.12	0.49	-0.06	180.00	-880.00	560.00	0.37	-0.24	0.06
-270.00	-1000.00	350.00	0.98	-0.67	1.28	100.00	-840.00	-320.00	0.18	0.06	0.37	70.00	-1030.00	80.00	0.00	0.61	0.00	180.00	-870.00	560.00	0.37	-0.24	0.06
-270.00	-990.00	360.00	0.98	-0.98	1.10	100.00	-840.00	-320.00	0.06	0.06	0.37	70.00	-1030.00	80.00	0.24	0.49	0.06	180.00	-870.00	560.00	0.37	-0.24	0.06
-270.00	-980.00	370.00	0.85	-1.10	1.04	100.00	-840.00	-320.00	0.12	0.18	0.30	70.00	-1040.00	80.00	0.37	0.18	0.00	180.00	-880.00	560.00	0.37	-0.24	0.00
-280.00	-990.00	360.00	0.91	-1.16	0.91	110.00	-840.00	-320.00	0.18	0.18	0.24	70.00	-1030.00	80.00	0.30	0.18	-0.06	180.00	-880.00	560.00	0.18	-0.49	0.18
-270.00	-990.00	360.00	1.04	-1.28	0.79	110.00	-850.00	-320.00	0.18	0.18	0.12	70.00	-1030.00	70.00	0.30	0.24	0.06	180.00	-880.00	560.00	0.18	-0.49	0.18
-270.00	-990.00	360.00	1.04	-1.46	0.85	110.00	-850.00	-320.00	0.18	0.30	-0.12	60.00	-1030.00	70.00	0.24	0.24	0.00	180.00	-880.00	560.00	0.18	-0.49	0.18
-270.00	-990.00	360.00	1.10	-1.40	1.04	110.00	-840.00	-320.00	0.18	0.24	-0.06	70.00	-1030.00	80.00	0.37	0.37	-0.06	180.00	-880.00	560.00	0.06	-0.49	0.30
-270.00	-990.00	360.00	0.98	-1.16	0.91	100.00	-840.00	-330.00	0.12	0.18	-0.18	70.00	-1040.00	80.00	0.30	0.55	-0.18	180.00	-880.00	560.00	0.12	-0.30	0.18
-270.00	-990.00	360.00	0.91	-1.10	0.98	100.00	-840.00	-320.00	0.12	0.24	-0.30	60.00	-1030.00	70.00	0.24	0.61	-0.30	190.00	-880.00	560.00	0.12	-0.30	0.18
-270.00	-990.00	360.00	1.04	-1.28	0.91	100.00	-850.00	-320.00	0.06	0.30	-0.43	70.00	-1030.00	70.00	0.18	0.61	-0.43	190.00	-880.00	560.00	0.18	-0.18	0.18
-270.00	-990.00	360.00	1.10	-1.46	0.91	110.00	-840.00	-320.00	0.00	0.43	-0.37	60.00	-1040.00	80.00	0.30	0.67	-0.43	180.00	-880.00	560.00	0.18	-0.18	0.12
-270.00	-990.00	370.00	1.22	-1.65	0.98	110.00	-840.00	-330.00	-0.06	0.43	-0.43	70.00	-1040.00	80.00	0.24	0.61	-0.37	180.00	-870.00	560.00	0.18	-0.18	0.12
-270.00	-990.00	360.00	1.16	-1.65	0.91	100.00	-840.00	-320.00	0.12	0.55	-0.30	70.00	-1030.00	80.00	0.18	0.55	-0.30	180.00	-870.00	560.00	0.18	-0.30	0.18
-270.00	-990.00	360.00	1.10	-1.83	0.85	100.00	-850.00	-320.00	0.06	0.55	-0.24	70.00	-1040.00	80.00	0.43	0.30	-0.12	180.00	-880.00	560.00	0.18	-0.24	0.12
-270.00	-990.00	370.00	1.04	-1.83	0.79	100.00	-850.00	-320.00	0.00	0.37	-0.24	60.00	-1030.00	80.00	0.55	0.24	0.00	180.00	-870.00	560.00	0.18	-0.24	0.12
-270.00	-990.00	360.00	0.98	-1.77	0.67	110.00	-840.00	-320.00	0.00	0.37	-0.18	70.00	-1040.00	80.00	0.55	0.24	0.00	180.00	-870.00	560.00	0.12	-0.18	0.12
-270.00	-990.00	360.00	0.98	-1.77	0.67	100.00	-850.00	-320.00	0.00	0.49	-0.12	70.00	-1030.00	80.00	0.55	0.30	0.06	180.00	-880.00	560.00	0.12	-0.18	0.12
-270.00	-990.00	360.00	1.04	-1.77	0.55	110.00	-840.00	-320.00	0.06	0.61	-0.24	70.00	-1030.00	80.00	0.55	0.30	0.06	180.00	-880.00	560.00	0.24	0.00	0.06
-270.00	-990.00	360.00	1.04	-1.83	0.73	110.00	-840.00	-320.00	0.00	0.61	-0.24	70.00	-1040.00	70.00	0.55	0.30	0.06	180.00	-870.00	560.00	0.18	0.18	-0.06
-270.00	-980.00	370.00	1.04	-1.83	0.73	110.00	-850.00	-320.00	-0.06	0.73	-0.30	70.00	-1040.00	70.00	0.55	0.30	0.00	180.00	-870.00	560.00	0.24	0.24	-0.06
-270.00	-990.00	360.00	1.10	-1.83	0.67	110.00	-850.00	-320.00	-0.06	0.67	-0.37	70.00	-1030.00	80.00	0.43	0.37	-0.12	180.00	-870.00	560.00	0.24	0.12	-0.12
-270.00	-990.00	360.00	1.10	-1.77	0.79	110.00	-840.00	-320.00	-0.18	0.67	-0.43	70.00	-1030.00	80.00	0.43	0.37	-0.12	180.00	-870.00	560.00	0.00	-0.12	0.00
-270.00	-990.00	360.00	1.22	-1.83	0.79	110.00	-840.00	-320.00	-0.18	0.79	-0.43	70.00	-1040.00	70.00	0.43	0.43	-0.06	180.00	-870.00	560.00	0.00	-0.12	0.00
-270.00	-990.00	370.00	1.28	-2.07	0.91	100.00	-840.00	-320.00	-0.30	0.67	-0.61	60.00	-1030.00	80.00	0.43	0.43	-0.24	180.00	-870.00	560.00	-0.18	-0.12	0.00
-270.00	-990.00	360.00	1.34	-2.13	0.98	100.00	-840.00	-320.00	-0.37	0.85	-0.73	60.00	-1030.00	80.00	0.43	0.43	-0.24	190.00	-870.00	570.00	-0.24	-0.12	0.12
-270.00	-990.00	360.00	1.46	-2.13	0.91	110.00	-850.00	-320.00	-0.37	0.91	-0.91	70.00	-1030.00	70.00	0.49	0.30	-0.24	190.00	-880.00	570.00	-0.49	-0.18	0.00
-270.00	-990.00	370.00	1.40	-2.07	0.79	110.00	-840.00	-320.00	-0.43	0.91	-0.91	70.00	-1030.00	70.00	0.37	0.24	-0.30	180.00	-870.00	560.00	-0.49	-0.18	0.00
-270.00	-990.00	360.00	1.22	-2.13	0.67	100.00	-850.00	-320.00	-0.43	0.98	-0.85	70.00	-1030.00	70.00	0.37	0.18	-0.18	180.00	-870.00	560.00	-0.49	-0.18	0.00
-270.00	-990.00	360.00	1.16	-2.07	0.61	110.00	-850.00	-320.00	-0.30	0.85	-0.73	70.00	-1030.00	80.00	0.37	0.24	-0.18	180.00	-880.00	570.00	-0.73	-0.24	0.18
-270.00	-990.00	370.00	0.91	-1.89	0.49	110.00	-840.00	-320.00	-0.30	0.85	-0.61	60.00	-1040.00	80.00	0.37	0.18	-0.18	180.00	-870.00	560.00	-0.73	-0.24	0.18
-270.00	-990.00	360.00	0.91	-1.89	0.49	100.00	-840.00	-330.00	-0.30	0.67	-0.43	70.00	-1030.00	80.00	0.37	0.37	-0.30	180.00	-870.00	560.00	-0.85	-0.12	0.18
-270.00	-990.00	370.00	0.91	-1.95	0.30	110.00	-840.00	-320.00	-0.12	0.61	-0.24	60.00	-1040.00	80.00	0.30	0.49	-0.30	180.00	-880.00	570.00	-0.73	-0.24	0.18
-270.00	-990.00	360.00	0.98	-2.01	0.37	110.00	-840.00	-330.00	-0.06	0.37	-0.06	60.00	-1030.00	80.00	0.18	0.49	-0.43	190.00	-870.00	570.00	-0.73	-0.24	0.18
-270.00	-980.00	370.00	0.98	-2.01	0.37	110.00	-850.00	-320.00	-0.06	0.24	0.18	70.00	-1040.00	80.00	0.12	0.61	-0.43	180.00	-870.00	570.00	-0.85	-0.30	0.24
-270.00	-990.00	360.00	0.91	-1.77	0.55	110.00	-850.00	-320.00	-0.12	0.12	0.30	60.00	-1030.00	80.00	0.18	0.49	-0.49	180.00	-870.00	560.00	-0.85	-0.43	0.18
-270.00	-990.00	360.00	0.79	-1.40	0.61	110.00	-850.00	-320.00	-0.06	0.00	0.30	60.00	-1030.00	80.00	0.43	0.30	-0.43	190.00	-870.00	560.00	-0.85	-0.43	0.18
-260.00	-1000.00	360.00	0.79	-1.40	0.61	120.00	-850.00	-330.00	0.00	-0.06	0.43	70.00	-1030.00	80.00	0.49	0.18	-0.37	190.00	-870.00	560.00	-0.98	-0.37	0.12
-260.00	-990.00	370.00	0.79	-0.98	0.79	110.00	-850.00	-320.00	0.12	0.12	0.43	70.00	-1030.00	80.00	0.55	0.12	-0.37	180.00	-870.00	560.00	-0.79	-0.24	0.12
-260.00	-990.00	370.00	0.79	-0.98	0.79	110.00	-840.00	-320.00	0.18	0.06	0.55	70.00	-1040.00	80.00	0.61	0.06	-0.24	190.00	-870.00	560.00	-0.67	-0.30	0.18
-270.00	-990.00	360.00	0.85	-0.91	0.79	120.00	-850.00	-320.00	0.12	-0.06	0.67	70.00	-1030.00	80.00	0.61	0.12	-0.18	180.00	-870.00	560.00	-0.67	-0.24	0.18
-270.00	-990.00	360.00	0.85	-1.10	1.04	120.00	-840.00	-320.00	0.12	-0.18	0.67	70.00	-1030.00	80.00	0.73	0.18	-0.18	180.00	-880.00	560.00	-0.73	-0.18	0.18
-270.00	-1000.00	360.00	0.85	-0.85	1.16	110.00	-850.00	-320.00	0.06	-0.30	0.98	60.00	-1030.00	80.00	0.67	-0.12	-0.12	180.00	-870.00	560.00	-0.73	-0.18	0.18
-270.00	-1000.00	360.00	0.85	-0.85	1.16	110.00	-840.00	-330.00	-0.06	-0.55	1.10	70.00	-1030.00	80.00	0.55	0.00	-0.18	180.00	-870.00	560.00	-0.67	-0.24	0.24
-270.00	-990.00	360.00	0.73	-0.55	1.10	110.00	-850.00	-320.00	0.12	-0.49	1.10	70.00	-1030.00	80.00	0.61	0.06	-0.24	180.00	-870.00	560.00	-0.79	-0.43	0.24
-270.00	-990.00	360.00	0.67	-0.43	1.28	110.00	-850.00	-320.00	0.24	-0.49	1.10	70.00	-1030.00	80.00	0.49	0.06	-0.24	180.00	-870.00	560.00	-0.79	-0.49	0.24
-260.00	-990.00	370.00	0.67	-0.43	1.28	110.00	-840.00	-320.00	0.18	-0.61	1.22	70.00	-1040.00	80.00	0.37	0.30	-0.18	180.00	-870.00	560.00	-0.73	-0.30	0.30
-260.00	-990.00	370.00	0.61	-0.55	1.10	110.00	-850.00	-320.00	0.24	-0.61	1.16	70.00	-1030.00	80.00	0.49	0.24	-0.12	180.00	-870.00	560.00	-0.73	-0.30	0.30
-260.00	-990.00	370.00	0.55	-0.55	1.22	110.00	-850.00	-320.00	0.18	-0.49	1.04	70.00	-1030.00	80.00	0.55	0.12	-0.12	180.00	-880.00	560.00	-0.61	-0.37	0.30
-260.00	-990.00	360.00	0.67	-0.55	1.28	110.00	-840.00	-330.00	0.06	-0.43	0.98	70.00	-1040.00	80.00	0.37	0.12	-0.18	180.00	-880.00	560.00	-0.67	-0.24	0.24
-260.00	-990.00	360.00	0.67	-0.55	1.28	110.00	-850.00	-320.00	0.06	-0.37	0.98	60.00	-1030.00	80.00	0.24	0.18	-0.18	180.00	-870.00	560.00	-0.67	-0.24	0.24
-270.00	-990.00	370.00	0.61	-0.49	1.22	110.00	-840.00	-320.00	0.00	-0.24	0.98	70.00	-1030.00	80.00	0.18	0.24	-0.24	180.00	-870.00	560.00	-0.67	-0.18	0.24
-270.00	-990.00	370.00	0.67	-0.67	1.34	110.00	-840.00	-320.00	0.00	-0.30	0.91	70.00	-1040.00	80.00	-0.06	0.30	-0.18	180.00	-870.00	560.00	-0.67	-0.30	0.24
-270.00	-990.00	370.00	0.67	-0.67	1.34	110.00	-850.00	-320.00	0.00	-0.30	1.04	70.00	-1030.00	80.00	-0.06	0.30	-0.18	180.00	-870.00	570.00	-0.61	-0.30	0.30
-270.00	-990.00	370.00	0.43	-0.43	1.34	110.00	-850.00	-320.00	-0.06	-0.30	1.16	70.00	-1040.00	80.00	0.06	0.24	-0.12	190.00	-880.00	560.00	-0.49	-0.12	0.30
-270.00	-980.00	360.00	0.43	-0.43	1.34	110.00	-850.00	-320.00	0.06	-0.30	1.10	70.00	-1030.00	80.00	0.06	0.18	-0.18	190.00	-880.00	560.00	-0.61	-0.24	0.24
-270.00	-980.00	370.00	0.37	-0.49	1.22	110.00	-850.00	-320.00	0.00	-0.43	1.04	70.00	-1030.00	80.00	-0.06	0.18	-0.06	180.00	-870.00	560.00	-0.61	-0.24	0.24
-270.00	-980.00	370.00	0.37	-0.49	1.22	110.00	-850.00	-320.00	-0.18	-0.43	1.04	70.00	-1030.00	80.00	-0.06	0.24	-0.12	180.00	-870.00	560.00	-0.61	-0.24	0.24
-260.00	-990.00	370.00	0.37	-0.79	1.10	110.00	-850.00	-320.00	-0.30	-0.12	0.98	70.00	-1040.00	80.00	-0.06	0.24	-0.18	180.00	-870.00	560.00	0.00	0.12	0.24
-260.00	-990.00	370.00	0.37	-0.79	1.10	110.00	-850.00	-320.00	-0.37	-0.06	0.73	70.00	-1030.00	80.00	-0.06	0.30	-0.06	180.00	-880.00	560.00	0.00	0.06	0.24
-270.00	-990.00	370.00	0.37	-0.98	1.04	110.00	-840.00	-320.00	-0.61	0.06	0.61	70.00	-1030.00	80.00	0.06	0.24	-0.12	180.00	-880.00	560.00	0.12	0.06	0.30
-270.00	-990.00	370.00	0.43	-1.16	1.04	110.00	-850.00	-320.00	-0.49	0.24	0.49	70.00	-1030.00	80.00	-0.12	0.37	-0.24	180.00	-870.00	560.00	0.12	0.06	0.30
-270.00	-990.00	370.00	0.43	-1.16	1.04	110.00	-850.00	-320.00	-0.55	0.30	0.37	70.00	-1030.00	80.00	-0.18	0.37	-0.24	180.00	-880.00	560.00	-0.18	0.00	0.49
-270.00	-990.00	360.00	0.30	-1.10	0.98	110.00	-840.00	-320.00	-0.67	0.37	0.24	70.00	-1040.00	80.00	-0.18	0.37	-0.18	180.00	-870.00	560.00	-0.18	0.00	0.49
-270.00	-990.00	360.00	0.30	-1.10	0.98	110.00	-840.00	-320.00	-0.67	0.43	0.24	70.00	-1030.00	80.00	-0.30	0.37	-0.18	180.00	-870.00	560.00	-0.37	-0.06	0.55
-260.00	-980.00	370.00	0.24	-0.85	0.85	100.00	-840.00	-320.00	-0.61	0.30	0.24	70.00	-1040.00	80.00	-0.37	0.37	-0.24	180.00	-870.00	570.00	-0.37	-0.06	0.55
-260.00	-980.00	370.00	0.24	-0.85	0.85	110.00	-840.00	-320.00	-0.79	0.30	0.37	70.00	-1030.00	80.00	-0.43	0.37	-0.24	180.00	-870.00	570.00	-0.91	0.00	0.55
-270.00	-980.00	370.00	0.24	-0.91	0.91	110.00	-840.00	-320.00	-0.61	0.43	0.12	70.00	-1030.00	80.00	-0.37	0.49	-0.12	180.00	-870.00	570.00	-0.91	-0.73	0.37
-270.00	-980.00	370.00	0.30	-0.85	0.91	110.00	-850.00	-320.00	-0.67	0.49	0.06	70.00	-1030.00	80.00	-0.43	0.43	-0.18	180.00	-870.00	560.00	-0.91	-0.73	0.37
-270.00	-990.00	370.00	0.37	-1.10	0.85	110.00	-840.00	-320.00	-0.73	0.49	0.12	70.00	-1030.00	80.00	-0.30	0.30	-0.12	180.00	-870.00	560.00	-0.91	-0.73	0.37
-270.00	-990.00	360.00	0.37	-1.10	0.85	110.00	-850.00	-320.00	-0.67	0.55	0.06	70.00	-1030.00	80.00	-0.30	0.30	-0.18	180.00	-870.00	570.00	-0.98	-0.79	0.30
-270.00	-990.00	360.00	0.37	-1.16	0.91	100.00	-850.00	-320.00	-0.79	0.55	0.06	70.00	-1030.00	80.00	-0.37	0.43	-0.12	180.00	-870.00	570.00	-0.98	-0.79	0.30
-270.00	-990.00	360.00	0.24	-1.22	0.85	110.00	-840.00	-320.00	-0.85	0.61	0.06	70.00	-1030.00	80.00	-0.24	0.37	-0.06	180.00	-880.00	570.00	-0.79	-0.73	0.37
-270.00	-990.00	360.00	0.24	-1.22	0.85	110.00	-840.00	-320.00	-0.79	0.61	-0.06	70.00	-1040.00	80.00	-0.24	0.18	-0.06	190.00	-880.00	560.00	-0.67	-0.73	0.43
-270.00	-990.00	360.00	0.43	-1.28	0.73	110.00	-850.00	-320.00	-0.79	0.49	-0.06	60.00	-1040.00	80.00	-0.37	0.37	-0.12	180.00	-870.00	570.00	-0.91	-0.73	0.37
-270.00	-990.00	360.00	0.37	-1.40	0.55	110.00	-850.00	-320.00	-0.79	0.61	-0.12	70.00	-1030.00	80.00	-0.30	0.37	-0.12	180.00	-870.00	570.00	-0.91	-0.73	0.37
-270.00	-990.00	360.00	0.37	-1.40	0.55	100.00	-840.00	-320.00	-0.85	0.79	-0.37	70.00	-1030.00	70.00	-0.24	0.24	-0.12	190.00	-870.00	560.00	-1.16	-0.67	0.43
-270.00	-990.00	360.00	0.30	-1.34	0.61	110.00	-850.00	-320.00	-0.85	0.79	-0.37	70.00	-1030.00	80.00	-0.30	0.43	-0.12	190.00	-870.00	560.00	-1.28	-0.55	0.55
-270.00	-990.00	360.00	0.30	-1.34	0.61	110.00	-850.00	-320.00	-0.79	0.79	-0.37	70.00	-1040.00	80.00	-0.30	0.37	-0.12	180.00	-870.00	570.00	-1.22	-0.37	0.55
-270.00	-980.00	360.00	0.55	-1.77	0.49	110.00	-850.00	-320.00	-1.28	1.04	-0.61	70.00	-1030.00	80.00	-0.12	0.30	-0.18	190.00	-870.00	560.00	-1.10	-0.24	0.55
-270.00	-980.00	360.00	0.55	-1.77	0.49	110.00	-850.00	-320.00	-1.28	1.04	-0.61	70.00	-1030.00	80.00	-0.43	0.49	-0.18	190.00	-870.00	560.00	-1.22	-0.18	0.67
-260.00	-990.00	370.00	0.67	-2.26	0.30	110.00	-840.00	-330.00	-1.52	1.16	-0.85	70.00	-1030.00	80.00	-0.55	0.55	-0.06	190.00	-870.00	560.00	-1.10	-0.18	0.61
-260.00	-990.00	370.00	0.98	-2.74	0.12	110.00	-850.00	-320.00	-1.46	1.46	-1.16	70.00	-1030.00	80.00	-0.55	0.37	-0.18	180.00	-880.00	560.00	-1.10	-0.18	0.61
-270.00	-980.00	370.00	0.98	-2.74	0.12	110.00	-850.00	-320.00	-1.59	1.65	-1.22	60.00	-1030.00	80.00	-0.43	0.37	-0.18	180.00	-880.00	560.00	-1.16	-0.37	0.61
-270.00	-990.00	370.00	0.98	-2.74	0.12	110.00	-850.00	-310.00	-1.71	1.71	-1.28	70.00	-1030.00	80.00	-0.61	0.49	-0.24	180.00	-870.00	560.00	-1.16	-0.43	0.67
-270.00	-990.00	370.00	1.16	-3.05	0.24	100.00	-840.00	-320.00	-2.07	1.65	-1.28	70.00	-1030.00	80.00	-0.49	0.49	-0.30	180.00	-870.00	560.00	-1.10	-0.37	0.73
-270.00	-990.00	370.00	2.20	-4.21	1.28	110.00	-840.00	-320.00	-2.26	1.65	-0.67	60.00	-1030.00	80.00	-0.43	0.49	-0.30	180.00	-870.00	560.00	-1.10	-0.37	0.73
-280.00	-980.00	360.00	2.20	-4.21	1.28	100.00	-840.00	-320.00	-1.83	1.59	0.12	70.00	-1030.00	80.00	-0.55	0.67	-0.37	180.00	-880.00	570.00	-1.10	-0.30	0.98
-270.00	-980.00	370.00	2.20	-4.21	1.28	100.00	-830.00	-320.00	-1.89	0.98	0.85	60.00	-1030.00	80.00	-0.49	0.61	-0.37	180.00	-880.00	570.00	-1.16	-0.30	1.16
-270.00	-980.00	370.00	1.83	-1.89	2.62	100.00	-840.00	-320.00	-2.07	1.10	1.34	60.00	-1030.00	70.00	-0.43	0.43	-0.24	180.00	-870.00	560.00	-1.16	-0.30	1.16
-260.00	-1000.00	360.00	1.83	-1.89	2.62	110.00	-840.00	-320.00	-1.04	0.30	1.46	70.00	-1030.00	80.00	-0.30	0.43	-0.24	180.00	-870.00	560.00	-1.16	-0.12	1.40
-250.00	-1010.00	360.00	1.83	-1.89	2.62	110.00	-850.00	-310.00	-1.04	0.30	1.46	70.00	-1030.00	80.00	-0.37	0.12	-0.30	180.00	-870.00	560.00	-1.40	-0.12	1.71
-260.00	-990.00	380.00	1.28	-1.40	2.32	120.00	-840.00	-330.00	-1.04	0.30	1.46	70.00	-1030.00	80.00	-0.24	0.06	-0.12	180.00	-870.00	560.00	-1.40	-0.12	1.71
-260.00	-990.00	380.00	1.04	-1.10	1.95	130.00	-850.00	-330.00	-0.79	0.30	1.28	70.00	-1030.00	80.00	0.12	0.00	-0.06	190.00	-870.00	570.00	-1.77	-0.18	2.13
-260.00	-990.00	380.00	1.04	-1.10	1.95	120.00	-860.00	-320.00	-0.37	0.12	0.85	70.00	-1030.00	80.00	0.24	-0.24	0.00	190.00	-870.00	570.00	-1.77	-0.18	2.13
-260.00	-1000.00	350.00	1.04	-1.10	1.95	120.00	-860.00	-310.00	-0.37	0.12	0.85	70.00	-1030.00	70.00	0.18	-0.18	0.18	170.00	-870.00	560.00	-1.89	-0.18	2.38
-260.00	-1000.00	350.00	0.85	-1.22	1.34	120.00	-850.00	-320.00	-0.30	0.06	0.98	70.00	-1030.00	80.00	0.18	-0.30	0.18	190.00	-870.00	560.00	-2.01	-0.06	2.87
-260.00	-1000.00	350.00	0.85	-1.22	1.34	120.00	-840.00	-330.00	-0.30	0.06	0.98	60.00	-1030.00	80.00	0.30	-0.55	0.24	180.00	-880.00	560.00	-2.01	-0.18	3.05
-270.00	-990.00	360.00	0.85	-1.22	1.34	110.00	-840.00	-320.00	-0.30	0.06	0.98	70.00	-1030.00	80.00	0.43	-0.61	0.30	180.00	-880.00	560.00	-2.01	-0.55	3.29
-270.00	-990.00	360.00	0.79	-0.98	1.46	110.00	-840.00	-320.00	-0.37	0.00	1.16	70.00	-1030.00	70.00	0.49	-0.49	0.30	180.00	-880.00	560.00	-2.01	-0.55	3.29
-270.00	-990.00	360.00	0.43	-0.79	1.46	110.00	-850.00	-330.00	-0.37	0.00	1.16	70.00	-1040.00	80.00	0.61	-0.49	0.24	180.00	-880.00	560.00	-1.89	-1.28	3.90
-270.00	-990.00	360.00	0.43	-0.79	1.46	110.00	-840.00	-330.00	-0.37	0.00	1.16	70.00	-1040.00	80.00	0.49	-0.37	0.18	180.00	-880.00	560.00	-1.89	-1.28	3.90
-260.00	-990.00	370.00	0.43	-0.79	1.46	110.00	-840.00	-330.00	-0.43	-0.12	1.16	70.00	-1030.00	80.00	0.61	-0.24	0.12	180.00	-880.00	560.00	-2.20	-1.28	4.09
-260.00	-990.00	370.00	0.12	-0.30	1.40	110.00	-840.00	-320.00	-0.06	-0.24	0.91	60.00	-1040.00	80.00	0.91	-0.61	0.18	180.00	-880.00	560.00	-2.20	-1.28	4.09
-260.00	-990.00	370.00	-0.18	-0.06	1.40	110.00	-850.00	-320.00	-0.06	-0.24	0.91	60.00	-1030.00	80.00	1.34	-0.91	0.30	170.00	-880.00	560.00	-1.77	-1.16	4.63
-260.00	-990.00	370.00	-0.18	-0.06	1.40	110.00	-850.00	-320.00	0.24	-0.37	0.91	70.00	-1030.00	80.00	1.34	-0.98	0.37	170.00	-880.00	560.00	-1.59	-0.67	4.88
-260.00	-990.00	370.00	-0.24	0.24	1.16	110.00	-840.00	-320.00	0.30	-0.67	1.04	60.00	-1040.00	80.00	1.65	-1.22	0.43	170.00	-880.00	550.00	-1.59	-0.67	4.88
-260.00	-990.00	370.00	-0.30	0.24	1.04	110.00	-850.00	-330.00	0.30	-0.67	1.04	70.00	-1030.00	80.00	1.46	-1.22	0.30	170.00	-880.00	550.00	-1.28	-0.12	5.43
-270.00	-990.00	370.00	-0.30	0.24	1.04	110.00	-850.00	-330.00	0.30	-0.79	1.10	70.00	-1030.00	80.00	1.46	-1.04	0.24	180.00	-880.00	560.00	-1.28	-0.12	5.43
-260.00	-990.00	370.00	-0.30	0.24	1.04	110.00	-840.00	-330.00	0.37	-0.91	1.16	70.00	-1030.00	80.00	1.16	-0.61	0.24	180.00	-880.00	560.00	-1.52	0.49	5.79
-260.00	-990.00	370.00	-0.43	0.79	0.91	110.00	-840.00	-330.00	0.18	-0.91	1.04	70.00	-1040.00	80.00	0.85	-0.37	0.18	180.00	-870.00	560.00	-1.52	0.49	5.79
-260.00	-990.00	370.00	-0.43	0.79	0.91	110.00	-840.00	-330.00	-0.30	-0.06	0.85	70.00	-1030.00	80.00	0.85	-0.30	0.18	180.00	-870.00	560.00	-1.95	0.79	6.77
-260.00	-990.00	360.00	-0.61	0.85	0.79	110.00	-840.00	-320.00	-0.30	-0.06	0.85	70.00	-1030.00	80.00	0.79	-0.30	0.24	170.00	-880.00	560.00	-1.95	0.79	6.77
-260.00	-990.00	370.00	-0.61	0.85	0.79	110.00	-850.00	-320.00	-1.10	0.67	0.24	70.00	-1040.00	80.00	0.49	0.06	0.24	170.00	-880.00	560.00	-2.07	0.91	7.32
-260.00	-990.00	370.00	-0.55	0.98	0.73	120.00	-850.00	-320.00	-1.10	0.55	0.06	70.00	-1030.00	80.00	0.49	0.12	0.30	170.00	-880.00	560.00	-2.38	0.98	8.72
-270.00	-990.00	360.00	-0.06	0.18	1.04	110.00	-850.00	-320.00	-1.10	0.55	0.06	70.00	-1030.00	80.00	0.37	0.18	0.30	170.00	-880.00	560.00	-2.38	0.98	8.72
-270.00	-990.00	360.00	-0.06	0.18	1.04	110.00	-840.00	-320.00	-1.10	0.55	0.06	70.00	-1030.00	80.00	0.06	0.30	0.37	170.00	-880.00	560.00	-2.56	1.04	9.39
-260.00	-990.00	370.00	0.30	-0.12	1.22	100.00	-840.00	-320.00	-0.91	0.79	-0.18	70.00	-1040.00	90.00	-0.24	0.49	0.24	170.00	-880.00	570.00	-2.56	1.04	9.39
-270.00	-980.00	360.00	0.30	-0.12	1.22	100.00	-840.00	-320.00	-0.91	0.79	-0.18	60.00	-1030.00	80.00	-0.49	0.61	0.12	170.00	-880.00	570.00	-2.50	1.59	10.73
-260.00	-980.00	370.00	0.49	-0.61	1.10	100.00	-840.00	-320.00	-0.91	0.79	-0.18	70.00	-1030.00	80.00	-0.67	0.67	0.06	170.00	-880.00	560.00	-2.50	1.59	10.73
-260.00	-980.00	370.00	0.49	-0.61	1.10	100.00	-840.00	-320.00	-0.91	0.98	-0.24	60.00	-1040.00	80.00	-0.61	0.61	0.24	170.00	-880.00	560.00	-2.56	2.13	11.71
-270.00	-980.00	370.00	0.24	-0.61	1.04	110.00	-840.00	-320.00	-1.04	0.98	-0.55	70.00	-1030.00	80.00	-0.67	0.67	0.24	170.00	-880.00	560.00	-2.62	4.57	13.48
-270.00	-980.00	360.00	-0.12	-0.30	0.49	110.00	-840.00	-320.00	-1.04	0.98	-0.55	70.00	-1030.00	80.00	-0.85	0.67	0.18	170.00	-890.00	560.00	-2.62	4.57	13.48
-270.00	-980.00	360.00	-0.12	-0.30	0.49	110.00	-840.00	-320.00	-1.04	0.98	-0.55	70.00	-1030.00	80.00	-0.98	0.67	0.12	170.00	-890.00	560.00	-2.62	4.57	13.48
-270.00	-980.00	370.00	-0.24	-0.06	0.37	110.00	-840.00	-320.00	-1.16	0.79	-0.85	60.00	-1040.00	80.00	-1.22	0.67	0.37	170.00	-890.00	560.00	-2.07	5.73	14.63
-270.00	-980.00	370.00	-0.37	0.24	0.24	110.00	-850.00	-320.00	-1.16	0.79	-1.04	70.00	-1030.00	80.00	-1.10	0.67	0.55	170.00	-890.00	560.00	-2.32	8.48	17.07
-260.00	-990.00	370.00	-0.37	0.24	0.24	110.00	-840.00	-320.00	-1.16	0.79	-1.04	60.00	-1030.00	90.00	-1.04	0.67	0.55	170.00	-880.00	570.00	-2.32	8.48	17.07
-270.00	-990.00	360.00	-0.49	0.00	0.12	110.00	-840.00	-320.00	-0.85	0.61	-0.91	60.00	-1040.00	80.00	-1.10	1.04	0.79	150.00	-880.00	560.00	-2.62	9.39	18.66
-260.00	-990.00	370.00	-0.49	0.00	0.12	110.00	-840.00	-320.00	-0.85	0.55	-0.79	70.00	-1030.00	80.00	-1.22	0.98	0.98	150.00	-880.00	560.00	-3.48	10.12	20.37
-260.00	-990.00	370.00	-0.43	-0.12	-0.24	110.00	-850.00	-320.00	-0.85	0.55	-0.79	70.00	-1030.00	70.00	-1.22	0.85	1.22	150.00	-880.00	560.00	-3.66	10.67	21.71
-270.00	-990.00	370.00	-0.43	-0.12	-0.24	110.00	-840.00	-320.00	-0.85	0.55	-0.79	70.00	-1030.00	80.00	-1.16	0.43	1.52	140.00	-880.00	560.00	-3.66	10.67	21.71
-270.00	-990.00	360.00	-0.18	-0.24	-0.24	110.00	-840.00	-320.00	-0.73	-0.06	-0.79	60.00	-1030.00	80.00	-1.28	0.67	1.77	170.00	-890.00	580.00	-3.05	12.07	23.48
-270.00	-990.00	360.00	0.00	-0.67	-0.30	110.00	-840.00	-320.00	-0.91	-0.43	-0.55	70.00	-1040.00	80.00	-1.34	0.55	2.01	170.00	-890.00	580.00	-3.41	13.05	26.59
-270.00	-990.00	370.00	0.00	-0.67	-0.30	120.00	-840.00	-330.00	-0.91	-0.43	-0.55	70.00	-1030.00	80.00	-1.28	0.00	2.26	170.00	-890.00	580.00	-3.41	13.05	26.59
-270.00	-990.00	360.00	0.00	-0.67	-0.30	120.00	-840.00	-330.00	-1.22	-1.04	-0.67	70.00	-1030.00	90.00	-1.65	0.79	2.62	130.00	-900.00	580.00	-3.41	13.05	26.59
-270.00	-990.00	360.00	-0.12	-0.61	-0.37	120.00	-840.00	-330.00	-1.22	-1.04	-0.67	70.00	-1030.00	80.00	-1.59	0.67	2.99	120.00	-890.00	550.00	-4.57	13.72	30.00
-270.00	-990.00	360.00	-0.12	-0.61	-0.37	120.00	-840.00	-320.00	-1.22	-0.91	-0.67	60.00	-1040.00	80.00	-1.34	0.00	3.11	120.00	-890.00	550.00	-4.33	14.33	31.22
-270.00	-990.00	360.00	-0.12	-0.43	-0.49	110.00	-840.00	-330.00	-1.52	-0.85	-0.61	70.00	-1030.00	70.00	-1.52	0.12	3.35	130.00	-850.00	560.00	-4.33	14.33	31.22
-260.00	-980.00	370.00	-0.06	-0.67	-0.61	110.00	-840.00	-330.00	-1.46	-1.10	-0.67	70.00	-1040.00	80.00	-1.28	-0.49	3.66	100.00	-890.00	560.00	-4.33	14.33	31.22
-260.00	-980.00	370.00	-0.06	-0.67	-0.61	120.00	-840.00	-310.00	-1.46	-0.98	-0.67	60.00	-1030.00	70.00	-1.22	-0.37	3.72	100.00	-890.00	560.00	-2.44	16.10	34.09
-270.00	-990.00	360.00	0.43	-0.91	-0.24	120.00	-840.00	-310.00	-1.46	-0.67	-0.55	70.00	-1030.00	70.00	-1.22	-0.61	4.09	100.00	-890.00	560.00	-2.44	16.10	34.09
-270.00	-990.00	360.00	0.43	-0.91	-0.24	110.00	-850.00	-320.00	-1.46	-0.43	-0.55	70.00	-1030.00	90.00	-1.34	-0.49	4.39	80.00	-890.00	540.00	-2.44	16.10	34.09
-270.00	-980.00	360.00	0.49	-1.22	0.06	110.00	-840.00	-330.00	-1.46	0.49	-0.30	60.00	-1030.00	80.00	-1.46	-0.18	4.70	80.00	-890.00	550.00	-0.98	6.22	35.73
-270.00	-990.00	360.00	0.43	-0.55	-0.18	110.00	-840.00	-320.00	-1.40	0.30	-0.55	60.00	-1030.00	80.00	-1.65	0.18	4.88	80.00	-890.00	550.00	-0.79	10.79	36.40
-270.00	-990.00	360.00	0.43	-0.55	-0.18	110.00	-840.00	-330.00	-1.40	0.30	-0.55	60.00	-1030.00	70.00	-1.83	0.37	5.43	80.00	-890.00	550.00	-0.79	10.79	36.40
-270.00	-990.00	360.00	0.24	-0.79	-0.30	110.00	-850.00	-320.00	-1.10	-2.80	-0.61	60.00	-1040.00	80.00	-1.95	0.30	5.91	-10.00	-920.00	540.00	0.49	6.46	38.23
-260.00	-990.00	370.00	0.24	-0.79	-0.30	110.00	-830.00	-330.00	-1.10	-2.80	-0.61	60.00	-1040.00	70.00	-2.01	-0.18	6.46	60.00	-880.00	540.00	3.35	3.35	38.41
-260.00	-990.00	370.00	0.00	0.12	-1.77	110.00	-850.00	-320.00	-0.67	-5.37	-0.79	60.00	-1040.00	80.00	-2.32	0.37	7.07	60.00	-880.00	540.00	3.35	3.35	38.41
-260.00	-980.00	370.00	0.00	0.12	-1.77	110.00	-840.00	-330.00	-0.67	-5.37	-0.79	60.00	-1040.00	80.00	-2.38	1.10	7.68	30.00	-870.00	500.00	5.49	4.94	38.78
-260.00	-990.00	360.00	0.12	-0.12	-2.20	110.00	-840.00	-330.00	0.06	-8.17	-1.46	60.00	-1040.00	80.00	-2.44	1.10	8.29	40.00	-810.00	360.00	7.38	7.62	35.37
-260.00	-990.00	360.00	0.12	1.22	-2.87	110.00	-840.00	-330.00	0.06	-8.17	-1.46	60.00	-1030.00	80.00	-2.50	0.98	8.96	40.00	-810.00	360.00	7.38	7.62	35.37
-270.00	-970.00	370.00	0.06	0.85	-3.23	120.00	-840.00	-330.00	0.12	-7.99	-2.01	50.00	-1040.00	80.00	-2.62	0.67	10.00	40.00	-810.00	360.00	7.38	7.62	35.37
-270.00	-980.00	370.00	0.06	0.85	-3.23	120.00	-840.00	-330.00	-0.37	-6.28	-2.44	60.00	-1040.00	80.00	-2.68	0.37	10.67	-10.00	-930.00	550.00	7.87	3.48	35.06
-270.00	-980.00	370.00	0.55	0.37	-4.33	110.00	-830.00	-330.00	-0.24	-5.06	-3.72	60.00	-1040.00	80.00	-2.80	-0.12	11.59	-50.00	-890.00	560.00	7.07	3.72	33.48
-270.00	-980.00	370.00	0.85	0.61	-4.39	110.00	-830.00	-330.00	-0.24	-5.06	-3.72	60.00	-1040.00	80.00	-3.11	-0.18	12.87	-50.00	-890.00	560.00	7.07	3.72	33.48
-270.00	-990.00	360.00	0.85	0.61	-4.39	120.00	-830.00	-330.00	-0.12	-4.76	-3.54	60.00	-1040.00	80.00	-3.54	0.12	14.02	-10.00	-910.00	560.00	6.40	1.22	29.45
-270.00	-970.00	370.00	2.99	-1.52	-1.95	110.00	-830.00	-320.00	0.67	-4.45	-1.34	50.00	-1040.00	80.00	-3.84	0.24	15.12	-10.00	-910.00	560.00	6.40	1.22	29.45
-270.00	-970.00	370.00	4.39	-2.74	0.85	110.00	-830.00	-320.00	0.67	-4.45	-1.34	50.00	-1040.00	80.00	-4.57	0.61	16.95	-20.00	-900.00	570.00	7.01	1.34	25.24
-260.00	-980.00	370.00	4.39	-2.74	0.85	100.00	-840.00	-320.00	1.16	-4.27	0.37	50.00	-1040.00	80.00	-5.61	1.83	18.66	-20.00	-900.00	570.00	7.01	1.34	25.24
-250.00	-1010.00	350.00	5.43	-2.74	3.41	100.00	-830.00	-330.00	1.59	-2.56	3.60	50.00	-1050.00	80.00	-6.16	3.05	20.43	-60.00	-900.00	590.00	5.61	2.26	17.62
-250.00	-1010.00	350.00	6.46	-1.65	7.56	110.00	-840.00	-330.00	1.59	-2.56	3.60	40.00	-1050.00	70.00	-6.59	2.13	22.26	-40.00	-900.00	560.00	5.61	2.26	17.62
-240.00	-1030.00	360.00	6.46	-1.65	7.56	110.00	-840.00	-330.00	1.59	-2.56	3.60	40.00	-1050.00	80.00	-7.50	2.56	23.84	-40.00	-900.00	560.00	5.06	2.38	14.15
-230.00	-1020.00	380.00	7.56	-1.83	8.84	130.00	-830.00	-340.00	1.40	-1.46	4.39	40.00	-1050.00	80.00	-7.32	3.29	25.18	-60.00	-930.00	560.00	4.39	1.59	7.93
-230.00	-1020.00	380.00	9.33	-3.11	10.30	150.00	-840.00	-340.00	3.78	-0.43	6.22	30.00	-1050.00	90.00	-8.23	2.50	27.56	-60.00	-930.00	560.00	2.62	0.18	-0.91
-240.00	-1020.00	380.00	10.98	-3.41	11.71	150.00	-840.00	-340.00	3.78	-0.43	6.22	30.00	-1040.00	80.00	-8.41	2.20	29.21	-70.00	-930.00	570.00	2.62	0.18	-0.91
-250.00	-1000.00	380.00	10.98	-3.41	11.71	140.00	-860.00	-330.00	5.79	-0.24	7.32	40.00	-1050.00	70.00	-8.72	1.95	30.18	-50.00	-920.00	580.00	2.44	-1.22	-3.17
-260.00	-1030.00	340.00	15.24	-6.65	16.34	140.00	-860.00	-330.00	11.04	-1.65	11.34	30.00	-1040.00	70.00	-9.88	2.44	31.65	-60.00	-910.00	560.00	4.94	-7.07	-9.27
-260.00	-1030.00	340.00	34.94	-6.16	36.59	120.00	-860.00	-320.00	11.04	-1.65	11.34	30.00	-1050.00	80.00	-10.61	1.89	33.41	-60.00	-910.00	560.00	4.94	-7.07	-9.27
-270.00	-1020.00	350.00	34.94	-6.16	36.59	120.00	-860.00	-320.00	19.33	-5.73	20.73	30.00	-1050.00	70.00	-11.10	1.65	34.94	-70.00	-910.00	560.00	6.34	-6.83	-9.57
-270.00	-1030.00	340.00	39.82	-5.85	44.88	120.00	-840.00	-340.00	19.33	-5.73	20.73	20.00	-1050.00	60.00	-11.89	3.35	36.04	-20.00	-880.00	600.00	6.34	-6.83	-9.57
-270.00	-1050.00	330.00	43.66	-5.98	56.04	120.00	-840.00	-350.00	22.07	-6.65	24.39	20.00	-1050.00	70.00	-12.44	2.20	35.67	-20.00	-880.00	600.00	8.90	-5.18	-8.29
-260.00	-1070.00	360.00	48.84	-5.37	69.39	120.00	-840.00	-350.00	31.52	-13.05	32.80	20.00	-1050.00	70.00	-13.48	0.24	37.20	-10.00	-880.00	600.00	8.90	-5.18	-8.29
-250.00	-1100.00	360.00	48.84	-5.37	69.39	120.00	-840.00	-350.00	31.52	-13.05	32.80	10.00	-1040.00	50.00	-14.15	0.18	39.82	-30.00	-880.00	600.00	10.00	-2.87	-4.21
-240.00	-1130.00	350.00	58.35	-1.46	88.66	140.00	-820.00	-370.00	31.52	-13.05	32.80	-10.00	-1050.00	70.00	-14.02	-2.26	38.78	-30.00	-880.00	600.00	10.00	-2.87	-4.21
-240.00	-1130.00	350.00	73.23	5.12	110.24	150.00	-850.00	-360.00	47.50	-22.44	50.00	-10.00	-1020.00	60.00	-14.39	-4.94	38.48	-0.00	-890.00	600.00	10.24	-2.80	-1.95
-250.00	-1190.00	380.00	81.16	8.72	111.71	150.00	-850.00	-380.00	47.50	-22.44	50.00	-10.00	-1030.00	50.00	-14.15	-4.70	37.99	-0.00	-890.00	600.00	8.11	-1.77	0.43
-240.00	-1190.00	370.00	83.29	18.11	104.63	150.00	-850.00	-380.00	47.50	-22.44	50.00	-20.00	-1030.00	40.00	-13.54	-6.34	37.50	-20.00	-880.00	600.00	8.11	-1.77	0.43
-240.00	-1190.00	370.00	82.01	23.54	99.51	150.00	-850.00	-380.00	65.73	-31.77	76.52	-30.00	-1060.00	50.00	-15.91	-7.26	40.18	-20.00	-880.00	600.00	7.56	-1.71	1.59
-320.00	-1190.00	330.00	78.48	32.68	104.51	210.00	-860.00	-400.00	65.73	-31.77	76.52	-0.00	-1020.00	70.00	-17.56	-4.27	39.88	-20.00	-890.00	600.00	7.56	-1.71	1.59
-270.00	-1270.00	450.00	78.48	32.68	104.51	210.00	-870.00	-410.00	65.73	-31.77	76.52	-40.00	-1040.00	70.00	-15.85	-6.77	37.38	-20.00	-890.00	600.00	6.83	-2.01	2.87
-210.00	-1460.00	420.00	90.18	64.88	121.22	210.00	-870.00	-410.00	93.48	-23.41	106.04	-60.00	-1030.00	50.00	-13.54	-9.70	34.63	-20.00	-880.00	590.00	6.83	-2.01	2.87
-210.00	-1460.00	420.00	98.05	70.30	126.71	130.00	-920.00	-410.00	93.48	-23.41	106.04	-100.00	-1010.00	10.00	-12.68	-17.62	31.83	-20.00	-890.00	590.00	6.22	-2.44	3.35
-150.00	-1340.00	790.00	98.05	70.30	126.71	130.00	-920.00	-410.00	93.48	-23.41	106.04	-110.00	-1000.00	40.00	-13.35	-19.57	32.62	-20.00	-890.00	590.00	5.30	-2.50	4.33
-120.00	-1380.00	980.00	98.05	70.30	126.71	130.00	-920.00	-410.00	93.48	-23.41	106.04	-40.00	-1020.00	30.00	-15.00	-8.72	31.77	-20.00	-890.00	600.00	5.30	-2.50	4.33
-120.00	-1380.00	980.00	109.63	93.11	139.33	170.00	-1000.00	-370.00	87.07	-40.24	125.30	-10.00	-1000.00	30.00	-12.80	-12.62	29.76	-20.00	-890.00	600.00	5.30	-2.50	4.33
-230.00	-1400.00	940.00	114.15	93.72	139.21	170.00	-1000.00	-370.00	87.07	-40.24	125.30	-40.00	-980.00	10.00	-13.54	-15.85	28.66	-0.00	-890.00	600.00	4.70	-1.46	4.39
-30.00	-1440.00	840.00	114.15	93.72	139.21	170.00	-1000.00	-370.00	87.07	-40.24	125.30	-150.00	-1000.00	-90.00	-13.05	-13.72	29.09	-0.00	-890.00	600.00	3.66	1.16	4.15
-70.00	-1510.00	710.00	119.09	103.48	146.46	120.00	-1010.00	-470.00	91.34	-43.41	160.67	-140.00	-980.00	50.00	-9.02	-16.10	26.77	-10.00	-880.00	590.00	3.66	1.16	4.15
-70.00	-1510.00	710.00	119.09	103.48	146.46	480.00	-1390.00	-280.00	91.34	-43.41	160.67	-130.00	-1040.00	10.00	-5.79	-21.89	27.26	0.00	-880.00	590.00	3.66	2.56	4.21
-260.00	-1680.00	510.00	114.33	108.96	154.39	480.00	-1390.00	-280.00	91.34	-43.41	160.67	-130.00	-1030.00	10.00	-6.40	-17.50	21.04	0.00	-880.00	590.00	3.66	4.33	3.96
-210.00	-1720.00	490.00	107.38	105.18	152.68	480.00	-1390.00	-280.00	115.12	-59.82	200.37	-130.00	-1040.00	40.00	-7.26	-8.66	17.26	0.00	-880.00	590.00	3.60	5.67	3.78
-210.00	-1720.00	490.00	56.52	-3.90	43.35	350.00	-1460.00	-80.00	115.12	-59.82	200.37	-80.00	-1100.00	0.00	-5.85	-6.40	15.61	-0.00	-880.00	590.00	3.60	5.67	3.78
-280.00	-1630.00	360.00	56.52	-3.90	43.35	350.00	-1460.00	-80.00	115.12	-59.82	200.37	-140.00	-1040.00	10.00	-3.60	-6.10	12.93	-10.00	-880.00	590.00	4.21	6.59	3.90
-290.00	-1520.00	390.00	51.65	53.90	26.52	350.00	-1460.00	-80.00	97.87	-70.18	200.06	-190.00	-1120.00	-20.00	-1.83	-2.87	10.67	-10.00	-880.00	590.00	5.06	9.94	3.96
-620.00	-1420.00	250.00	12.44	-85.43	-38.84	410.00	-1320.00	-150.00	97.87	-70.18	200.06	-240.00	-980.00	80.00	-1.16	0.43	7.56	-10.00	-880.00	590.00	5.06	9.94	3.96
-620.00	-1420.00	250.00	12.44	-85.43	-38.84	440.00	-1280.00	-380.00	23.54	-28.48	74.21	-170.00	-1080.00	10.00	-0.24	0.43	4.51	-20.00	-900.00	590.00	5.06	9.94	3.96
-430.00	-510.00	-40.00	-14.45	-66.59	-110.73	440.00	-1280.00	-380.00	23.54	-28.48	74.21	-190.00	-1010.00	-10.00	-0.61	2.38	1.77	-10.00	-910.00	580.00	8.17	11.83	5.85
420.00	-720.00	30.00	-14.45	-66.59	-110.73	200.00	-1180.00	-490.00	23.54	-28.48	74.21	-190.00	-1030.00	-20.00	-0.98	5.49	-0.67	-10.00	-910.00	580.00	8.48	13.96	6.40
-940.00	-280.00	-140.00	-13.66	3.78	-132.01	200.00	-1180.00	-490.00	25.18	58.29	-18.54	-210.00	-1030.00	-10.00	0.24	6.28	-3.54	-30.00	-900.00	590.00	8.48	13.96	6.40
-940.00	-280.00	-140.00	-13.66	3.78	-132.01	200.00	-1180.00	-490.00	25.18	58.29	-18.54	-190.00	-1030.00	0.00	2.93	5.06	-6.46	-10.00	-890.00	590.00	8.48	13.96	6.40
210.00	390.00	-490.00	-26.34	13.96	-150.37	20.00	-940.00	-560.00	25.18	58.29	-18.54	-190.00	-1030.00	10.00	4.21	5.30	-8.48	-10.00	-890.00	590.00	4.82	21.46	9.02
750.00	-1060.00	-80.00	-55.43	12.74	-159.63	20.00	-940.00	-560.00	25.18	58.29	-18.54	-190.00	-1040.00	10.00	5.79	3.72	-9.76	-10.00	-890.00	590.00	4.82	21.46	9.02
690.00	-900.00	-200.00	-69.51	-2.26	-168.84	20.00	-940.00	-560.00	-17.87	87.44	-89.33	-180.00	-1040.00	-10.00	11.10	-4.39	-10.12	-30.00	-870.00	620.00	4.82	21.46	9.02
690.00	-900.00	-200.00	-69.51	-2.26	-168.84	90.00	130.00	-440.00	-17.87	87.44	-89.33	-190.00	-1030.00	-10.00	15.85	-9.45	-10.37	-40.00	-870.00	620.00	5.18	20.79	14.02
510.00	-570.00	-110.00	-85.55	-5.85	-188.54	90.00	130.00	-440.00	-17.87	87.44	-89.33	-180.00	-1030.00	-10.00	16.46	-7.50	-10.30	-40.00	-870.00	620.00	5.18	20.79	14.02
510.00	-570.00	-110.00	-94.21	-9.88	-197.44	90.00	130.00	-440.00	-47.74	93.05	-116.77	-170.00	-1020.00	-20.00	19.76	-11.46	-9.45	-40.00	-870.00	620.00	4.94	14.57	23.90
180.00	-560.00	-110.00	-94.21	-9.88	-197.44	450.00	-10.00	-400.00	-47.74	93.05	-116.77	-160.00	-1030.00	-30.00	26.52	-19.63	-8.35	-40.00	-860.00	630.00	5.73	13.05	27.01
180.00	-560.00	-110.00	-109.02	-18.90	-209.94	450.00	-10.00	-400.00	-47.74	93.05	-116.77	-130.00	-1020.00	-30.00	30.06	-20.12	-7.01	-40.00	-870.00	630.00	5.73	13.05	27.01
180.00	-720.00	-60.00	-109.02	-18.90	-209.94	450.00	-10.00	-400.00	-71.46	81.28	-167.26	-160.00	-1020.00	20.00	27.32	-14.02	-5.79	-30.00	-860.00	640.00	5.73	13.05	27.01
40.00	-850.00	20.00	-116.95	-22.38	-212.74	640.00	-170.00	-360.00	-71.46	81.28	-167.26	-150.00	-1030.00	30.00	25.91	-11.46	-3.96	-60.00	-870.00	630.00	5.00	11.16	30.43
40.00	-850.00	20.00	-116.95	-22.38	-212.74	640.00	-170.00	-360.00	-71.46	81.28	-167.26	-120.00	-1030.00	0.00	28.54	-14.21	-1.65	-60.00	-870.00	630.00	5.18	10.43	32.01
-50.00	-910.00	100.00	-130.30	-17.26	-217.07	640.00	-170.00	-360.00	-74.82	78.60	-194.15	-110.00	-1040.00	10.00	27.68	-13.29	0.06	-60.00	-880.00	630.00	5.18	10.43	32.01
-50.00	-910.00	100.00	-130.30	-17.26	-217.07	530.00	-320.00	-330.00	-77.80	77.56	-205.12	-150.00	-1040.00	70.00	24.45	-8.29	1.46	-60.00	-880.00	620.00	4.57	13.05	34.09
-170.00	-1060.00	250.00	-135.00	-11.28	-219.76	530.00	-320.00	-330.00	-91.34	76.46	-222.01	-150.00	-1050.00	70.00	21.71	-6.04	2.62	-60.00	-880.00	620.00	4.57	13.05	34.09
-170.00	-1060.00	250.00	-142.07	11.52	-223.05	530.00	-320.00	-330.00	-91.34	76.46	-222.01	-130.00	-1040.00	40.00	19.94	-6.89	3.54	-60.00	-880.00	620.00	4.33	12.93	35.98
-200.00	-1150.00	320.00	-142.07	11.52	-223.05	370.00	-450.00	-380.00	-91.34	76.46	-222.01	-100.00	-1030.00	20.00	17.74	-5.43	4.39	-80.00	-890.00	630.00	4.33	12.93	35.98
-310.00	-1340.00	410.00	-142.01	23.05	-223.29	370.00	-450.00	-380.00	-105.43	80.49	-218.90	-150.00	-1050.00	60.00	15.91	-5.79	4.45	-60.00	-890.00	640.00	2.87	15.79	38.60
-310.00	-1340.00	410.00	-142.01	23.05	-223.29	370.00	-450.00	-380.00	-143.84	103.90	-192.32	-150.00	-1060.00	90.00	14.02	-6.22	4.63	-60.00	-890.00	640.00	2.32	17.07	40.49
-400.00	-1450.00	450.00	-107.13	62.32	-196.16	320.00	-560.00	-370.00	-143.84	103.90	-192.32	-130.00	-1050.00	80.00	12.87	-5.30	4.82	-80.00	-890.00	650.00	0.85	23.17	42.99
-400.00	-1450.00	450.00	-107.13	62.32	-196.16	270.00	-680.00	-370.00	-143.84	103.90	-192.32	-140.00	-1050.00	70.00	12.01	-5.30	5.00	-80.00	-890.00	650.00	0.85	23.17	42.99
-630.00	-1650.00	530.00	-92.20	71.16	-187.20	100.00	-1230.00	-390.00	-145.73	111.89	-160.73	-140.00	-1040.00	70.00	10.91	-4.82	5.06	-90.00	-910.00	670.00	0.61	27.20	45.12
-630.00	-1650.00	530.00	-92.20	71.16	-187.20	100.00	-1230.00	-390.00	-145.73	111.89	-160.73	-150.00	-1040.00	70.00	10.00	-3.54	5.06	-90.00	-910.00	670.00	0.61	27.20	45.12
-710.00	-1680.00	550.00	-59.51	80.79	-174.45	100.00	-1230.00	-390.00	-145.73	111.89	-160.73	-160.00	-1040.00	70.00	9.02	-1.95	5.18	-80.00	-920.00	680.00	0.67	35.79	51.95
-770.00	-1690.00	600.00	-59.51	80.79	-174.45	-60.00	-1460.00	-450.00	-132.38	118.66	-137.13	-140.00	-1050.00	70.00	8.35	-0.24	5.24	-80.00	-920.00	680.00	0.67	35.79	51.95
-840.00	-1500.00	750.00	-45.30	78.17	-165.55	-280.00	-1660.00	-440.00	-118.41	124.21	-125.61	-160.00	-1040.00	70.00	8.11	0.79	5.55	-90.00	-930.00	690.00	-0.24	40.30	56.04
-840.00	-1500.00	750.00	-32.44	70.85	-150.85	-280.00	-1660.00	-440.00	-118.41	124.21	-125.61	-160.00	-1040.00	90.00	7.74	2.20	5.67	-80.00	-920.00	710.00	-0.24	47.20	67.32
-870.00	-1410.00	740.00	-24.02	56.89	-127.62	-280.00	-1660.00	-440.00	-118.41	124.21	-125.61	-160.00	-1040.00	90.00	7.01	4.27	5.85	-80.00	-920.00	710.00	-0.24	47.20	67.32
-910.00	-1290.00	680.00	-20.61	25.18	-94.21	-370.00	-1520.00	-230.00	-58.17	115.24	-83.17	-160.00	-1040.00	90.00	6.22	7.01	5.91	-90.00	-970.00	700.00	-0.24	47.20	67.32
-960.00	-1260.00	610.00	-20.61	25.18	-94.21	-370.00	-1520.00	-230.00	-58.17	115.24	-83.17	-150.00	-1040.00	90.00	6.10	8.35	5.91	-90.00	-970.00	700.00	-0.61	48.60	73.72
-1010.00	-1200.00	550.00	-19.45	-13.48	-54.39	-370.00	-1520.00	-230.00	-58.17	115.24	-83.17	-150.00	-1030.00	90.00	5.85	9.33	6.71	-100.00	-970.00	740.00	-3.90	53.35	89.39
-1010.00	-1200.00	550.00	-18.78	-52.50	-13.90	-370.00	-1520.00	-230.00	-20.06	51.77	-55.49	-170.00	-1030.00	100.00	5.18	10.18	7.07	-100.00	-970.00	740.00	-10.98	62.62	112.38
-1220.00	-1020.00	390.00	-14.94	-111.28	50.37	-470.00	-1150.00	-150.00	-8.23	5.91	-45.00	-160.00	-1030.00	90.00	4.27	11.77	7.62	-180.00	-1000.00	690.00	-10.98	62.62	112.38
-1220.00	-1020.00	390.00	-8.35	-117.74	67.20	-470.00	-1150.00	-150.00	-8.23	5.91	-45.00	-170.00	-1030.00	100.00	0.79	15.91	8.35	-150.00	-1160.00	670.00	-16.46	66.10	120.06
-1250.00	-910.00	370.00	-8.35	-117.74	67.20	-470.00	-1150.00	-150.00	-8.23	5.91	-45.00	-160.00	-1040.00	80.00	-4.70	19.09	8.84	-80.00	-1370.00	730.00	-23.29	76.04	139.51
-1220.00	-820.00	390.00	14.27	-99.33	74.82	-350.00	-990.00	-200.00	11.77	-96.04	-22.26	-160.00	-1030.00	80.00	-10.30	22.56	10.00	-80.00	-1370.00	730.00	-23.29	76.04	139.51
-1110.00	-770.00	400.00	26.83	-74.45	71.52	-290.00	-960.00	-250.00	11.77	-96.04	-22.26	-150.00	-1040.00	90.00	-13.35	22.80	11.83	-80.00	-1370.00	730.00	-19.82	84.33	149.39
-1110.00	-770.00	400.00	26.83	-74.45	71.52	-290.00	-960.00	-250.00	11.77	-96.04	-22.26	-170.00	-1030.00	80.00	-15.00	23.17	14.21	130.00	-1470.00	960.00	-14.51	106.59	169.76
-660.00	-910.00	500.00	39.33	-45.30	67.68	-290.00	-960.00	-250.00	29.27	-93.41	-4.70	-180.00	-1050.00	100.00	-17.93	25.24	17.13	130.00	-1470.00	960.00	-14.51	106.59	169.76
-660.00	-910.00	500.00	61.28	59.88	28.78	-220.00	-1010.00	-200.00	36.40	-75.85	6.34	-170.00	-1040.00	100.00	-18.11	22.32	20.18	130.00	-1470.00	960.00	-14.51	106.59	169.76
-510.00	-910.00	550.00	61.28	59.88	28.78	-220.00	-1010.00	-200.00	36.40	-75.85	6.34	-140.00	-1050.00	90.00	-17.20	17.26	22.74	210.00	-1530.00	910.00	-17.74	124.70	193.96
-350.00	-950.00	540.00	57.01	47.87	76.04	-220.00	-1010.00	-200.00	36.40	-75.85	6.34	-150.00	-1050.00	100.00	-14.57	12.74	25.49	190.00	-1800.00	790.00	-25.30	164.76	205.98
-350.00	-950.00	540.00	33.60	44.45	105.37	-360.00	-880.00	-140.00	47.80	-33.60	38.17	-130.00	-1060.00	80.00	-10.00	6.16	28.23	190.00	-1800.00	790.00	-25.30	164.76	205.98
-340.00	-950.00	520.00	25.00	55.73	100.49	-400.00	-860.00	-120.00	53.54	-25.24	64.15	-110.00	-1050.00	70.00	-8.35	3.05	30.37	190.00	-1800.00	790.00	-25.30	164.76	205.98
-360.00	-1300.00	740.00	25.00	55.73	100.49	-400.00	-860.00	-120.00	53.54	-25.24	64.15	-110.00	-1050.00	70.00	-10.18	4.39	32.20	390.00	-1880.00	740.00	-18.60	114.02	84.88
-700.00	-720.00	310.00	5.67	8.48	144.09	-400.00	-860.00	-120.00	24.02	-16.04	100.18	-120.00	-1050.00	70.00	-12.20	6.22	33.72	260.00	-1220.00	930.00	-18.60	114.02	84.88
-700.00	-720.00	310.00	45.43	-146.65	173.72	-430.00	-840.00	-80.00	56.46	-29.39	98.11	-110.00	-1050.00	70.00	-13.48	7.93	35.85	260.00	-1220.00	930.00	-18.60	114.02	84.88
-200.00	-1180.00	-70.00	45.30	-70.12	141.83	-390.00	-840.00	-100.00	56.46	-29.39	98.11	-180.00	-1050.00	80.00	-14.94	10.73	37.74	260.00	-1220.00	930.00	-6.71	94.63	51.28
290.00	-1620.00	-310.00	53.23	20.00	126.40	-390.00	-840.00	-100.00	26.83	-5.24	106.46	-200.00	-1060.00	100.00	-16.89	12.50	39.76	540.00	-40.00	550.00	-25.00	53.60	6.40
520.00	-1750.00	-720.00	98.78	-33.35	121.46	-80.00	-790.00	-320.00	30.43	15.98	128.35	-170.00	-1060.00	70.00	-17.56	13.11	42.32	540.00	-40.00	550.00	-25.00	53.60	6.40
-680.00	-950.00	670.00	98.78	-33.35	121.46	-750.00	-1520.00	-310.00	45.55	34.88	126.71	-190.00	-1060.00	70.00	-18.48	14.88	45.12	540.00	-40.00	550.00	-25.00	53.60	6.40
20.00	-1480.00	230.00	93.96	-23.90	108.17	-750.00	-1520.00	-310.00	36.71	11.40	150.12	-210.00	-1060.00	70.00	-18.78	14.51	48.54	740.00	-110.00	570.00	-37.20	-2.44	-97.93
20.00	-1480.00	230.00	81.52	0.00	74.15	30.00	-380.00	-320.00	42.44	-5.18	173.66	-200.00	-1070.00	60.00	-18.96	15.24	52.62	740.00	-110.00	570.00	-37.20	-2.44	-97.93
-60.00	-1250.00	-50.00	85.61	-26.89	61.83	80.00	-940.00	-630.00	18.35	-20.85	142.07	-210.00	-1070.00	70.00	-19.63	16.83	57.07	740.00	-110.00	570.00	-37.20	-2.44	-97.93
-390.00	-810.00	290.00	85.61	-26.89	61.83	570.00	-600.00	-900.00	-23.48	-18.41	100.79	-220.00	-1070.00	60.00	-18.90	16.59	61.77	710.00	-360.00	400.00	-57.87	-24.57	-115.06
-730.00	-940.00	160.00	61.22	-15.55	41.52	780.00	-190.00	-1180.00	-71.40	30.61	104.76	-230.00	-1070.00	60.00	-18.78	17.26	68.05	690.00	-230.00	260.00	-11.77	-45.06	-157.87
-500.00	-1010.00	240.00	50.98	-32.62	28.66	1060.00	-1120.00	-20.00	-57.20	40.67	108.35	-260.00	-1080.00	60.00	-18.60	17.62	73.60	690.00	-230.00	260.00	-11.77	-45.06	-157.87
-290.00	-940.00	420.00	50.98	-32.62	28.66	990.00	-1420.00	690.00	-20.18	-3.96	97.80	-240.00	-1100.00	50.00	-19.51	18.72	78.60	690.00	-230.00	260.00	-11.77	-45.06	-157.87
-260.00	-920.00	470.00	37.68	-33.60	9.51	330.00	-2000.00	620.00	-21.16	-0.18	90.24	-270.00	-1120.00	60.00	-20.18	17.62	83.60	120.00	-340.00	220.00	-10.79	-106.77	-183.17
-260.00	-920.00	470.00	28.17	-21.89	10.67	-110.00	-2000.00	80.00	-11.34	31.22	68.48	-280.00	-1150.00	50.00	-19.27	13.29	88.72	120.00	-340.00	220.00	-6.59	-129.21	-197.93
-320.00	-890.00	460.00	28.17	-21.89	10.67	-460.00	-1990.00	-250.00	6.40	13.72	56.52	-250.00	-1160.00	70.00	-17.50	5.85	94.27	120.00	-340.00	220.00	-6.59	-129.21	-197.93
-320.00	-930.00	380.00	12.07	-8.54	20.85	-230.00	-960.00	-760.00	-0.49	8.84	54.33	-250.00	-1170.00	80.00	-16.34	2.26	101.22	120.00	-340.00	220.00	-6.59	-129.21	-197.93
-320.00	-930.00	380.00	12.07	-8.54	20.85	350.00	-240.00	-640.00	-2.74	6.34	49.51	-240.00	-1170.00	30.00	-16.46	-0.73	107.26	260.00	-520.00	390.00	-2.56	-146.34	-222.07
-260.00	-970.00	460.00	-13.78	14.82	17.26	300.00	-650.00	-430.00	2.01	-0.91	44.76	-250.00	-1150.00	30.00	-14.88	-3.60	111.46	260.00	-520.00	390.00	-2.20	-151.04	-231.40
-260.00	-970.00	460.00	-13.78	14.82	17.26	-670.00	-760.00	-490.00	1.22	-3.29	40.00	-230.00	-1190.00	10.00	-15.85	-10.12	114.45	260.00	-520.00	390.00	-2.20	-151.04	-231.40
-230.00	-990.00	470.00	-22.62	23.17	10.55	-60.00	-620.00	-500.00	0.85	-2.93	33.54	-340.00	-1260.00	-0.00	-20.43	-7.26	123.23	160.00	-660.00	440.00	1.71	-152.26	-249.15
-210.00	-980.00	470.00	-32.56	28.05	-5.55	220.00	-940.00	-290.00	-0.06	-2.13	28.11	-320.00	-1260.00	-50.00	-23.05	-5.49	128.35	110.00	-760.00	480.00	6.83	-146.10	-259.09
-260.00	-950.00	470.00	-32.56	28.05	-5.55	40.00	-1000.00	-350.00	-0.85	-3.11	24.21	-210.00	-1350.00	-100.00	-25.67	-10.91	136.28	110.00	-760.00	480.00	6.83	-146.10	-259.09
-260.00	-950.00	470.00	-34.39	25.12	-12.26	190.00	-890.00	-300.00	-2.44	-2.74	21.10	-220.00	-1370.00	-100.00	-25.55	-11.83	146.77	70.00	-990.00	570.00	18.96	-135.67	-270.37
-310.00	-920.00	450.00	-34.39	25.12	-12.26	130.00	-890.00	-330.00	-3.35	0.00	17.50	-300.00	-1470.00	-170.00	-27.74	-13.23	158.11	20.00	-1130.00	610.00	29.51	-139.82	-269.39
-310.00	-930.00	420.00	-30.12	23.29	-21.34	90.00	-860.00	-310.00	-3.84	2.68	12.99	-190.00	-1600.00	-210.00	-30.18	-15.67	168.48	20.00	-1130.00	610.00	52.50	-166.46	-252.38
-310.00	-930.00	420.00	-30.12	23.29	-21.34	60.00	-900.00	-290.00	-4.57	3.41	7.38	-180.00	-1650.00	-190.00	-37.80	-15.24	182.87	-200.00	-1440.00	710.00	52.07	-181.52	-239.76
-300.00	-970.00	390.00	-32.99	29.02	-19.02	130.00	-890.00	-300.00	-4.21	4.45	0.73	-110.00	-1660.00	-80.00	-48.05	-2.68	198.17	-200.00	-1440.00	710.00	52.07	-181.52	-239.76
-300.00	-1000.00	360.00	-37.56	34.70	-18.90	140.00	-900.00	-310.00	-2.99	5.73	-6.16	-270.00	-1670.00	30.00	-47.01	-5.24	209.02	-380.00	-1610.00	770.00	38.05	-197.50	-215.24
-300.00	-1000.00	360.00	-41.16	37.74	-21.10	130.00	-890.00	-310.00	-2.07	6.95	-10.61	-40.00	-1890.00	50.00	-49.76	-8.41	215.24	-660.00	-1680.00	870.00	38.05	-197.50	-215.24
-280.00	-1010.00	360.00	-42.50	37.80	-23.17	80.00	-870.00	-310.00	-1.52	7.62	-13.05	-180.00	-1810.00	-100.00	-53.29	-2.93	223.11	-790.00	-1660.00	920.00	37.80	-200.98	-202.99
-240.00	-980.00	410.00	-42.50	37.80	-23.17	90.00	-880.00	-300.00	-0.91	7.74	-14.51	-130.00	-2000.00	-210.00	-62.68	-11.59	230.61	-790.00	-1660.00	920.00	37.80	-200.98	-202.99
-260.00	-960.00	400.00	-34.02	27.74	-21.77	80.00	-880.00	-290.00	0.43	6.95	-14.88	170.00	-2000.00	-320.00	-62.38	-24.88	238.35	-1080.00	-1620.00	1070.00	35.85	-209.02	-175.12
-260.00	-960.00	400.00	-34.02	27.74	-21.77	40.00	-860.00	-320.00	1.46	6.83	-15.18	-10.00	-2000.00	-220.00	-49.63	-40.24	236.52	-1170.00	-1500.00	1120.00	14.70	-149.39	-134.76
-260.00	-980.00	370.00	-27.01	22.74	-19.39	60.00	-830.00	-340.00	2.80	5.85	-15.43	30.00	-1990.00	-160.00	-46.34	-44.09	215.49	-1170.00	-1500.00	1120.00	-14.57	-53.60	-91.34
-260.00	-980.00	370.00	-27.01	22.74	-19.39	90.00	-830.00	-360.00	2.56	6.10	-15.79	160.00	-2000.00	-170.00	-33.96	10.37	178.60	-1250.00	-1320.00	1030.00	-21.34	-13.29	-76.22
-260.00	-990.00	320.00	-13.84	12.68	-13.11	120.00	-850.00	-360.00	1.16	5.67	-16.28	110.00	-1820.00	-30.00	-18.17	52.07	127.56	-1250.00	-1320.00	1030.00	-21.34	-13.29	-76.22
-260.00	-1020.00	260.00	-9.82	9.70	-8.05	130.00	-840.00	-360.00	-1.59	4.15	-16.04	30.00	-1810.00	160.00	-20.79	72.87	99.39	-1120.00	-810.00	840.00	-22.74	65.49	-43.72
-270.00	-1020.00	250.00	-9.82	9.70	-8.05	130.00	-830.00	-370.00	-4.82	2.07	-14.57	-110.00	-1520.00	210.00	-15.06	76.10	121.16	-1120.00	-810.00	840.00	-19.33	128.41	40.61
-270.00	-1040.00	230.00	-8.96	4.21	2.26	140.00	-820.00	-360.00	-7.87	-0.43	-11.71	-170.00	-790.00	320.00	-16.10	75.37	63.96	-1100.00	-840.00	830.00	-19.33	128.41	40.61
-270.00	-1040.00	230.00	-8.96	4.21	2.26	120.00	-830.00	-340.00	-10.37	-2.93	-8.29	130.00	-1030.00	330.00	-11.34	145.30	-2.26	-1020.00	-900.00	750.00	-35.30	124.33	85.91
-230.00	-1040.00	270.00	-12.74	5.06	5.49	130.00	-840.00	-330.00	-10.61	-4.76	-5.43	250.00	-610.00	310.00	-4.51	164.15	-30.67	-1020.00	-900.00	750.00	1.40	26.95	150.49
-230.00	-1040.00	270.00	-17.87	7.01	8.11	140.00	-860.00	-300.00	-7.80	-5.85	-3.84	-440.00	-550.00	430.00	-17.80	103.05	-78.35	420.00	-1590.00	380.00	1.40	26.95	150.49
-220.00	-1040.00	300.00	-17.87	7.01	8.11	140.00	-880.00	-290.00	-4.45	-6.46	-3.05	180.00	80.00	620.00	-4.15	31.65	-114.94	420.00	-1590.00	380.00	0.24	-7.93	142.80
-220.00	-1040.00	300.00	-16.89	6.65	7.68	150.00	-880.00	-290.00	-2.74	-6.22	-1.83	860.00	-1020.00	360.00	17.07	12.80	-137.87	170.00	-1440.00	560.00	0.24	-7.93	142.80
-210.00	-1010.00	370.00	-16.89	6.65	7.68	170.00	-860.00	-300.00	-2.99	-6.34	0.37	1060.00	-520.00	170.00	34.63	27.20	-155.67	170.00	-1440.00	560.00	-9.82	20.73	159.02
-220.00	-1000.00	370.00	-7.32	-0.18	7.26	180.00	-820.00	-320.00	-3.11	-6.89	3.41	840.00	-300.00	110.00	37.68	13.54	-181.89	-1210.00	-1520.00	590.00	33.48	-3.66	39.94
-220.00	-1000.00	370.00	-7.32	-0.18	7.26	180.00	-760.00	-370.00	-9.09	-6.95	9.63	520.00	-90.00	200.00	40.00	-13.96	-204.21	40.00	-1520.00	830.00	33.48	-3.66	39.94
-250.00	-1020.00	320.00	-0.37	-6.22	9.94	150.00	-740.00	-400.00	-12.50	-7.32	12.56	360.00	-250.00	160.00	44.94	-32.32	-227.38	40.00	-1520.00	830.00	31.52	1.83	31.46
-250.00	-1020.00	320.00	5.00	-12.07	15.85	140.00	-740.00	-400.00	-15.24	-8.23	14.45	510.00	-380.00	110.00	46.22	-40.55	-248.05	80.00	-840.00	560.00	25.73	6.89	26.52
-270.00	-1030.00	260.00	3.17	-14.09	30.79	160.00	-790.00	-360.00	-16.16	-8.66	15.67	400.00	-370.00	120.00	48.48	-45.00	-261.77	40.00	-970.00	520.00	25.73	6.89	26.52
-280.00	-1080.00	220.00	-0.49	-15.12	66.22	180.00	-800.00	-370.00	-14.33	-9.15	16.65	330.00	-490.00	180.00	50.18	-44.88	-271.34	40.00	-970.00	520.00	25.18	8.41	22.99
-280.00	-1080.00	220.00	24.57	-21.10	91.71	180.00	-820.00	-350.00	-11.04	-9.94	16.89	280.00	-590.00	170.00	51.89	-37.50	-276.95	70.00	-910.00	530.00	25.18	8.41	22.99
-270.00	-1080.00	230.00	30.00	-20.73	96.40	180.00	-880.00	-310.00	-6.65	-11.46	18.17	190.00	-700.00	150.00	56.34	-27.44	-280.43	30.00	-960.00	520.00	27.13	6.77	13.84
-270.00	-1080.00	230.00	35.55	-15.79	99.21	180.00	-890.00	-290.00	-1.40	-13.72	21.83	110.00	-770.00	150.00	57.99	-10.24	-285.18	30.00	-960.00	520.00	27.13	6.77	13.84
-270.00	-1140.00	250.00	35.55	-15.79	99.21	160.00	-900.00	-290.00	2.68	-15.85	27.44	0.00	-840.00	130.00	60.91	10.43	-287.80	-10.00	-1050.00	440.00	17.13	16.22	8.41
-270.00	-1140.00	250.00	41.16	-0.49	105.79	150.00	-900.00	-300.00	5.67	-18.96	33.78	-90.00	-950.00	110.00	65.43	28.78	-286.40	70.00	-740.00	670.00	17.13	16.22	8.41
-260.00	-1150.00	220.00	41.16	-0.49	105.79	130.00	-860.00	-340.00	8.05	-22.80	39.39	-170.00	-990.00	140.00	71.77	41.22	-284.51	-10.00	-890.00	580.00	15.85	12.56	9.27
-290.00	-1070.00	370.00	44.57	7.38	107.62	120.00	-830.00	-370.00	11.34	-25.43	44.63	-210.00	-1140.00	70.00	81.28	41.83	-282.62	-10.00	-890.00	580.00	15.30	16.83	8.05
-290.00	-1070.00	370.00	51.83	15.73	104.21	130.00	-800.00	-410.00	15.18	-27.87	49.82	-250.00	-1250.00	30.00	85.55	34.82	-280.55	80.00	-900.00	610.00	15.30	16.83	8.05
-280.00	-1150.00	380.00	55.98	21.95	107.74	160.00	-790.00	-430.00	17.44	-30.06	55.12	-260.00	-1390.00	-30.00	89.70	10.61	-278.84	80.00	-900.00	610.00	13.96	22.68	10.00
-360.00	-1130.00	410.00	55.98	21.95	107.74	170.00	-800.00	-430.00	20.30	-34.02	61.22	-330.00	-1530.00	-80.00	90.61	-22.26	-279.33	40.00	-920.00	590.00	13.96	22.68	10.00
-290.00	-1160.00	360.00	57.62	26.40	108.23	200.00	-830.00	-420.00	22.07	-36.40	68.41	-380.00	-1690.00	-110.00	86.83	-48.41	-280.43	40.00	-920.00	590.00	13.54	23.66	9.88
-300.00	-1200.00	420.00	67.56	39.88	111.95	220.00	-840.00	-440.00	23.60	-36.22	75.06	-430.00	-1780.00	-210.00	83.66	-69.33	-277.07	20.00	-890.00	600.00	13.54	23.66	9.88
-300.00	-1200.00	420.00	67.56	39.88	111.95	240.00	-820.00	-470.00	28.96	-36.22	80.79	-580.00	-1890.00	-190.00	82.13	-80.24	-269.88	20.00	-890.00	600.00	6.34	26.34	10.79
-220.00	-1390.00	410.00	74.15	51.59	116.71	230.00	-820.00	-460.00	35.49	-35.67	87.93	-800.00	-1930.00	-170.00	77.50	-87.20	-260.43	-0.00	-890.00	600.00	6.34	26.34	10.79
-220.00	-1390.00	410.00	81.71	64.02	122.93	220.00	-860.00	-440.00	40.18	-33.48	91.52	-1020.00	-1890.00	-130.00	71.04	-100.18	-249.57	0.00	-860.00	630.00	5.85	29.15	10.24
-300.00	-1400.00	380.00	86.83	69.51	134.88	220.00	-890.00	-430.00	46.34	-31.52	96.83	-1230.00	-1850.00	-20.00	64.51	-116.83	-237.26	20.00	-850.00	640.00	5.91	31.46	10.67
-210.00	-1500.00	540.00	86.83	69.51	134.88	180.00	-900.00	-410.00	52.99	-33.11	101.71	-1300.00	-1760.00	30.00	56.46	-113.84	-221.77	0.00	-850.00	630.00	5.85	32.62	10.98
-240.00	-1460.00	530.00	87.44	69.09	150.18	130.00	-940.00	-370.00	58.90	-37.13	103.23	-1300.00	-1720.00	90.00	42.20	-77.80	-199.21	0.00	-850.00	630.00	5.73	32.62	11.28
-240.00	-1460.00	530.00	84.45	72.68	164.51	90.00	-920.00	-360.00	60.79	-42.01	105.18	-1390.00	-1670.00	70.00	33.90	-68.23	-169.15	-30.00	-860.00	620.00	5.73	32.62	11.28
-290.00	-1540.00	640.00	78.35	76.46	180.73	60.00	-910.00	-370.00	63.72	-48.17	109.45	-1510.00	-1530.00	100.00	23.35	-41.34	-139.09	-30.00	-860.00	620.00	6.89	29.94	12.74
-250.00	-1570.00	490.00	71.65	69.76	195.24	80.00	-940.00	-380.00	72.56	-46.28	121.65	-1410.00	-1310.00	-90.00	12.38	3.72	-103.96	-40.00	-860.00	610.00	6.89	29.94	12.74
-250.00	-1610.00	360.00	75.43	74.94	207.74	100.00	-970.00	-380.00	77.01	-50.06	131.65	-1490.00	-1280.00	-160.00	7.07	35.12	-67.99	-60.00	-870.00	590.00	6.89	28.72	14.15
-110.00	-1810.00	270.00	74.39	85.79	223.72	100.00	-1000.00	-380.00	82.80	-55.00	147.26	-1650.00	-1250.00	-20.00	3.41	59.63	-32.07	-40.00	-870.00	610.00	6.65	28.29	15.18
-370.00	-1590.00	280.00	74.39	85.79	223.72	190.00	-1050.00	-440.00	82.56	-60.30	166.59	-1710.00	-1160.00	110.00	0.61	87.62	0.06	-40.00	-880.00	620.00	5.85	28.96	16.16
-180.00	-1480.00	590.00	67.99	90.30	235.24	280.00	-1160.00	-450.00	83.11	-72.13	186.16	-1670.00	-1100.00	130.00	0.43	110.43	28.96	-40.00	-880.00	620.00	5.85	28.96	16.16
-180.00	-1480.00	590.00	72.38	82.01	240.30	280.00	-1240.00	-380.00	82.87	-83.90	201.95	-1640.00	-1070.00	160.00	-4.94	103.84	52.87	-50.00	-850.00	640.00	4.76	29.39	17.32
-120.00	-1780.00	650.00	82.32	100.06	248.23	290.00	-1240.00	-370.00	89.45	-82.87	217.56	-1570.00	-1020.00	140.00	-31.34	65.30	62.07	-50.00	-850.00	640.00	3.90	29.70	18.48
10.00	-1830.00	460.00	82.32	100.06	248.23	190.00	-1250.00	-320.00	90.49	-81.77	228.96	-1450.00	-960.00	100.00	-62.87	11.65	69.45	-50.00	-830.00	660.00	3.90	30.43	19.27
-90.00	-1750.00	640.00	93.17	79.15	209.76	320.00	-1300.00	-410.00	91.34	-98.60	248.96	-1100.00	-1440.00	160.00	-77.50	-63.05	111.59	-70.00	-850.00	630.00	4.27	31.89	22.07
-90.00	-1750.00	640.00	76.59	59.76	165.37	410.00	-1280.00	-490.00	103.54	-102.87	261.65	-810.00	-1510.00	-240.00	-41.59	-110.67	139.76	-70.00	-870.00	630.00	4.27	31.89	22.07
30.00	-1940.00	720.00	76.59	59.76	165.37	480.00	-1210.00	-660.00	89.27	-115.98	267.68	-380.00	-950.00	-630.00	-4.15	-74.51	113.05	-70.00	-870.00	630.00	5.06	30.85	28.60
-570.00	-1830.00	360.00	38.60	-47.13	156.46	430.00	-1320.00	-650.00	76.40	-127.99	278.41	570.00	-1210.00	-360.00	-21.77	-85.98	105.55	-70.00	-890.00	620.00	5.00	29.70	31.28
-570.00	-1830.00	360.00	38.60	-47.13	156.46	490.00	-1320.00	-360.00	61.77	-95.06	260.24	1440.00	-2000.00	180.00	-38.54	-141.77	148.48	-100.00	-910.00	610.00	4.57	28.29	34.02
-450.00	-1360.00	330.00	14.21	-18.66	160.61	270.00	-1390.00	-270.00	29.33	-122.07	208.72	430.00	-910.00	-130.00	-21.22	-4.45	126.28	-100.00	-900.00	620.00	4.39	27.50	36.65
-590.00	-850.00	130.00	14.21	-18.66	160.61	670.00	-1470.00	-480.00	12.13	-117.20	131.10	-970.00	-1560.00	-1090.00	-9.70	-38.11	116.46	-100.00	-900.00	620.00	4.39	27.01	39.33
-490.00	-1200.00	-100.00	-17.80	-208.11	48.17	590.00	-1310.00	-330.00	-30.24	-154.63	80.18	-1640.00	-1940.00	-220.00	2.56	-73.48	123.84	-100.00	-900.00	640.00	3.90	24.09	44.94
-490.00	-1200.00	-100.00	-60.43	-227.20	-3.11	320.00	-1680.00	-180.00	-8.29	-218.72	93.48	-90.00	-1350.00	150.00	3.96	-35.91	115.37	-120.00	-920.00	610.00	3.11	21.16	48.17
140.00	-1280.00	410.00	-60.43	-227.20	-3.11	600.00	-1710.00	-290.00	38.35	-151.16	86.10	70.00	-1460.00	-270.00	-4.45	-19.76	100.98	-120.00	-920.00	610.00	3.11	21.16	48.17
-1120.00	-370.00	-510.00	-32.56	-172.38	-37.87	50.00	-1390.00	-530.00	28.60	-59.27	-23.48	-430.00	-1130.00	450.00	-22.07	12.87	78.29	-150.00	-950.00	570.00	2.20	19.57	51.22
-1120.00	-370.00	-510.00	-70.06	-119.76	-125.67	160.00	-1880.00	-500.00	31.52	-43.17	-87.68	-410.00	-1050.00	290.00	-25.37	8.48	70.06	-160.00	-970.00	560.00	1.77	19.57	53.90
330.00	-680.00	-190.00	-101.59	-89.09	-184.88	320.00	-1090.00	-380.00	22.74	-41.77	-102.44	-660.00	-1050.00	390.00	-16.10	2.13	64.94	-140.00	-960.00	600.00	0.91	20.06	56.04
330.00	-680.00	-190.00	-101.59	-89.09	-184.88	360.00	-1300.00	-660.00	15.85	-47.68	-115.37	-370.00	-1050.00	200.00	-19.15	29.09	56.77	-160.00	-910.00	620.00	0.00	21.71	58.96
630.00	-1260.00	-10.00	-109.02	-58.54	-207.68	880.00	-1030.00	-590.00	9.76	-52.44	-131.22	-230.00	-1050.00	-180.00	-31.89	71.16	48.17	-170.00	-880.00	630.00	-0.18	22.32	60.24
630.00	-1260.00	-10.00	-116.34	-1.65	-243.72	510.00	70.00	-460.00	-5.06	-49.45	-144.39	-240.00	-1040.00	-190.00	-33.84	80.43	38.41	-170.00	-880.00	630.00	-0.18	22.32	60.24
690.00	-570.00	-30.00	-116.34	-1.65	-243.72	-640.00	-450.00	-330.00	-24.94	-35.85	-153.78	-340.00	-1100.00	10.00	-12.99	44.76	29.39	-180.00	-920.00	670.00	-1.40	26.95	63.23
690.00	-570.00	-30.00	-119.63	18.11	-261.40	-10.00	-120.00	-340.00	-35.61	-13.05	-167.32	-270.00	-1080.00	150.00	0.37	21.71	25.67	-180.00	-910.00	680.00	-1.40	26.95	63.23
300.00	-350.00	70.00	-119.63	18.11	-261.40	410.00	-360.00	-460.00	-47.99	10.06	-184.33	-120.00	-1010.00	-60.00	6.16	10.91	25.79	-180.00	-910.00	680.00	0.73	33.29	67.01
360.00	-630.00	170.00	-120.43	48.05	-291.65	710.00	-350.00	-420.00	-66.89	32.44	-200.06	-90.00	-990.00	-200.00	10.55	0.06	24.63	-180.00	-940.00	700.00	2.38	39.94	75.55
330.00	-690.00	190.00	-120.43	48.05	-291.65	810.00	-290.00	-360.00	-83.29	56.22	-211.77	-110.00	-1030.00	-190.00	16.28	-20.73	24.76	-160.00	-970.00	730.00	2.32	49.45	89.51
330.00	-690.00	190.00	-121.34	50.55	-302.56	770.00	-270.00	-300.00	-94.09	78.96	-218.41	-60.00	-1010.00	-50.00	17.93	-27.44	25.43	-180.00	-970.00	700.00	2.32	49.45	89.51
150.00	-840.00	250.00	-125.37	35.73	-310.67	620.00	-350.00	-220.00	-102.01	98.54	-223.23	20.00	-1020.00	-110.00	14.39	-10.06	21.65	-180.00	-970.00	700.00	1.22	53.05	100.06
90.00	-940.00	300.00	-125.37	35.73	-310.67	400.00	-280.00	-150.00	-110.85	116.34	-227.93	-60.00	-970.00	-230.00	13.72	-2.13	15.06	-100.00	-1140.00	740.00	-1.40	65.61	119.45
90.00	-940.00	300.00	-128.11	22.13	-310.61	240.00	-270.00	-140.00	-117.44	132.13	-232.80	-170.00	-1090.00	150.00	12.20	0.00	11.65	-140.00	-1160.00	730.00	-1.40	65.61	119.45
-130.00	-1140.00	330.00	-131.52	-4.33	-310.61	170.00	-380.00	-130.00	-121.10	145.24	-239.15	-200.00	-1050.00	220.00	12.07	-2.99	11.52	-60.00	-1290.00	720.00	-3.41	73.48	129.70
-130.00	-1140.00	330.00	-126.46	-16.77	-310.06	140.00	-420.00	-150.00	-122.56	155.37	-247.68	-170.00	-1030.00	140.00	13.05	-8.48	13.35	-60.00	-1290.00	720.00	-6.59	94.57	150.06
-230.00	-1260.00	360.00	-118.23	-16.28	-308.78	130.00	-430.00	-160.00	-122.01	159.33	-258.11	-120.00	-1030.00	100.00	13.96	-2.07	14.45	-50.00	-1320.00	750.00	-6.59	94.57	150.06
-230.00	-1260.00	360.00	-118.23	-16.28	-308.78	150.00	-480.00	-160.00	-120.06	157.74	-268.90	-80.00	-1040.00	-10.00	14.70	2.32	15.43	-70.00	-1410.00	860.00	-3.84	107.38	160.18
-340.00	-1510.00	470.00	-102.93	-18.17	-285.06	150.00	-570.00	-160.00	-117.38	155.00	-277.62	-120.00	-1050.00	20.00	13.90	3.90	16.52	-70.00	-1410.00	860.00	-3.84	107.38	160.18
-340.00	-1510.00	470.00	-103.54	-16.59	-265.12	130.00	-650.00	-170.00	-115.91	149.39	-285.12	-120.00	-1060.00	60.00	12.01	5.24	17.68	70.00	-1410.00	880.00	0.91	124.76	177.01
-470.00	-1820.00	550.00	-103.54	-16.59	-265.12	120.00	-700.00	-180.00	-115.12	141.28	-292.13	-130.00	-1080.00	20.00	10.30	4.88	18.84	80.00	-1620.00	940.00	0.91	124.76	177.01
-890.00	-2000.00	570.00	-100.91	-24.15	-240.00	100.00	-780.00	-210.00	-113.78	133.72	-296.95	-120.00	-1050.00	40.00	9.76	3.60	19.57	70.00	-1650.00	930.00	0.91	124.76	177.01
-890.00	-2000.00	570.00	-105.00	-54.76	-200.37	130.00	-880.00	-240.00	-112.68	130.00	-297.68	-110.00	-1060.00	40.00	9.39	3.48	20.24	70.00	-1650.00	930.00	10.12	185.24	170.12
-930.00	-2000.00	580.00	-114.88	-93.84	-152.80	170.00	-990.00	-280.00	-110.43	129.27	-293.78	-130.00	-1040.00	20.00	8.41	2.38	21.10	170.00	-1780.00	900.00	16.22	203.41	163.84
-1100.00	-2000.00	370.00	-110.67	-191.46	-32.20	190.00	-1120.00	-330.00	-108.05	127.99	-286.59	-120.00	-1050.00	50.00	7.13	3.96	21.46	170.00	-1780.00	900.00	16.22	203.41	163.84
-1100.00	-2000.00	370.00	-110.67	-191.46	-32.20	210.00	-1260.00	-360.00	-107.38	121.83	-277.01	-110.00	-1040.00	40.00	5.73	7.74	20.85	-140.00	-1380.00	1040.00	-18.96	192.26	127.93
-1440.00	-2000.00	240.00	-78.84	-183.41	18.05	230.00	-1430.00	-400.00	-103.35	111.22	-267.13	-130.00	-1060.00	70.00	5.37	11.77	21.22	-140.00	-1380.00	1040.00	-18.96	192.26	127.93
-1440.00	-2000.00	240.00	-5.98	-93.17	36.10	230.00	-1580.00	-450.00	-101.10	97.62	-255.49	-140.00	-1040.00	90.00	5.67	13.84	21.89	-110.00	-1390.00	1000.00	-3.90	132.99	34.39
-1830.00	-1500.00	260.00	-5.98	-93.17	36.10	180.00	-1730.00	-520.00	-103.35	74.09	-240.91	-150.00	-1050.00	100.00	6.10	13.84	22.99	370.00	-1060.00	680.00	-16.46	66.71	-22.38
-1830.00	-1500.00	260.00	10.00	-56.34	32.20	70.00	-1860.00	-620.00	-100.55	39.27	-224.70	-160.00	-1050.00	80.00	5.98	12.80	23.96	370.00	-1060.00	680.00	-37.07	47.38	-66.89
-1310.00	-450.00	1490.00	24.39	-32.93	23.78	-40.00	-1940.00	-700.00	-98.72	-6.34	-207.93	-160.00	-1040.00	80.00	5.98	11.83	24.02	-560.00	120.00	530.00	-44.88	-8.29	-91.28
-1310.00	-450.00	1490.00	40.37	-29.39	28.60	-70.00	-1990.00	-740.00	-93.23	-61.34	-189.57	-150.00	-1040.00	60.00	5.37	10.43	24.51	-560.00	120.00	530.00	-44.88	-8.29	-91.28
-1170.00	-500.00	1320.00	52.62	-26.28	37.74	-50.00	-2000.00	-720.00	-94.76	-113.78	-167.56	-150.00	-1020.00	70.00	4.70	9.82	25.49	120.00	-180.00	230.00	-19.76	-53.54	-131.46
-950.00	-740.00	990.00	52.62	-26.28	37.74	-60.00	-1960.00	-710.00	-94.33	-149.94	-136.04	-160.00	-1030.00	30.00	3.72	9.57	27.01	190.00	-350.00	150.00	-19.76	-53.54	-131.46
-990.00	-970.00	790.00	62.26	31.40	52.20	-90.00	-1920.00	-800.00	-68.78	-142.32	-99.09	-160.00	-1030.00	40.00	2.20	10.49	28.35	150.00	-390.00	110.00	-18.84	-81.22	-140.37
-920.00	-990.00	730.00	62.26	31.40	52.20	-170.00	-1800.00	-920.00	-11.04	-101.95	-64.82	-150.00	-1050.00	70.00	1.16	10.98	29.57	-50.00	-320.00	100.00	-5.85	-108.72	-154.57
-920.00	-990.00	730.00	64.51	110.12	34.21	-300.00	-1770.00	-890.00	43.23	-63.29	-24.51	-170.00	-1060.00	70.00	0.73	11.65	30.79	-140.00	-390.00	120.00	-5.85	-108.72	-154.57
-590.00	-720.00	830.00	49.09	90.37	99.33	-400.00	-1680.00	-820.00	64.45	-35.55	18.96	-180.00	-1060.00	90.00	0.12	12.56	31.83	-110.00	-410.00	160.00	-3.54	-120.79	-160.67
-590.00	-720.00	830.00	49.09	90.37	99.33	-570.00	-1670.00	-590.00	69.63	-3.11	36.28	-180.00	-1040.00	100.00	-0.85	12.44	33.11	-130.00	-440.00	170.00	-2.26	-130.49	-164.70
-440.00	-750.00	700.00	19.57	82.07	132.26	-770.00	-1690.00	-50.00	57.38	13.96	37.38	-180.00	-1040.00	110.00	-1.34	13.48	34.94	-190.00	-460.00	210.00	-2.20	-136.22	-193.17
-250.00	-820.00	550.00	103.41	105.18	102.62	-1070.00	-1510.00	620.00	38.54	19.57	40.12	-210.00	-1040.00	60.00	-1.28	13.48	36.83	-200.00	-480.00	230.00	-2.20	-136.22	-193.17
440.00	-1650.00	530.00	103.41	105.18	102.62	-1420.00	-1040.00	840.00	23.54	31.83	51.40	-200.00	-1040.00	70.00	-1.34	12.38	38.60	-200.00	-480.00	230.00	-0.98	-131.34	-198.35
440.00	-1650.00	530.00	103.41	105.18	102.62	-1550.00	-730.00	480.00	24.88	40.30	68.54	-180.00	-1060.00	70.00	-1.52	11.04	40.49	-190.00	-520.00	300.00	4.33	-125.30	-204.63
-800.00	-1390.00	30.00	66.52	177.44	135.61	-1320.00	-780.00	140.00	15.61	34.70	105.30	-190.00	-1050.00	50.00	-2.07	9.63	42.38	-210.00	-770.00	430.00	12.80	-123.96	-209.21
200.00	-1380.00	-1330.00	22.99	12.50	225.00	-1090.00	-890.00	-10.00	-37.44	47.50	130.30	-190.00	-1060.00	20.00	-3.35	7.56	44.33	-210.00	-770.00	430.00	30.00	-134.09	-212.13
200.00	-1380.00	-1330.00	22.99	12.50	225.00	-820.00	-1090.00	10.00	33.54	17.99	132.32	-190.00	-1060.00	30.00	-4.09	7.01	46.59	-380.00	-990.00	520.00	33.05	-140.12	-212.32
980.00	-1070.00	580.00	6.52	-72.87	262.80	-460.00	-1250.00	100.00	63.54	-26.34	147.44	-170.00	-1070.00	10.00	-4.63	6.16	49.21	-500.00	-1070.00	580.00	24.09	-164.76	-181.10
-830.00	-360.00	1650.00	-39.88	-48.17	258.05	-270.00	-1220.00	80.00	73.11	-33.90	189.09	-200.00	-1070.00	30.00	-4.82	5.49	51.22	-500.00	-1070.00	580.00	24.09	-164.76	-181.10
-830.00	-360.00	1650.00	73.23	-41.83	114.15	-330.00	-980.00	-40.00	80.67	-5.49	197.20	-200.00	-1080.00	30.00	-5.43	2.93	52.74	-730.00	-1170.00	680.00	25.30	-152.99	-152.56
-830.00	-360.00	1650.00	73.78	3.41	81.34	-300.00	-830.00	-200.00	59.02	10.91	198.35	-220.00	-1060.00	50.00	-6.83	0.18	54.09	-870.00	-1220.00	730.00	28.96	-142.80	-140.49
-790.00	-1010.00	1020.00	81.59	-18.41	55.67	-410.00	-1950.00	-330.00	54.45	23.48	197.93	-210.00	-1070.00	10.00	-8.17	-2.13	56.04	-1100.00	-1270.00	1010.00	28.96	-142.80	-140.49
-790.00	-1010.00	1020.00	70.30	-12.74	43.60	-240.00	-440.00	-370.00	32.68	-37.32	178.41	-210.00	-1050.00	-50.00	-9.02	-2.80	58.23	-1160.00	-1260.00	1080.00	34.57	-133.29	-127.20
-390.00	-1410.00	330.00	56.59	-28.60	25.67	170.00	-210.00	-1090.00	-3.48	-64.88	172.74	-220.00	-1080.00	-60.00	-9.82	-3.05	60.18	-1230.00	-1240.00	1120.00	38.60	-119.45	-115.98
-740.00	-1450.00	-90.00	37.99	-22.56	20.61	1670.00	100.00	-1630.00	-34.51	-25.49	167.74	-240.00	-1070.00	-30.00	-10.49	-3.11	61.40	-1280.00	-1240.00	1110.00	36.46	-94.63	-110.85
-700.00	-1180.00	-80.00	25.49	-17.07	16.04	1020.00	-40.00	-1090.00	-28.84	35.30	140.12	-260.00	-1090.00	10.00	-10.73	-4.09	62.26	-1230.00	-1160.00	1020.00	29.33	-63.48	-106.89
-200.00	-890.00	320.00	18.29	-8.84	12.38	540.00	-1470.00	610.00	4.57	40.61	94.76	-300.00	-1070.00	40.00	-10.49	-5.49	63.41	-1090.00	-1040.00	880.00	22.80	-30.67	-99.33
-200.00	-890.00	320.00	18.29	-8.84	12.38	-190.00	-2000.00	1060.00	-4.70	4.82	88.23	-310.00	-1050.00	40.00	-9.45	-4.88	65.18	-980.00	-970.00	790.00	22.80	-30.67	-99.33
-320.00	-870.00	420.00	12.38	-5.61	11.40	860.00	-1990.00	230.00	-12.44	26.34	72.68	-310.00	-1070.00	50.00	-7.44	-2.80	66.46	-980.00	-970.00	790.00	1.77	57.56	-79.27
-370.00	-900.00	400.00	5.49	-3.41	10.79	1120.00	-2000.00	360.00	15.61	26.83	48.96	-320.00	-1100.00	40.00	-5.00	-2.68	69.45	-890.00	-940.00	710.00	1.77	57.56	-79.27
-370.00	-900.00	400.00	-0.67	1.16	8.96	280.00	-1940.00	-60.00	10.37	3.29	56.46	-330.00	-1110.00	60.00	-0.73	-3.90	72.87	-820.00	-880.00	620.00	-4.82	71.22	-70.67
-270.00	-980.00	420.00	-0.67	1.16	8.96	-730.00	-1180.00	-880.00	13.54	3.78	44.94	-340.00	-1160.00	60.00	0.98	-1.34	76.83	-760.00	-830.00	550.00	-9.82	78.60	-51.46
-290.00	-1020.00	310.00	-17.44	18.11	-14.82	-1070.00	-660.00	-1020.00	9.21	-1.16	40.73	-370.00	-1130.00	70.00	1.16	1.28	81.83	-720.00	-780.00	530.00	-28.11	68.96	-22.32
-290.00	-1000.00	370.00	-16.71	17.99	-19.33	120.00	-830.00	-250.00	-0.30	-3.23	34.39	-310.00	-1180.00	50.00	-1.52	1.28	87.56	-490.00	-850.00	790.00	-50.37	82.56	28.05
-290.00	-1000.00	370.00	-16.71	17.99	-19.33	90.00	-1140.00	-430.00	-1.77	-5.00	28.35	-350.00	-1160.00	50.00	-4.70	2.56	96.22	-490.00	-850.00	790.00	-50.37	82.56	28.05
-240.00	-940.00	440.00	-20.24	21.34	-23.41	-630.00	-590.00	-670.00	-0.18	-6.71	22.38	-340.00	-1170.00	40.00	-6.71	1.22	107.32	-210.00	-1640.00	270.00	71.89	-34.88	54.63
-240.00	-940.00	440.00	-24.45	25.12	-23.23	610.00	-950.00	-290.00	-2.93	-6.65	19.51	-230.00	-1300.00	0.00	-10.18	-3.11	117.20	-210.00	-1640.00	270.00	71.89	-34.88	54.63
-280.00	-980.00	370.00	-31.95	30.24	-25.18	-90.00	-980.00	-270.00	-6.16	-5.73	16.04	-280.00	-1320.00	-10.00	-13.05	-3.48	128.54	-1460.00	-1900.00	-80.00	35.49	-21.04	70.91
-290.00	-1010.00	280.00	-31.95	30.24	-25.18	270.00	-930.00	-220.00	-8.23	-6.10	11.34	-230.00	-1340.00	0.00	-17.07	-6.71	140.73	-820.00	-2000.00	1010.00	12.99	-17.68	56.89
-280.00	-990.00	320.00	-25.79	25.24	-25.06	90.00	-1020.00	-220.00	-7.38	-6.83	5.49	-220.00	-1440.00	-60.00	-20.85	-7.80	151.10	-190.00	-610.00	730.00	13.84	-32.20	45.85
-280.00	-990.00	320.00	-21.22	21.22	-24.63	220.00	-920.00	-330.00	-6.10	-6.95	-0.18	-240.00	-1410.00	-80.00	-24.33	-10.12	163.29	-190.00	-610.00	730.00	2.93	-5.06	13.48
-250.00	-1000.00	330.00	-21.22	21.22	-24.63	130.00	-830.00	-350.00	-4.45	-6.95	-4.39	-240.00	-1450.00	-120.00	-27.87	-6.95	178.17	-60.00	-810.00	700.00	2.93	-5.06	13.48
-250.00	-990.00	330.00	-13.72	14.57	-22.13	190.00	-890.00	-320.00	-1.65	-7.56	-7.56	-260.00	-1580.00	-10.00	-33.41	0.73	190.55	-60.00	-810.00	700.00	-5.55	5.61	-1.28
-250.00	-990.00	330.00	-13.72	14.57	-22.13	140.00	-900.00	-250.00	0.00	-8.90	-9.51	-180.00	-1680.00	-10.00	-40.30	0.37	202.87	-10.00	-770.00	610.00	-6.65	10.73	-2.01
-250.00	-1040.00	240.00	-10.18	10.91	-19.76	140.00	-910.00	-260.00	0.06	-9.88	-10.73	-210.00	-1740.00	20.00	-41.65	3.48	214.15	100.00	-840.00	550.00	-6.65	10.73	-2.01
-230.00	-1030.00	220.00	-7.44	7.80	-15.98	140.00	-830.00	-330.00	-1.52	-9.45	-11.77	-110.00	-1840.00	0.00	-36.34	9.02	225.61	0.00	-1020.00	490.00	9.45	-8.60	7.87
-230.00	-1030.00	220.00	-5.79	5.85	-11.46	110.00	-780.00	-360.00	-5.73	-8.35	-13.96	-10.00	-2000.00	-0.00	-36.95	2.20	230.55	0.00	-1020.00	490.00	14.94	-17.62	6.28
-230.00	-1040.00	220.00	-6.95	3.17	-2.74	120.00	-770.00	-360.00	-5.73	-8.35	-13.96	-130.00	-1900.00	-50.00	-33.60	22.13	235.18	10.00	-940.00	530.00	9.70	-21.04	5.06
-220.00	-1040.00	240.00	-8.05	2.68	2.93	130.00	-770.00	-380.00	-7.07	-7.50	-14.33	-130.00	-1930.00	-80.00	-24.15	19.21	235.61	10.00	-870.00	540.00	9.70	-21.04	5.06
-210.00	-1040.00	240.00	-8.05	2.68	2.93	150.00	-780.00	-390.00	-8.84	-6.65	-11.77	-190.00	-1710.00	60.00	-22.01	2.50	220.61	60.00	-870.00	600.00	9.70	-21.04	5.06
-190.00	-1050.00	250.00	-2.68	-1.10	2.50	160.00	-800.00	-370.00	-8.84	-6.65	-11.77	-0.00	-1920.00	140.00	-6.16	53.78	201.59	160.00	-830.00	620.00	0.98	1.16	0.37
-190.00	-1050.00	250.00	-0.55	-2.50	3.41	150.00	-830.00	-330.00	-7.20	-7.13	-10.79	-340.00	-1480.00	180.00	2.62	100.91	168.78	160.00	-830.00	620.00	0.98	-0.18	0.67
-190.00	-1040.00	280.00	-0.55	-2.50	3.41	150.00	-850.00	-320.00	-2.80	-8.23	-8.96	-380.00	-1250.00	210.00	-1.77	110.24	136.59	40.00	-870.00	580.00	0.55	-2.87	2.26
-190.00	-1040.00	280.00	3.05	-5.55	5.30	170.00	-850.00	-320.00	-2.80	-8.23	-8.96	-40.00	-1070.00	180.00	-4.02	109.94	149.15	40.00	-870.00	580.00	0.30	-5.55	3.48
-220.00	-1030.00	250.00	3.05	-5.55	5.30	150.00	-850.00	-300.00	-1.71	-8.66	-7.44	210.00	-860.00	270.00	13.66	109.02	138.60	30.00	-900.00	560.00	0.30	-5.55	3.48
