LLACx	LLACy	LLACz	LLGYx	LLGYy	LLGYz	LMACx	LMACy	LMACz	LMGYx	LMGYy	LMGYz	RLACx	RLACy	RLACz	RLGYx	RLGYy	RLGYz	RMACx	RMACy	RMACz	RMGYx	RMGYy	RMGYz
-440.00	-1050.00	450.00	34.45	14.57	78.66	-60.00	-490.00	-380.00	-35.79	-65.30	49.27	-110.00	-1050.00	100.00	7.44	-8.05	6.16	50.00	-910.00	580.00	3.23	-0.73	4.02
-260.00	-1010.00	320.00	0.12	-0.61	0.91	110.00	-830.00	-340.00	-0.18	-0.61	0.61	70.00	-1030.00	50.00	0.06	0.12	0.61	190.00	-890.00	540.00	-1.22	-1.22	0.98
-260.00	-1010.00	320.00	0.12	-0.73	0.85	110.00	-840.00	-340.00	-0.24	-0.55	0.43	80.00	-1030.00	50.00	0.00	0.12	0.61	180.00	-880.00	540.00	-1.10	-1.16	0.91
-260.00	-1000.00	320.00	0.12	-0.79	0.91	120.00	-840.00	-350.00	-0.06	-0.49	0.43	70.00	-1030.00	50.00	-0.06	0.00	0.61	180.00	-890.00	540.00	-1.04	-1.04	0.85
-250.00	-1010.00	320.00	0.12	-0.73	0.98	110.00	-830.00	-350.00	-0.12	-0.43	0.49	70.00	-1040.00	60.00	-0.37	0.30	0.43	190.00	-880.00	540.00	-1.04	-0.98	0.85
-260.00	-1000.00	320.00	0.12	-0.67	0.98	120.00	-830.00	-340.00	-0.18	-0.30	0.37	80.00	-1030.00	50.00	-0.73	0.43	0.37	190.00	-890.00	540.00	-1.04	-0.91	0.73
-260.00	-1000.00	320.00	0.18	-0.61	0.91	110.00	-840.00	-340.00	-0.18	-0.37	0.30	80.00	-1030.00	60.00	-0.85	0.67	0.24	190.00	-880.00	540.00	-0.98	-0.85	0.79
-260.00	-1010.00	320.00	0.12	-0.73	0.98	110.00	-830.00	-340.00	-0.18	-0.30	0.30	70.00	-1030.00	60.00	-0.85	0.73	0.24	180.00	-890.00	540.00	-0.85	-1.04	0.73
-260.00	-1010.00	320.00	0.12	-0.67	0.98	110.00	-830.00	-340.00	-0.30	-0.24	0.37	80.00	-1030.00	60.00	-0.67	0.55	0.12	190.00	-890.00	540.00	-0.98	-1.16	0.79
-260.00	-1000.00	320.00	0.18	-0.61	0.98	110.00	-830.00	-340.00	-0.30	-0.18	0.37	70.00	-1030.00	60.00	-0.49	0.24	0.12	180.00	-890.00	540.00	-0.91	-1.28	0.85
-260.00	-1000.00	320.00	0.18	-0.61	1.04	110.00	-830.00	-340.00	-0.30	-0.18	0.24	70.00	-1030.00	50.00	-0.37	0.18	0.06	190.00	-880.00	530.00	-1.04	-1.34	0.91
-260.00	-1010.00	320.00	0.12	-0.55	1.04	110.00	-830.00	-340.00	-0.24	-0.18	0.37	70.00	-1030.00	60.00	-0.55	0.24	0.06	190.00	-880.00	540.00	-1.10	-1.34	0.98
-260.00	-1000.00	330.00	0.18	-0.37	1.04	120.00	-830.00	-340.00	-0.18	-0.06	0.37	70.00	-1030.00	50.00	-0.55	0.30	-0.06	180.00	-890.00	540.00	-1.16	-1.34	1.04
-260.00	-1000.00	320.00	0.24	-0.24	0.98	110.00	-840.00	-340.00	-0.37	-0.12	0.43	80.00	-1030.00	60.00	-0.37	0.24	-0.06	190.00	-880.00	540.00	-1.10	-1.10	1.04
-260.00	-1000.00	320.00	0.06	-0.30	0.91	110.00	-830.00	-340.00	-0.37	-0.12	0.49	70.00	-1030.00	60.00	-0.12	0.18	0.12	190.00	-880.00	540.00	-1.16	-0.91	0.91
-260.00	-1010.00	320.00	0.06	-0.24	0.85	110.00	-830.00	-350.00	-0.30	-0.18	0.55	80.00	-1030.00	50.00	0.24	0.18	0.18	190.00	-880.00	540.00	-1.10	-0.67	0.85
-260.00	-1000.00	320.00	0.12	-0.18	0.79	110.00	-830.00	-340.00	-0.37	-0.18	0.61	70.00	-1030.00	60.00	0.61	-0.06	0.12	180.00	-890.00	540.00	-1.04	-0.61	0.79
-260.00	-1010.00	320.00	0.12	-0.24	0.85	110.00	-840.00	-340.00	-0.43	-0.24	0.67	70.00	-1040.00	50.00	0.49	-0.06	0.18	190.00	-890.00	540.00	-1.16	-0.49	0.73
-260.00	-1010.00	320.00	0.12	-0.30	0.79	120.00	-830.00	-340.00	-0.30	-0.30	0.55	80.00	-1030.00	50.00	0.12	0.12	0.06	190.00	-890.00	540.00	-1.04	-0.55	0.73
-260.00	-1000.00	320.00	0.12	-0.37	0.91	120.00	-830.00	-340.00	-0.37	-0.43	0.49	70.00	-1030.00	60.00	0.00	0.06	0.00	190.00	-890.00	530.00	-0.91	-0.49	0.61
-260.00	-1010.00	320.00	0.12	-0.30	0.91	120.00	-840.00	-340.00	-0.30	-0.30	0.49	70.00	-1030.00	60.00	-0.06	0.12	-0.12	190.00	-890.00	540.00	-0.91	-0.61	0.55
-260.00	-1000.00	320.00	0.18	-0.37	0.91	110.00	-840.00	-350.00	-0.30	-0.24	0.37	70.00	-1030.00	50.00	-0.12	0.24	-0.12	190.00	-890.00	540.00	-1.04	-0.55	0.55
-260.00	-1010.00	320.00	0.18	-0.30	0.79	120.00	-830.00	-340.00	-0.18	-0.24	0.30	70.00	-1030.00	50.00	-0.12	0.49	-0.12	180.00	-890.00	540.00	-0.91	-0.55	0.49
-260.00	-1000.00	320.00	0.06	-0.30	0.73	110.00	-840.00	-340.00	-0.30	-0.24	0.37	70.00	-1030.00	60.00	0.00	0.24	-0.12	190.00	-890.00	540.00	-0.85	-0.49	0.49
-260.00	-1000.00	320.00	0.06	-0.37	0.73	110.00	-830.00	-340.00	-0.37	-0.30	0.43	70.00	-1030.00	60.00	0.12	0.18	-0.12	190.00	-890.00	540.00	-0.85	-0.55	0.43
-260.00	-1000.00	320.00	0.06	-0.37	0.61	110.00	-840.00	-350.00	-0.24	-0.18	0.37	70.00	-1030.00	60.00	0.30	0.06	-0.12	190.00	-890.00	540.00	-0.79	-0.61	0.30
-260.00	-1000.00	320.00	0.00	-0.43	0.61	110.00	-830.00	-350.00	-0.24	-0.12	0.37	70.00	-1030.00	50.00	0.37	0.00	-0.18	190.00	-890.00	540.00	-0.67	-0.79	0.37
-260.00	-1010.00	320.00	0.12	-0.61	0.73	110.00	-840.00	-340.00	-0.24	-0.12	0.30	70.00	-1040.00	60.00	0.06	0.06	-0.12	180.00	-890.00	530.00	-0.85	-0.73	0.30
-260.00	-1010.00	320.00	0.06	-0.61	0.73	110.00	-830.00	-350.00	-0.37	-0.18	0.24	70.00	-1030.00	50.00	0.00	0.18	-0.12	190.00	-880.00	530.00	-0.79	-0.67	0.24
-260.00	-1000.00	320.00	0.06	-0.61	0.73	110.00	-840.00	-340.00	-0.24	-0.12	0.18	70.00	-1030.00	60.00	0.00	0.18	-0.12	180.00	-890.00	540.00	-0.85	-0.55	0.30
-260.00	-1000.00	320.00	0.18	-0.85	0.79	110.00	-840.00	-350.00	-0.24	0.06	0.12	80.00	-1030.00	50.00	-0.06	0.24	-0.37	190.00	-890.00	540.00	-0.85	-0.49	0.30
-260.00	-1010.00	320.00	0.18	-0.85	0.79	110.00	-830.00	-350.00	-0.37	0.06	0.12	70.00	-1030.00	60.00	-0.06	0.30	-0.37	180.00	-890.00	540.00	-0.67	-0.43	0.30
-260.00	-1000.00	320.00	0.18	-0.85	0.79	110.00	-830.00	-340.00	-0.37	0.06	0.12	70.00	-1030.00	60.00	0.06	0.12	-0.30	190.00	-890.00	540.00	-0.61	-0.43	0.24
-260.00	-1000.00	320.00	0.12	-0.67	0.67	110.00	-840.00	-340.00	-0.43	0.18	0.12	70.00	-1030.00	60.00	0.06	0.06	-0.37	190.00	-890.00	540.00	-0.61	-0.49	0.18
-260.00	-1000.00	320.00	0.12	-0.67	0.67	110.00	-840.00	-340.00	-0.43	0.12	0.12	70.00	-1030.00	50.00	-0.12	0.24	-0.43	190.00	-890.00	540.00	-0.73	-0.55	0.24
-260.00	-1000.00	320.00	0.12	-0.67	0.67	120.00	-830.00	-340.00	-0.43	0.24	0.00	70.00	-1030.00	60.00	-0.24	0.18	-0.49	190.00	-890.00	540.00	-0.67	-0.67	0.24
-260.00	-1010.00	320.00	0.30	-0.79	0.73	110.00	-830.00	-340.00	-0.43	0.37	-0.12	70.00	-1030.00	50.00	-0.37	0.18	-0.67	190.00	-890.00	530.00	-0.61	-0.73	0.18
-260.00	-1010.00	320.00	0.30	-0.79	0.73	110.00	-830.00	-340.00	-0.30	0.37	-0.12	70.00	-1030.00	50.00	-0.55	0.30	-0.67	190.00	-890.00	540.00	-0.67	-0.67	0.12
-260.00	-1010.00	320.00	0.30	-0.79	0.73	110.00	-830.00	-340.00	-0.30	0.30	-0.18	80.00	-1030.00	60.00	-0.55	0.43	-0.79	180.00	-890.00	540.00	-0.61	-0.61	0.18
-260.00	-1010.00	320.00	0.43	-0.79	0.73	110.00	-830.00	-340.00	-0.37	0.30	-0.12	70.00	-1040.00	50.00	-0.43	0.55	-0.85	180.00	-890.00	540.00	-0.67	-0.55	0.12
-260.00	-1010.00	320.00	0.43	-0.79	0.73	110.00	-840.00	-340.00	-0.37	0.37	-0.06	70.00	-1030.00	50.00	-0.37	0.55	-0.91	180.00	-890.00	540.00	-0.61	-0.30	0.12
-260.00	-1010.00	320.00	0.43	-0.79	0.73	110.00	-830.00	-350.00	-0.24	0.30	-0.06	70.00	-1030.00	60.00	-0.43	0.37	-0.98	180.00	-890.00	540.00	-0.49	-0.30	0.12
-260.00	-1010.00	320.00	0.43	-0.85	0.73	110.00	-830.00	-340.00	-0.24	0.24	-0.06	70.00	-1030.00	60.00	-0.49	0.37	-0.98	180.00	-890.00	530.00	-0.55	-0.30	0.06
-260.00	-1010.00	320.00	0.30	-1.10	0.61	120.00	-840.00	-340.00	-0.30	0.30	0.06	70.00	-1030.00	50.00	-0.55	0.37	-0.98	190.00	-890.00	530.00	-0.49	-0.30	0.00
-260.00	-1010.00	320.00	0.30	-1.10	0.61	120.00	-840.00	-340.00	-0.24	0.24	0.12	70.00	-1030.00	50.00	-0.30	0.18	-0.85	180.00	-880.00	530.00	-0.43	0.12	-0.37
-260.00	-1010.00	320.00	0.24	-1.04	0.61	110.00	-840.00	-340.00	-0.30	0.30	0.12	70.00	-1030.00	50.00	-0.18	-0.12	-0.85	190.00	-890.00	530.00	-0.43	0.12	-0.37
-260.00	-1000.00	320.00	0.49	-1.28	0.67	110.00	-830.00	-340.00	-0.24	0.37	0.00	70.00	-1030.00	60.00	-0.30	0.12	-0.91	190.00	-880.00	530.00	-0.43	0.12	-0.37
-260.00	-1000.00	320.00	0.49	-1.28	0.67	120.00	-830.00	-340.00	-0.24	0.43	-0.12	70.00	-1030.00	60.00	-0.12	0.06	-0.91	190.00	-890.00	530.00	-0.37	0.18	-0.30
-260.00	-1000.00	320.00	0.49	-1.28	0.73	110.00	-830.00	-340.00	-0.18	0.49	-0.18	70.00	-1030.00	50.00	-0.18	0.00	-0.85	190.00	-890.00	530.00	-0.37	0.18	-0.30
-260.00	-1000.00	320.00	0.49	-1.28	0.67	120.00	-830.00	-350.00	-0.30	0.61	-0.18	70.00	-1030.00	50.00	-0.30	0.24	-0.98	190.00	-890.00	540.00	-0.12	0.00	-0.43
-260.00	-1000.00	320.00	0.37	-1.46	0.43	110.00	-840.00	-340.00	-0.24	0.73	-0.30	70.00	-1030.00	60.00	-0.55	0.37	-0.98	190.00	-890.00	540.00	-0.12	0.00	-0.43
-260.00	-1000.00	320.00	0.37	-1.46	0.43	110.00	-830.00	-340.00	-0.30	0.73	-0.37	80.00	-1030.00	50.00	-0.55	0.43	-0.98	190.00	-890.00	540.00	-0.12	0.00	-0.43
-260.00	-1010.00	310.00	0.37	-1.46	0.43	110.00	-830.00	-340.00	-0.30	0.73	-0.43	70.00	-1030.00	50.00	-0.43	0.24	-1.10	190.00	-890.00	540.00	-0.18	0.12	-0.43
-270.00	-1000.00	320.00	0.37	-1.46	0.43	110.00	-830.00	-340.00	-0.43	0.85	-0.37	80.00	-1030.00	50.00	-0.37	0.18	-1.10	180.00	-890.00	530.00	-0.18	0.12	-0.43
-270.00	-1000.00	320.00	0.37	-1.89	0.49	110.00	-830.00	-340.00	-0.37	0.98	-0.43	70.00	-1030.00	50.00	-0.49	0.18	-1.04	190.00	-890.00	540.00	-0.18	0.12	-0.43
-260.00	-1000.00	310.00	0.37	-1.89	0.49	110.00	-830.00	-340.00	-0.43	1.04	-0.49	70.00	-1030.00	50.00	-0.61	0.30	-1.10	190.00	-890.00	540.00	-0.18	0.24	-0.49
-260.00	-1010.00	320.00	0.37	-1.89	0.49	110.00	-830.00	-340.00	-0.43	1.10	-0.55	70.00	-1030.00	50.00	-0.67	0.43	-1.04	190.00	-890.00	540.00	-0.18	0.30	-0.43
-260.00	-1000.00	320.00	0.67	-2.01	0.55	120.00	-830.00	-350.00	-0.55	1.28	-0.73	80.00	-1030.00	60.00	-0.73	0.43	-1.10	190.00	-890.00	540.00	-0.18	0.30	-0.43
-260.00	-1010.00	310.00	0.67	-2.01	0.55	120.00	-830.00	-340.00	-0.55	1.40	-0.85	80.00	-1040.00	50.00	-0.91	0.49	-1.16	180.00	-880.00	540.00	-0.18	0.30	-0.43
-260.00	-1000.00	320.00	0.67	-2.01	0.55	110.00	-830.00	-340.00	-0.43	1.40	-0.98	80.00	-1030.00	50.00	-1.16	0.67	-1.16	180.00	-890.00	540.00	-0.12	0.43	-0.55
-260.00	-1000.00	320.00	0.55	-1.89	0.61	120.00	-830.00	-340.00	-0.49	1.34	-1.10	80.00	-1030.00	60.00	-1.16	0.61	-1.16	180.00	-890.00	540.00	-0.12	0.43	-0.55
-260.00	-1000.00	320.00	0.73	-2.01	0.67	110.00	-830.00	-340.00	-0.49	1.34	-0.91	70.00	-1030.00	50.00	-1.34	0.79	-1.22	190.00	-890.00	540.00	-0.12	0.43	-0.55
-260.00	-1000.00	320.00	0.73	-2.01	0.67	110.00	-830.00	-340.00	-0.55	1.34	-0.91	70.00	-1030.00	50.00	-1.46	0.85	-1.10	190.00	-880.00	540.00	-0.12	0.43	-0.55
-260.00	-1000.00	320.00	0.67	-1.95	0.61	110.00	-830.00	-340.00	-0.43	1.22	-0.79	70.00	-1030.00	60.00	-1.34	0.98	-1.16	190.00	-880.00	540.00	0.00	0.55	-0.55
-260.00	-1010.00	320.00	0.61	-1.77	0.61	110.00	-830.00	-340.00	-0.37	1.16	-0.61	80.00	-1030.00	50.00	-1.10	0.55	-1.10	190.00	-880.00	540.00	0.00	0.55	-0.55
-260.00	-1010.00	320.00	0.67	-1.77	0.67	120.00	-830.00	-340.00	-0.43	1.10	-0.55	80.00	-1030.00	60.00	-1.10	0.79	-0.98	190.00	-890.00	540.00	0.00	0.55	-0.55
-260.00	-1010.00	320.00	0.73	-1.71	0.67	120.00	-840.00	-340.00	-0.49	1.16	-0.61	80.00	-1030.00	60.00	-1.10	0.43	-0.98	190.00	-890.00	540.00	-0.18	0.67	-0.61
-250.00	-1010.00	320.00	0.79	-1.65	0.91	120.00	-840.00	-340.00	-0.61	1.10	-0.61	80.00	-1030.00	50.00	-1.10	0.55	-1.10	190.00	-890.00	540.00	-0.18	0.67	-0.61
-260.00	-1000.00	320.00	0.91	-1.46	0.98	120.00	-830.00	-340.00	-0.61	1.16	-0.55	80.00	-1030.00	50.00	-1.16	0.61	-1.10	190.00	-890.00	540.00	-0.18	0.67	-0.61
-260.00	-1000.00	320.00	0.91	-1.52	1.10	120.00	-830.00	-340.00	-0.61	1.34	-0.61	70.00	-1030.00	60.00	-1.22	0.67	-1.16	180.00	-890.00	540.00	-0.18	0.67	-0.61
-260.00	-1010.00	320.00	0.91	-1.59	1.22	120.00	-830.00	-340.00	-0.55	1.16	-0.43	80.00	-1030.00	50.00	-1.16	0.98	-1.22	180.00	-890.00	540.00	0.00	0.49	-0.55
-260.00	-1010.00	320.00	1.04	-1.59	1.28	120.00	-830.00	-350.00	-0.49	1.10	-0.24	80.00	-1030.00	50.00	-0.98	0.91	-1.28	180.00	-890.00	540.00	0.00	0.49	-0.55
-260.00	-1000.00	320.00	0.91	-1.65	1.34	120.00	-840.00	-340.00	-0.67	0.98	0.00	80.00	-1030.00	50.00	-0.85	0.85	-1.34	180.00	-890.00	540.00	0.00	0.49	-0.55
-260.00	-1010.00	320.00	0.91	-1.52	1.40	110.00	-830.00	-340.00	-0.55	0.79	0.24	80.00	-1030.00	50.00	-0.79	0.73	-1.34	180.00	-890.00	540.00	-0.06	0.98	-0.79
-260.00	-1010.00	320.00	1.04	-1.34	1.40	120.00	-830.00	-340.00	-0.61	0.67	0.43	70.00	-1030.00	60.00	-0.67	0.55	-1.28	180.00	-890.00	540.00	0.06	0.98	-0.98
-260.00	-1010.00	320.00	1.04	-1.16	1.28	120.00	-830.00	-350.00	-0.61	0.55	0.49	80.00	-1030.00	50.00	-0.37	0.12	-1.16	180.00	-890.00	540.00	0.00	0.91	-0.98
-250.00	-1010.00	320.00	0.85	-1.10	1.16	120.00	-840.00	-350.00	-0.55	0.55	0.67	70.00	-1030.00	60.00	-0.12	0.18	-1.16	180.00	-880.00	540.00	0.00	0.91	-0.98
-260.00	-1010.00	320.00	0.79	-0.98	1.10	120.00	-830.00	-340.00	-0.55	0.61	0.73	80.00	-1030.00	50.00	0.00	-0.12	-0.98	180.00	-880.00	540.00	0.24	0.67	-0.91
-260.00	-1000.00	310.00	0.73	-0.91	0.98	120.00	-840.00	-340.00	-0.55	0.67	0.67	80.00	-1030.00	50.00	-0.24	0.00	-0.91	180.00	-880.00	540.00	0.18	0.43	-0.79
-260.00	-1010.00	320.00	0.85	-0.98	0.98	120.00	-830.00	-350.00	-0.55	0.55	0.79	80.00	-1030.00	50.00	-0.18	0.24	-0.79	190.00	-880.00	540.00	0.18	0.43	-0.79
-260.00	-1010.00	320.00	0.73	-0.91	0.98	130.00	-830.00	-350.00	-0.49	0.43	0.85	80.00	-1030.00	60.00	0.00	-0.06	-0.67	190.00	-880.00	540.00	0.18	0.43	-0.79
-260.00	-1010.00	320.00	0.73	-0.98	0.85	120.00	-840.00	-340.00	-0.55	0.43	0.79	80.00	-1030.00	50.00	0.06	-0.18	-0.67	190.00	-880.00	530.00	-0.30	0.12	-0.55
-260.00	-1010.00	320.00	0.67	-0.67	0.85	120.00	-830.00	-340.00	-0.49	0.37	0.73	80.00	-1040.00	50.00	-0.06	0.06	-0.67	180.00	-880.00	540.00	-0.30	0.12	-0.55
-250.00	-1010.00	320.00	0.55	-0.61	0.79	120.00	-840.00	-340.00	-0.30	0.30	0.61	80.00	-1030.00	50.00	0.12	0.06	-0.67	180.00	-880.00	540.00	-0.30	0.12	-0.55
-250.00	-1010.00	320.00	0.49	-0.61	0.73	120.00	-830.00	-340.00	-0.12	0.24	0.55	90.00	-1030.00	50.00	0.12	0.00	-0.55	180.00	-880.00	540.00	-0.37	0.24	-0.43
-260.00	-1010.00	320.00	0.43	-0.67	0.73	120.00	-830.00	-340.00	-0.06	0.18	0.55	80.00	-1030.00	60.00	0.00	0.24	-0.55	190.00	-890.00	530.00	-0.37	0.24	-0.30
-250.00	-1000.00	320.00	0.43	-0.67	0.73	120.00	-830.00	-350.00	-0.12	0.12	0.55	80.00	-1030.00	50.00	0.06	0.18	-0.61	190.00	-890.00	530.00	-0.37	0.24	-0.30
-260.00	-1000.00	320.00	0.49	-0.73	0.67	120.00	-830.00	-340.00	-0.30	0.18	0.55	80.00	-1030.00	50.00	0.00	0.24	-0.73	190.00	-890.00	530.00	-0.37	0.24	-0.30
-260.00	-1000.00	320.00	0.61	-0.85	0.67	120.00	-830.00	-350.00	-0.24	0.24	0.43	80.00	-1030.00	50.00	-0.06	0.30	-0.73	190.00	-880.00	540.00	-0.43	0.37	-0.37
-250.00	-1000.00	320.00	0.61	-0.91	0.67	120.00	-830.00	-350.00	-0.12	0.30	0.30	80.00	-1030.00	50.00	0.00	0.12	-0.67	190.00	-890.00	540.00	-0.30	0.30	-0.37
-260.00	-1000.00	320.00	0.55	-0.85	0.67	120.00	-830.00	-350.00	-0.24	0.30	0.18	80.00	-1030.00	50.00	-0.06	0.18	-0.73	190.00	-890.00	540.00	-0.30	0.30	-0.37
-250.00	-1000.00	320.00	0.61	-0.79	0.73	120.00	-840.00	-350.00	-0.30	0.37	0.12	80.00	-1030.00	60.00	-0.12	0.06	-0.79	190.00	-890.00	540.00	-0.24	0.24	-0.43
-260.00	-1000.00	320.00	0.61	-0.79	0.73	120.00	-830.00	-340.00	-0.24	0.30	0.12	80.00	-1030.00	50.00	-0.06	0.00	-0.79	190.00	-890.00	540.00	-0.24	0.24	-0.43
-260.00	-1000.00	320.00	0.67	-0.85	0.67	120.00	-830.00	-340.00	-0.18	0.37	0.00	80.00	-1030.00	60.00	-0.30	0.06	-0.67	190.00	-880.00	540.00	-0.18	0.12	-0.43
-260.00	-1010.00	320.00	0.67	-1.04	0.55	120.00	-830.00	-340.00	-0.06	0.30	0.12	80.00	-1030.00	50.00	-0.30	0.00	-0.73	190.00	-880.00	540.00	-0.18	0.12	-0.43
-260.00	-1010.00	320.00	0.67	-1.04	0.55	120.00	-830.00	-350.00	-0.12	0.30	0.06	80.00	-1030.00	50.00	-0.30	0.18	-0.85	190.00	-880.00	540.00	-0.24	0.06	-0.49
-250.00	-1000.00	320.00	0.67	-1.04	0.55	120.00	-830.00	-340.00	-0.12	0.24	0.12	80.00	-1040.00	50.00	-0.37	0.24	-0.79	190.00	-880.00	540.00	-0.30	0.00	-0.37
-260.00	-1010.00	320.00	0.73	-1.10	0.61	120.00	-830.00	-340.00	-0.12	0.24	0.24	80.00	-1030.00	50.00	-0.61	0.06	-0.61	190.00	-880.00	540.00	-0.30	0.00	-0.37
-260.00	-1010.00	320.00	0.55	-1.16	0.55	120.00	-830.00	-340.00	-0.18	0.24	0.24	80.00	-1030.00	50.00	-0.49	0.18	-0.67	190.00	-880.00	540.00	-0.12	0.12	-0.43
-250.00	-1010.00	320.00	0.55	-1.16	0.55	120.00	-830.00	-340.00	-0.37	0.43	0.12	80.00	-1030.00	50.00	0.12	0.06	-0.73	190.00	-880.00	540.00	-0.12	0.12	-0.43
-250.00	-1010.00	320.00	0.55	-1.16	0.55	120.00	-830.00	-340.00	-0.18	0.49	-0.06	80.00	-1030.00	50.00	0.00	0.06	-0.61	190.00	-880.00	540.00	-0.12	0.12	-0.43
-260.00	-1010.00	320.00	0.49	-1.16	0.61	120.00	-840.00	-350.00	-0.06	0.55	-0.18	80.00	-1030.00	60.00	0.24	0.12	-0.55	190.00	-880.00	540.00	-0.12	0.12	-0.43
-250.00	-1000.00	320.00	0.55	-1.40	0.43	120.00	-830.00	-350.00	0.00	0.55	-0.18	80.00	-1030.00	50.00	0.12	0.12	-0.55	190.00	-880.00	540.00	-0.06	0.06	-0.30
-260.00	-1000.00	320.00	0.55	-1.40	0.43	120.00	-830.00	-340.00	-0.06	0.55	-0.24	80.00	-1030.00	50.00	0.18	0.06	-0.55	190.00	-880.00	540.00	-0.06	0.06	-0.30
-260.00	-1000.00	320.00	0.55	-1.40	0.43	120.00	-830.00	-340.00	-0.06	0.49	-0.24	80.00	-1030.00	50.00	0.37	-0.12	-0.55	180.00	-890.00	540.00	-0.06	0.00	-0.30
-260.00	-1000.00	320.00	0.43	-1.59	0.18	120.00	-830.00	-350.00	-0.06	0.49	-0.30	80.00	-1030.00	50.00	0.12	0.06	-0.55	180.00	-890.00	540.00	-0.12	0.00	-0.24
-260.00	-1000.00	320.00	0.43	-1.59	0.18	120.00	-830.00	-340.00	-0.12	0.55	-0.30	80.00	-1030.00	50.00	0.06	0.18	-0.61	190.00	-890.00	540.00	-0.12	0.00	-0.24
-250.00	-1000.00	320.00	0.43	-1.59	0.18	120.00	-830.00	-340.00	-0.24	0.55	-0.24	80.00	-1030.00	60.00	0.06	0.18	-0.55	190.00	-890.00	540.00	-0.12	0.00	-0.24
-250.00	-1000.00	320.00	0.37	-1.52	0.06	120.00	-830.00	-340.00	-0.18	0.49	-0.24	90.00	-1030.00	50.00	0.00	0.24	-0.49	190.00	-880.00	540.00	0.00	0.00	-0.18
-250.00	-1000.00	320.00	0.18	-1.95	-0.30	120.00	-840.00	-340.00	-0.18	0.61	-0.43	80.00	-1030.00	50.00	-0.06	0.24	-0.43	190.00	-890.00	550.00	0.06	0.06	-0.24
-250.00	-1000.00	320.00	0.18	-1.95	-0.30	120.00	-830.00	-340.00	-0.18	0.73	-0.43	80.00	-1030.00	50.00	-0.06	0.12	-0.49	190.00	-880.00	540.00	0.06	0.06	-0.24
-260.00	-1000.00	320.00	0.18	-1.95	-0.30	120.00	-830.00	-340.00	-0.18	0.79	-0.49	80.00	-1030.00	50.00	-0.12	0.18	-0.49	190.00	-880.00	540.00	0.06	0.06	-0.24
-250.00	-1000.00	330.00	0.12	-3.05	-1.46	130.00	-830.00	-340.00	-0.24	0.85	-0.61	90.00	-1030.00	50.00	-0.18	0.18	-0.49	190.00	-880.00	540.00	-0.12	-0.12	-0.24
-250.00	-1000.00	330.00	0.12	-3.05	-1.46	120.00	-830.00	-350.00	-0.37	0.91	-0.73	80.00	-1030.00	50.00	-0.12	0.06	-0.43	200.00	-880.00	540.00	-0.12	-0.12	-0.24
-250.00	-1000.00	330.00	0.12	-3.05	-1.46	120.00	-830.00	-350.00	-0.30	1.04	-0.98	80.00	-1030.00	50.00	-0.24	0.24	-0.43	200.00	-880.00	540.00	-0.12	-0.12	-0.24
-260.00	-1000.00	320.00	0.12	-3.05	-1.46	120.00	-830.00	-340.00	-0.37	1.10	-1.10	80.00	-1030.00	50.00	-0.24	0.30	-0.37	190.00	-890.00	550.00	-0.12	-0.12	-0.30
-260.00	-1000.00	320.00	0.79	-5.24	-1.71	120.00	-830.00	-340.00	-0.61	1.34	-1.28	80.00	-1030.00	60.00	-0.37	0.30	-0.37	190.00	-880.00	540.00	-0.06	-0.12	-0.18
-260.00	-1000.00	320.00	0.79	-5.24	-1.71	120.00	-830.00	-340.00	-0.67	1.52	-1.65	80.00	-1030.00	50.00	-0.37	0.24	-0.37	190.00	-880.00	540.00	-0.06	-0.12	-0.18
-260.00	-1000.00	320.00	3.17	-6.83	0.55	130.00	-830.00	-340.00	-0.73	1.65	-1.95	80.00	-1030.00	50.00	-0.30	0.43	-0.37	190.00	-880.00	540.00	-0.06	-0.12	-0.18
-260.00	-990.00	320.00	3.17	-6.83	0.55	120.00	-830.00	-350.00	-0.98	1.95	-2.44	80.00	-1030.00	50.00	-0.30	0.18	-0.37	180.00	-880.00	540.00	0.00	0.06	-0.24
-260.00	-990.00	320.00	3.17	-6.83	0.55	120.00	-830.00	-340.00	-1.04	2.32	-2.99	80.00	-1030.00	50.00	-0.24	0.00	-0.37	190.00	-880.00	550.00	0.00	0.06	-0.24
-260.00	-990.00	320.00	5.98	-7.99	3.84	120.00	-830.00	-340.00	-1.10	2.38	-3.48	90.00	-1030.00	60.00	-0.18	0.12	-0.43	190.00	-880.00	550.00	0.00	0.06	-0.24
-260.00	-990.00	320.00	5.98	-7.99	3.84	120.00	-830.00	-340.00	-1.77	2.13	-3.54	90.00	-1030.00	50.00	-0.06	-0.18	-0.49	190.00	-880.00	550.00	-0.12	0.12	-0.24
-260.00	-1000.00	330.00	5.98	-7.99	3.84	120.00	-830.00	-350.00	-2.26	2.38	-3.41	90.00	-1030.00	50.00	0.06	-0.18	-0.55	190.00	-880.00	550.00	-0.06	0.12	-0.24
-260.00	-1000.00	330.00	5.98	-7.99	3.84	110.00	-830.00	-330.00	-2.07	2.44	-3.29	70.00	-1020.00	60.00	0.12	-0.12	-0.55	190.00	-880.00	550.00	-0.06	0.12	-0.24
-260.00	-1000.00	330.00	5.55	-6.65	4.51	110.00	-820.00	-340.00	-1.83	2.01	-2.68	90.00	-1030.00	50.00	0.24	-0.24	-0.73	190.00	-880.00	550.00	0.06	0.00	-0.24
-250.00	-1000.00	320.00	5.55	-6.65	4.51	120.00	-830.00	-330.00	-1.77	1.71	-1.52	90.00	-1030.00	60.00	0.30	-0.06	-0.73	190.00	-880.00	540.00	0.12	0.12	-0.43
-250.00	-1010.00	320.00	5.55	-6.65	4.51	120.00	-830.00	-340.00	-2.13	1.71	-0.37	80.00	-1020.00	50.00	0.37	-0.06	-0.79	190.00	-880.00	540.00	0.12	0.12	-0.43
-240.00	-1020.00	330.00	3.78	-5.24	2.68	120.00	-830.00	-340.00	-2.13	2.01	0.49	80.00	-1030.00	60.00	0.49	-0.49	-0.67	190.00	-880.00	540.00	0.30	0.12	-0.43
-240.00	-1020.00	330.00	3.78	-5.24	2.68	150.00	-830.00	-350.00	-1.83	2.44	1.16	80.00	-1030.00	50.00	0.61	-0.30	-0.61	190.00	-880.00	540.00	0.43	0.30	-0.61
-240.00	-1020.00	330.00	1.40	-2.01	0.30	150.00	-840.00	-350.00	-1.71	2.62	1.59	80.00	-1030.00	50.00	0.73	-0.37	-0.43	190.00	-880.00	540.00	0.49	0.30	-0.67
-240.00	-1020.00	330.00	1.40	-2.01	0.30	140.00	-840.00	-340.00	-2.07	2.38	1.65	80.00	-1030.00	50.00	0.55	0.12	-0.18	190.00	-880.00	540.00	0.55	0.30	-0.61
-240.00	-1010.00	330.00	1.40	-2.01	0.30	140.00	-830.00	-350.00	-2.32	2.26	1.59	80.00	-1030.00	60.00	0.30	0.12	-0.18	190.00	-880.00	540.00	0.55	0.24	-0.73
-240.00	-1010.00	330.00	0.91	-1.40	0.49	140.00	-830.00	-340.00	-2.44	2.26	1.34	80.00	-1030.00	50.00	0.06	0.49	-0.06	190.00	-880.00	540.00	0.67	0.37	-0.85
-240.00	-1010.00	330.00	0.79	-1.34	0.55	140.00	-840.00	-340.00	-2.26	2.07	0.98	80.00	-1030.00	50.00	-0.12	0.55	-0.12	190.00	-880.00	540.00	0.67	0.37	-0.85
-260.00	-1000.00	330.00	0.79	-1.34	0.55	130.00	-840.00	-340.00	-1.77	1.71	0.67	80.00	-1030.00	50.00	-0.18	1.04	0.06	190.00	-880.00	550.00	0.49	0.49	-0.79
-260.00	-1000.00	330.00	0.79	-1.34	0.55	130.00	-840.00	-340.00	-1.40	1.40	0.30	90.00	-1030.00	50.00	-0.18	1.22	0.06	190.00	-880.00	540.00	0.49	0.49	-0.85
-260.00	-1000.00	330.00	0.91	-1.04	1.16	130.00	-830.00	-340.00	-1.34	1.40	-0.06	80.00	-1030.00	60.00	-0.12	0.98	-0.18	180.00	-880.00	550.00	0.37	0.61	-0.98
-260.00	-1000.00	320.00	1.04	-1.10	1.34	120.00	-820.00	-350.00	-1.22	1.34	-0.12	90.00	-1030.00	50.00	-0.06	1.10	-0.18	190.00	-880.00	540.00	0.24	0.67	-0.98
-260.00	-1000.00	320.00	1.04	-1.10	1.34	130.00	-830.00	-350.00	-1.10	1.28	-0.18	80.00	-1030.00	50.00	0.00	1.16	-0.12	190.00	-880.00	550.00	0.18	0.85	-0.91
-250.00	-1000.00	330.00	0.79	-1.10	1.52	130.00	-830.00	-340.00	-1.10	1.34	-0.18	90.00	-1030.00	50.00	0.12	0.85	-0.37	190.00	-880.00	550.00	0.12	0.98	-1.04
-250.00	-1010.00	330.00	0.73	-0.91	1.65	130.00	-830.00	-350.00	-1.10	1.22	-0.12	80.00	-1030.00	60.00	-0.06	0.91	-0.49	190.00	-880.00	540.00	0.30	1.10	-1.16
-250.00	-1010.00	330.00	0.73	-0.91	1.65	130.00	-830.00	-340.00	-1.22	1.10	0.24	90.00	-1030.00	50.00	-0.12	1.04	-0.43	190.00	-880.00	550.00	0.30	1.40	-1.34
-250.00	-1010.00	330.00	0.49	-0.85	1.52	130.00	-830.00	-350.00	-1.10	0.91	0.43	80.00	-1030.00	60.00	-0.12	0.85	-0.55	190.00	-880.00	540.00	0.37	1.46	-1.28
-240.00	-1000.00	320.00	0.55	-0.79	1.52	140.00	-830.00	-350.00	-1.16	0.73	0.73	80.00	-1030.00	50.00	-0.18	0.61	-0.55	190.00	-880.00	540.00	0.43	1.46	-1.28
-240.00	-1000.00	320.00	0.61	-0.79	1.52	140.00	-830.00	-350.00	-0.98	0.61	1.04	80.00	-1030.00	60.00	-0.24	0.73	-0.79	190.00	-880.00	540.00	0.37	1.52	-1.34
-240.00	-1000.00	320.00	0.61	-0.79	1.52	140.00	-830.00	-350.00	-0.79	0.55	1.10	80.00	-1030.00	50.00	-0.12	0.98	-1.04	190.00	-880.00	540.00	0.30	1.46	-1.52
-250.00	-1010.00	330.00	0.73	-1.10	1.71	140.00	-830.00	-350.00	-0.85	0.43	1.16	90.00	-1030.00	50.00	0.49	1.34	-1.34	190.00	-880.00	550.00	0.30	1.22	-1.52
-240.00	-1010.00	330.00	0.91	-1.16	1.65	140.00	-830.00	-350.00	-0.98	0.43	1.16	80.00	-1030.00	60.00	0.61	1.59	-1.40	190.00	-880.00	550.00	0.18	1.16	-1.52
-240.00	-1010.00	330.00	1.04	-1.28	1.46	140.00	-830.00	-350.00	-0.98	0.43	1.22	90.00	-1030.00	50.00	0.55	1.46	-1.10	190.00	-880.00	550.00	0.24	1.04	-1.46
-250.00	-1000.00	340.00	0.98	-1.22	1.40	140.00	-830.00	-350.00	-1.04	0.55	1.16	80.00	-1030.00	50.00	0.37	1.59	-1.10	190.00	-880.00	540.00	0.24	1.16	-1.65
-250.00	-1000.00	330.00	0.85	-1.16	1.28	130.00	-830.00	-340.00	-1.10	0.55	1.22	80.00	-1030.00	60.00	0.06	1.46	-1.04	190.00	-880.00	550.00	0.18	1.16	-1.71
-250.00	-1010.00	330.00	0.55	-0.85	0.98	130.00	-830.00	-350.00	-0.98	0.61	1.04	80.00	-1030.00	50.00	0.06	1.10	-0.79	180.00	-880.00	550.00	0.24	1.22	-1.77
-250.00	-1000.00	330.00	0.55	-0.85	0.98	130.00	-830.00	-340.00	-0.79	0.61	0.98	90.00	-1020.00	50.00	-0.06	1.28	-0.79	190.00	-880.00	550.00	0.30	1.28	-1.77
-250.00	-1000.00	330.00	0.61	-0.67	0.98	130.00	-830.00	-340.00	-0.79	0.61	0.98	80.00	-1030.00	50.00	0.06	0.73	-0.85	190.00	-880.00	550.00	0.37	0.98	-1.77
-250.00	-1010.00	330.00	0.61	-0.73	0.85	130.00	-830.00	-350.00	-0.67	0.43	0.91	90.00	-1030.00	50.00	0.06	0.79	-0.67	190.00	-880.00	550.00	0.24	0.85	-1.65
-250.00	-1000.00	330.00	0.61	-0.73	0.85	130.00	-830.00	-350.00	-0.49	0.43	0.91	90.00	-1030.00	60.00	0.00	0.91	-0.73	200.00	-880.00	550.00	0.06	0.73	-1.52
-250.00	-1010.00	330.00	0.73	-0.79	0.79	140.00	-820.00	-350.00	-0.30	0.43	0.85	90.00	-1030.00	60.00	0.00	0.91	-0.43	190.00	-890.00	550.00	0.06	0.55	-1.34
-250.00	-1000.00	330.00	0.73	-0.98	0.85	130.00	-830.00	-350.00	-0.24	0.24	0.79	90.00	-1030.00	60.00	0.00	0.79	-0.55	190.00	-880.00	550.00	-0.06	0.43	-1.16
-250.00	-1000.00	330.00	0.79	-1.04	0.85	130.00	-830.00	-350.00	-0.30	0.30	0.73	80.00	-1030.00	60.00	-0.06	0.67	-0.55	190.00	-880.00	550.00	-0.18	0.43	-1.16
-260.00	-1000.00	340.00	0.91	-1.10	0.98	130.00	-830.00	-350.00	-0.30	0.37	0.61	90.00	-1030.00	50.00	0.18	0.67	-0.55	190.00	-880.00	560.00	-0.18	0.37	-0.98
-250.00	-1000.00	330.00	0.91	-1.28	0.85	130.00	-830.00	-350.00	-0.37	0.37	0.49	90.00	-1030.00	50.00	0.73	0.37	-0.67	190.00	-880.00	550.00	-0.12	0.37	-0.73
-250.00	-1000.00	330.00	0.98	-1.28	0.85	130.00	-830.00	-350.00	-0.24	0.43	0.37	80.00	-1030.00	50.00	0.67	0.37	-0.67	190.00	-870.00	550.00	-0.12	0.37	-0.73
-250.00	-1010.00	330.00	0.85	-1.16	0.79	130.00	-840.00	-340.00	-0.24	0.49	0.30	90.00	-1030.00	50.00	0.55	0.37	-0.67	190.00	-880.00	550.00	-0.18	0.30	-0.61
-260.00	-1000.00	330.00	0.79	-1.16	0.73	130.00	-830.00	-350.00	-0.24	0.49	0.30	90.00	-1030.00	60.00	0.49	0.37	-0.61	190.00	-880.00	550.00	-0.18	0.24	-0.49
-250.00	-1000.00	330.00	0.91	-1.22	0.61	130.00	-830.00	-350.00	-0.24	0.37	0.37	90.00	-1030.00	60.00	0.55	0.43	-0.67	200.00	-880.00	550.00	-0.30	0.00	-0.43
-250.00	-1000.00	340.00	0.91	-1.28	0.79	130.00	-830.00	-350.00	-0.24	0.37	0.24	90.00	-1040.00	60.00	0.37	0.49	-0.61	200.00	-870.00	550.00	-0.37	-0.06	-0.43
-250.00	-1000.00	330.00	0.98	-1.28	0.91	130.00	-830.00	-350.00	-0.12	0.30	0.18	90.00	-1030.00	60.00	0.24	0.49	-0.55	190.00	-880.00	550.00	-0.37	-0.06	-0.37
-250.00	-1000.00	330.00	1.16	-1.46	0.91	130.00	-830.00	-350.00	-0.12	0.24	0.12	90.00	-1030.00	50.00	0.18	0.61	-0.43	190.00	-880.00	550.00	-0.24	-0.06	-0.30
-250.00	-1000.00	330.00	1.22	-1.52	0.98	130.00	-830.00	-350.00	-0.06	0.24	0.06	80.00	-1030.00	50.00	0.18	0.67	-0.37	200.00	-880.00	550.00	-0.12	0.00	-0.37
-250.00	-1000.00	330.00	1.34	-1.59	1.10	130.00	-830.00	-350.00	-0.06	0.18	0.06	90.00	-1030.00	50.00	0.06	1.04	0.00	200.00	-880.00	560.00	-0.12	0.00	-0.43
-250.00	-1000.00	330.00	1.52	-1.71	1.16	130.00	-830.00	-340.00	0.00	0.12	0.12	90.00	-1030.00	60.00	0.06	1.16	0.37	190.00	-870.00	550.00	0.00	0.12	-0.30
-250.00	-1000.00	330.00	1.40	-1.59	1.10	130.00	-820.00	-340.00	-0.06	0.18	0.18	90.00	-1030.00	50.00	0.00	0.61	-0.12	200.00	-870.00	550.00	0.00	0.12	-0.30
-250.00	-1000.00	330.00	1.28	-1.59	0.98	130.00	-830.00	-350.00	-0.06	0.24	0.18	90.00	-1030.00	60.00	0.00	0.49	-0.12	190.00	-880.00	550.00	0.00	0.18	-0.37
-250.00	-1010.00	330.00	1.28	-1.46	0.91	130.00	-830.00	-350.00	-0.06	0.24	0.30	90.00	-1030.00	50.00	0.12	0.55	-0.12	200.00	-880.00	550.00	0.00	0.18	-0.30
-250.00	-1000.00	330.00	1.22	-1.46	0.85	140.00	-830.00	-350.00	0.00	0.30	0.43	90.00	-1030.00	60.00	0.18	0.43	0.00	200.00	-880.00	550.00	0.06	0.12	-0.24
-250.00	-1010.00	330.00	1.16	-1.34	0.79	130.00	-830.00	-350.00	0.12	0.37	0.30	90.00	-1030.00	50.00	0.24	0.49	0.06	190.00	-880.00	550.00	0.06	-0.06	-0.12
-250.00	-1000.00	340.00	1.16	-1.22	0.79	140.00	-830.00	-350.00	0.00	0.30	0.37	90.00	-1030.00	60.00	0.24	0.37	0.06	190.00	-880.00	550.00	0.00	-0.12	-0.06
-250.00	-1000.00	330.00	1.04	-1.22	0.73	130.00	-830.00	-350.00	-0.06	0.24	0.30	80.00	-1030.00	60.00	0.61	0.30	0.00	190.00	-870.00	550.00	0.00	-0.12	0.06
-250.00	-1010.00	330.00	0.98	-1.22	0.79	130.00	-830.00	-340.00	-0.06	0.30	0.30	90.00	-1030.00	50.00	0.91	0.18	0.00	190.00	-870.00	550.00	-0.06	-0.37	0.18
-250.00	-1010.00	330.00	1.04	-1.22	0.79	140.00	-830.00	-350.00	-0.06	0.24	0.30	90.00	-1030.00	50.00	0.79	0.30	0.00	190.00	-880.00	560.00	-0.12	-0.43	0.24
-250.00	-1000.00	330.00	1.10	-1.16	0.73	130.00	-830.00	-350.00	0.00	0.12	0.18	90.00	-1030.00	50.00	0.67	0.30	0.12	190.00	-870.00	550.00	-0.18	-0.49	0.30
-250.00	-1000.00	330.00	1.10	-1.28	0.73	130.00	-830.00	-340.00	0.12	0.18	0.30	90.00	-1030.00	50.00	0.61	0.49	0.12	190.00	-880.00	550.00	-0.12	-0.55	0.43
-250.00	-1000.00	330.00	1.10	-1.28	0.67	130.00	-830.00	-350.00	0.18	0.12	0.30	90.00	-1030.00	60.00	0.49	0.55	0.00	200.00	-870.00	550.00	-0.12	-0.55	0.55
-250.00	-1000.00	330.00	1.16	-1.40	0.49	130.00	-830.00	-350.00	0.06	0.06	0.30	90.00	-1030.00	60.00	0.43	0.67	0.12	190.00	-870.00	550.00	-0.24	-0.49	0.37
-250.00	-1000.00	340.00	1.16	-1.40	0.49	130.00	-830.00	-350.00	0.12	0.24	0.37	80.00	-1030.00	60.00	0.24	0.55	0.18	200.00	-870.00	550.00	-0.18	-0.49	0.43
-250.00	-1000.00	340.00	1.28	-1.46	0.49	130.00	-830.00	-350.00	0.06	0.30	0.30	90.00	-1030.00	60.00	0.24	0.67	0.12	190.00	-880.00	550.00	-0.12	-0.55	0.49
-250.00	-1000.00	330.00	1.34	-1.59	0.73	130.00	-830.00	-340.00	0.18	0.30	0.18	90.00	-1030.00	50.00	0.30	0.67	0.12	200.00	-870.00	550.00	-0.06	-0.49	0.49
-250.00	-1000.00	340.00	1.34	-1.59	0.73	130.00	-830.00	-340.00	0.18	0.24	0.12	90.00	-1030.00	50.00	0.18	0.67	0.06	200.00	-870.00	550.00	-0.12	-0.49	0.43
-250.00	-1000.00	340.00	1.46	-1.77	0.85	130.00	-830.00	-350.00	0.30	0.12	0.18	90.00	-1030.00	60.00	0.18	0.73	0.12	200.00	-870.00	560.00	-0.06	-0.49	0.49
-250.00	-1000.00	340.00	1.46	-1.77	0.85	130.00	-830.00	-350.00	0.43	0.06	0.06	90.00	-1030.00	60.00	0.12	0.85	0.18	190.00	-870.00	550.00	0.00	-0.49	0.49
-250.00	-1000.00	340.00	1.46	-1.77	0.85	130.00	-830.00	-340.00	0.43	0.06	0.00	90.00	-1030.00	50.00	0.12	0.91	0.24	200.00	-880.00	550.00	-0.12	-0.37	0.43
-250.00	-1000.00	330.00	1.59	-1.83	0.91	130.00	-820.00	-350.00	0.55	0.06	0.00	90.00	-1030.00	50.00	0.12	0.85	0.18	190.00	-870.00	550.00	0.00	-0.37	0.43
-260.00	-1000.00	330.00	1.52	-1.77	1.10	130.00	-820.00	-340.00	0.49	0.18	0.00	90.00	-1030.00	60.00	0.12	0.91	0.30	200.00	-880.00	550.00	0.24	-0.18	0.43
-250.00	-1000.00	330.00	1.52	-1.77	1.10	130.00	-830.00	-350.00	0.43	0.24	0.06	90.00	-1030.00	50.00	0.12	0.91	0.37	190.00	-880.00	550.00	0.37	0.00	0.55
-250.00	-1000.00	340.00	1.52	-1.77	1.10	130.00	-830.00	-350.00	0.43	0.18	0.12	90.00	-1030.00	60.00	0.12	0.91	0.37	200.00	-870.00	560.00	0.73	0.37	0.55
-250.00	-1000.00	340.00	1.34	-1.04	1.10	130.00	-830.00	-350.00	0.49	0.30	0.12	90.00	-1030.00	60.00	-0.06	1.10	0.49	190.00	-870.00	560.00	0.79	0.43	0.55
-250.00	-1010.00	330.00	1.34	-0.91	1.04	130.00	-830.00	-340.00	0.43	0.12	0.30	80.00	-1030.00	50.00	-0.24	1.40	0.43	190.00	-870.00	550.00	0.79	0.37	0.61
-240.00	-1000.00	340.00	1.34	-0.91	1.04	130.00	-830.00	-340.00	0.55	0.00	0.37	90.00	-1030.00	60.00	-0.49	1.40	0.61	200.00	-870.00	550.00	0.79	0.43	0.61
-250.00	-1000.00	340.00	0.67	-0.18	0.49	130.00	-830.00	-340.00	0.55	0.06	0.43	90.00	-1030.00	60.00	-0.49	1.28	0.73	200.00	-880.00	550.00	2.32	2.44	0.91
-250.00	-1000.00	340.00	0.67	-0.18	0.30	130.00	-830.00	-350.00	0.55	0.00	0.67	90.00	-1030.00	60.00	-0.49	1.22	0.91	200.00	-880.00	550.00	2.32	2.44	0.91
-250.00	-1000.00	330.00	0.67	-0.18	0.30	140.00	-830.00	-350.00	0.61	-0.12	0.67	90.00	-1030.00	60.00	-0.49	1.10	1.04	200.00	-870.00	560.00	2.32	2.44	0.91
-250.00	-1000.00	330.00	0.61	0.12	0.12	140.00	-830.00	-350.00	0.61	-0.06	0.79	90.00	-1030.00	60.00	-0.37	0.85	1.16	190.00	-880.00	550.00	2.68	3.05	1.22
-250.00	-1010.00	330.00	0.73	0.30	0.00	140.00	-830.00	-340.00	0.67	-0.12	0.85	80.00	-1030.00	50.00	-0.24	0.67	1.28	200.00	-870.00	560.00	2.32	2.87	1.28
-250.00	-1000.00	340.00	0.73	0.30	0.00	140.00	-830.00	-350.00	0.55	-0.24	0.79	90.00	-1030.00	60.00	-0.06	0.49	1.40	190.00	-870.00	550.00	2.32	2.87	1.28
-250.00	-1000.00	340.00	0.73	0.30	0.00	140.00	-830.00	-350.00	0.55	-0.24	0.79	90.00	-1030.00	50.00	-0.06	0.43	1.34	200.00	-870.00	560.00	1.77	2.07	1.34
-250.00	-1000.00	340.00	0.79	0.24	-0.06	140.00	-830.00	-350.00	0.67	-0.24	0.85	90.00	-1030.00	60.00	0.00	0.30	1.40	200.00	-880.00	560.00	0.91	1.16	1.52
-250.00	-1000.00	340.00	0.73	0.30	-0.12	130.00	-830.00	-340.00	0.73	-0.12	0.85	80.00	-1030.00	60.00	0.12	0.37	1.28	190.00	-880.00	550.00	0.91	1.16	1.52
-250.00	-1000.00	340.00	0.73	0.30	-0.12	140.00	-830.00	-340.00	0.79	-0.30	0.85	90.00	-1030.00	60.00	0.12	0.79	1.46	190.00	-880.00	550.00	0.61	0.73	1.59
-250.00	-1000.00	340.00	0.98	-0.06	-0.06	130.00	-830.00	-340.00	0.91	-0.30	1.16	80.00	-1030.00	60.00	0.30	0.37	1.52	200.00	-870.00	550.00	0.30	0.37	1.65
-250.00	-1000.00	340.00	1.04	0.00	-0.12	130.00	-830.00	-340.00	0.79	-0.30	1.22	80.00	-1030.00	60.00	0.30	0.61	1.40	190.00	-870.00	560.00	0.18	0.18	1.71
-250.00	-1000.00	340.00	1.04	0.00	-0.12	130.00	-830.00	-340.00	0.85	-0.37	1.22	90.00	-1030.00	50.00	0.49	0.12	1.59	190.00	-870.00	560.00	0.12	0.06	1.77
-250.00	-1000.00	340.00	1.40	-0.61	0.06	140.00	-830.00	-340.00	1.16	-0.61	1.16	90.00	-1030.00	60.00	0.43	0.55	1.40	190.00	-870.00	560.00	0.12	0.06	1.77
-250.00	-1000.00	340.00	1.77	-0.79	0.30	140.00	-830.00	-340.00	1.40	-0.73	1.04	80.00	-1030.00	50.00	0.55	0.06	1.59	190.00	-870.00	560.00	0.00	-0.18	1.77
-250.00	-1000.00	340.00	1.77	-0.79	0.30	130.00	-830.00	-340.00	1.52	-0.73	0.85	90.00	-1030.00	60.00	0.49	0.18	1.34	190.00	-870.00	560.00	0.00	-0.18	1.65
-250.00	-1010.00	340.00	1.77	-0.79	0.30	130.00	-830.00	-340.00	1.65	-0.85	0.67	90.00	-1030.00	60.00	0.37	0.43	1.34	190.00	-870.00	560.00	0.00	-0.18	1.65
-250.00	-1010.00	340.00	2.26	-1.65	0.79	140.00	-830.00	-340.00	1.77	-0.91	0.49	80.00	-1030.00	50.00	0.37	0.37	1.28	190.00	-870.00	560.00	-0.18	-0.37	1.59
-250.00	-990.00	350.00	2.44	-1.83	1.04	130.00	-830.00	-340.00	1.83	-0.91	0.37	90.00	-1030.00	50.00	0.43	0.24	1.22	190.00	-870.00	560.00	-0.24	-0.73	1.34
-250.00	-1000.00	340.00	2.44	-1.83	1.04	130.00	-830.00	-340.00	1.83	-0.79	0.30	80.00	-1030.00	60.00	0.30	0.37	1.04	200.00	-880.00	560.00	-0.24	-0.73	1.34
-250.00	-1000.00	340.00	2.99	-2.07	1.65	130.00	-830.00	-340.00	1.65	-0.73	0.12	80.00	-1030.00	60.00	0.43	0.37	0.98	200.00	-880.00	560.00	-0.18	-0.55	1.16
-250.00	-1010.00	330.00	2.99	-2.07	1.65	130.00	-830.00	-340.00	1.65	-0.55	0.12	80.00	-1030.00	60.00	0.43	0.49	0.73	200.00	-870.00	560.00	-0.06	-0.49	0.73
-240.00	-1000.00	340.00	3.48	-2.87	2.13	130.00	-830.00	-340.00	1.83	-0.49	0.06	80.00	-1030.00	60.00	0.43	0.61	0.55	180.00	-870.00	560.00	-0.06	-0.49	0.73
-240.00	-1000.00	340.00	3.29	-2.93	2.07	120.00	-830.00	-340.00	1.83	-0.55	0.06	80.00	-1030.00	60.00	0.43	0.91	0.43	180.00	-870.00	560.00	0.06	-0.37	0.55
-240.00	-1000.00	340.00	3.29	-2.93	2.07	130.00	-830.00	-340.00	1.77	-0.49	0.00	80.00	-1030.00	60.00	0.43	0.98	0.37	180.00	-870.00	560.00	0.06	-0.37	0.55
-240.00	-1010.00	340.00	2.93	-2.93	1.89	130.00	-830.00	-330.00	1.89	-0.30	-0.12	80.00	-1030.00	60.00	0.55	0.98	0.24	190.00	-880.00	560.00	0.24	-0.49	0.24
-240.00	-1010.00	340.00	2.93	-2.93	1.89	120.00	-830.00	-340.00	1.89	-0.49	-0.12	80.00	-1030.00	60.00	0.67	0.85	0.30	190.00	-870.00	560.00	0.24	-0.49	0.24
-240.00	-1010.00	340.00	2.80	-2.87	1.89	140.00	-830.00	-340.00	1.89	-0.18	-0.06	80.00	-1030.00	60.00	0.91	0.79	0.30	180.00	-880.00	560.00	0.18	-0.61	0.24
-250.00	-1010.00	340.00	2.80	-2.87	1.89	130.00	-830.00	-340.00	1.95	-0.06	0.00	80.00	-1040.00	60.00	0.98	0.67	0.30	180.00	-880.00	560.00	0.37	-0.79	0.30
-240.00	-1000.00	340.00	2.01	-2.44	0.91	130.00	-840.00	-340.00	2.01	-0.06	0.12	80.00	-1030.00	60.00	0.91	0.73	0.43	190.00	-870.00	560.00	0.37	-0.79	0.30
-240.00	-1000.00	340.00	0.67	-1.95	-0.24	130.00	-830.00	-340.00	1.89	-0.12	0.30	80.00	-1030.00	60.00	1.16	0.61	0.49	190.00	-870.00	560.00	0.30	-0.73	0.37
-240.00	-1000.00	340.00	0.67	-1.95	-0.24	130.00	-830.00	-330.00	1.77	0.06	0.55	80.00	-1030.00	60.00	1.28	0.49	0.55	190.00	-870.00	560.00	0.37	-0.98	0.49
-250.00	-1000.00	340.00	-0.61	-1.28	-1.77	130.00	-830.00	-340.00	1.59	0.06	0.79	80.00	-1030.00	60.00	1.22	0.61	0.55	190.00	-870.00	560.00	0.37	-0.98	0.49
-250.00	-1000.00	350.00	-0.61	-1.28	-1.77	130.00	-830.00	-340.00	1.46	0.24	0.98	80.00	-1030.00	60.00	1.28	0.61	0.61	190.00	-870.00	560.00	0.49	-0.91	0.55
-250.00	-1000.00	350.00	-0.73	-1.40	-1.95	130.00	-830.00	-340.00	1.59	0.37	1.10	80.00	-1030.00	60.00	1.40	0.43	0.73	190.00	-870.00	560.00	0.37	-1.04	0.67
-250.00	-1000.00	350.00	-0.73	-1.40	-1.95	130.00	-840.00	-330.00	1.40	0.49	1.16	80.00	-1030.00	50.00	1.22	0.85	0.73	190.00	-870.00	560.00	0.37	-1.04	0.67
-250.00	-1000.00	350.00	-0.43	-1.71	-2.38	140.00	-840.00	-330.00	1.40	0.43	1.10	70.00	-1030.00	60.00	1.34	0.43	0.79	190.00	-870.00	570.00	0.37	-1.04	0.67
-250.00	-1000.00	350.00	-0.43	-1.71	-2.38	140.00	-840.00	-330.00	1.04	0.49	0.98	80.00	-1030.00	60.00	1.34	0.24	0.67	190.00	-870.00	570.00	0.24	-0.91	0.67
-250.00	-1000.00	350.00	-0.18	-1.40	-2.56	130.00	-830.00	-340.00	0.91	0.49	0.98	80.00	-1030.00	60.00	1.40	0.98	0.73	190.00	-880.00	560.00	0.43	-0.49	0.79
-250.00	-1000.00	350.00	0.24	-1.83	-2.07	140.00	-830.00	-340.00	0.79	0.55	0.85	80.00	-1030.00	60.00	1.59	0.12	0.79	190.00	-880.00	560.00	0.43	-0.49	0.79
-250.00	-990.00	350.00	0.24	-1.83	-2.07	130.00	-830.00	-340.00	0.67	0.73	0.67	80.00	-1030.00	60.00	1.71	0.73	0.61	190.00	-880.00	560.00	0.79	-0.30	0.67
-250.00	-990.00	360.00	0.18	-1.28	-2.01	130.00	-830.00	-330.00	0.49	0.73	0.61	80.00	-1030.00	60.00	1.71	0.37	0.67	190.00	-880.00	560.00	1.52	0.49	0.67
-250.00	-990.00	360.00	0.18	-1.28	-2.01	130.00	-830.00	-340.00	0.37	0.79	0.30	80.00	-1030.00	70.00	1.59	0.24	0.67	190.00	-870.00	560.00	1.52	0.49	0.67
-250.00	-990.00	360.00	0.37	-1.34	-1.40	130.00	-830.00	-330.00	0.37	0.79	0.12	80.00	-1030.00	60.00	1.40	0.24	0.73	190.00	-880.00	560.00	1.83	0.91	0.67
-250.00	-990.00	360.00	0.37	-1.34	-1.40	130.00	-830.00	-330.00	0.18	0.85	-0.06	70.00	-1030.00	60.00	1.34	-0.12	0.73	190.00	-880.00	560.00	1.83	0.73	0.85
-240.00	-980.00	360.00	0.24	-1.28	-1.04	130.00	-840.00	-330.00	-0.06	0.85	-0.37	90.00	-1030.00	70.00	1.34	-0.12	0.67	180.00	-860.00	560.00	1.52	0.55	0.91
-250.00	-1010.00	340.00	0.67	-1.46	-0.30	130.00	-830.00	-330.00	-0.12	0.67	-0.79	70.00	-1030.00	50.00	1.16	-0.12	0.73	190.00	-890.00	570.00	1.40	0.61	0.85
-250.00	-1010.00	340.00	0.67	-1.46	-0.30	130.00	-840.00	-330.00	-0.18	0.85	-1.22	70.00	-1030.00	60.00	1.16	-0.18	0.79	190.00	-890.00	570.00	1.52	0.85	0.98
-240.00	-1000.00	350.00	0.67	-1.46	-0.30	130.00	-830.00	-330.00	-0.37	0.91	-1.77	80.00	-1030.00	60.00	0.85	-0.12	0.73	180.00	-880.00	560.00	1.40	1.04	0.98
-240.00	-1000.00	350.00	1.10	-2.13	0.24	120.00	-840.00	-330.00	-0.49	0.91	-2.26	80.00	-1030.00	70.00	0.79	0.55	0.73	200.00	-880.00	560.00	1.40	1.22	1.04
-240.00	-1010.00	340.00	1.46	-2.26	1.16	130.00	-830.00	-330.00	-0.91	1.04	-2.68	80.00	-1030.00	60.00	0.73	0.49	0.91	190.00	-870.00	560.00	1.52	1.46	0.98
-240.00	-1010.00	340.00	1.46	-2.26	1.16	130.00	-830.00	-330.00	-0.85	0.91	-3.11	80.00	-1030.00	60.00	0.67	0.18	1.04	180.00	-870.00	570.00	1.59	1.71	0.98
-240.00	-1010.00	340.00	1.71	-2.50	2.38	120.00	-840.00	-320.00	-0.91	1.16	-3.48	80.00	-1030.00	70.00	0.73	-0.18	0.85	180.00	-870.00	570.00	1.40	2.01	1.10
-240.00	-1010.00	340.00	1.71	-2.50	2.38	130.00	-830.00	-330.00	-1.34	1.22	-3.66	80.00	-1030.00	60.00	0.30	0.00	0.79	190.00	-870.00	570.00	1.22	1.65	1.22
-230.00	-1000.00	350.00	1.71	-2.50	2.38	120.00	-840.00	-320.00	-1.16	1.40	-3.78	80.00	-1030.00	70.00	0.85	-1.04	0.67	180.00	-870.00	560.00	0.67	1.10	1.10
-240.00	-1000.00	350.00	1.28	-1.71	2.38	130.00	-840.00	-330.00	-1.34	1.46	-3.66	80.00	-1030.00	60.00	0.55	-0.30	0.43	190.00	-870.00	570.00	0.43	1.10	1.10
-240.00	-1000.00	350.00	1.28	-1.71	2.38	120.00	-830.00	-340.00	-1.59	1.28	-3.41	80.00	-1030.00	70.00	0.43	-0.43	0.49	180.00	-870.00	560.00	0.91	0.79	0.24
-260.00	-1000.00	360.00	1.04	-1.46	1.89	130.00	-840.00	-320.00	-1.52	1.40	-3.05	90.00	-1040.00	60.00	0.61	-0.06	0.00	180.00	-870.00	570.00	0.73	-0.18	-1.34
-260.00	-1000.00	360.00	0.24	-0.91	0.85	140.00	-830.00	-340.00	-2.01	1.34	-2.68	80.00	-1030.00	60.00	0.49	-0.49	-0.12	190.00	-870.00	570.00	0.73	-0.18	-1.34
-230.00	-1000.00	350.00	0.24	-0.91	0.85	130.00	-830.00	-340.00	-2.13	1.16	-2.38	70.00	-1030.00	70.00	0.37	-0.24	-0.43	180.00	-870.00	570.00	0.73	-0.18	-1.34
-230.00	-1000.00	350.00	0.24	-0.91	0.85	140.00	-840.00	-330.00	-2.20	1.28	-2.01	80.00	-1030.00	50.00	0.24	-0.24	-0.73	180.00	-860.00	570.00	0.37	-0.30	-1.52
-240.00	-1010.00	340.00	-0.12	-0.79	0.30	140.00	-830.00	-340.00	-2.38	1.10	-1.65	70.00	-1030.00	70.00	0.24	-0.49	-0.85	190.00	-870.00	570.00	-0.18	-0.24	-1.52
-230.00	-1000.00	350.00	-0.43	-0.49	-0.18	140.00	-840.00	-320.00	-2.32	1.16	-1.22	80.00	-1030.00	60.00	0.30	-0.30	-1.16	170.00	-870.00	560.00	-0.18	-0.24	-1.52
-230.00	-1000.00	350.00	-0.12	-0.37	-0.12	150.00	-840.00	-330.00	-2.20	1.10	-1.04	70.00	-1030.00	60.00	0.18	-0.37	-1.22	180.00	-870.00	570.00	-0.18	-0.30	-1.46
-230.00	-1000.00	350.00	-0.12	-0.37	-0.12	140.00	-830.00	-330.00	-2.13	0.79	-0.73	80.00	-1030.00	60.00	0.00	-0.06	-1.46	180.00	-870.00	570.00	-0.43	-0.37	-1.34
-230.00	-1010.00	350.00	0.30	-0.55	0.18	140.00	-840.00	-340.00	-2.01	0.73	-0.24	70.00	-1030.00	60.00	0.00	-0.12	-1.59	180.00	-870.00	570.00	-0.43	-0.37	-1.34
-230.00	-1010.00	350.00	0.55	-0.85	0.30	140.00	-830.00	-340.00	-1.77	0.67	0.06	70.00	-1030.00	60.00	0.06	-0.12	-1.65	180.00	-870.00	570.00	-0.43	-0.37	-1.28
-240.00	-1000.00	350.00	0.55	-0.85	0.30	150.00	-840.00	-330.00	-1.77	0.61	0.43	80.00	-1030.00	60.00	-0.06	0.06	-1.65	180.00	-870.00	570.00	-0.49	-0.37	-1.28
-240.00	-1000.00	350.00	0.73	-1.16	0.37	150.00	-820.00	-340.00	-1.71	0.55	0.73	70.00	-1030.00	70.00	0.06	-0.30	-1.71	190.00	-870.00	570.00	-0.43	-0.43	-1.28
-240.00	-1000.00	350.00	0.85	-1.52	0.61	140.00	-830.00	-330.00	-1.71	0.37	1.16	70.00	-1030.00	60.00	0.06	-0.18	-1.77	190.00	-860.00	580.00	-0.43	-0.43	-1.28
-240.00	-1000.00	350.00	0.85	-1.52	0.61	150.00	-830.00	-340.00	-1.83	0.43	1.59	70.00	-1030.00	70.00	0.00	-0.12	-1.71	180.00	-870.00	570.00	-0.55	-0.30	-1.28
-240.00	-1000.00	340.00	0.85	-1.52	0.61	150.00	-830.00	-330.00	-1.59	0.18	1.65	80.00	-1040.00	70.00	-0.12	0.00	-1.71	180.00	-870.00	570.00	-0.37	-0.18	-1.16
-240.00	-1000.00	350.00	1.10	-1.40	0.61	150.00	-840.00	-340.00	-1.46	0.24	1.34	80.00	-1030.00	70.00	-0.18	-0.06	-1.83	190.00	-860.00	570.00	-0.37	-0.12	-1.28
-240.00	-1000.00	350.00	0.55	-1.52	-0.37	150.00	-830.00	-330.00	-1.34	0.24	1.10	80.00	-1030.00	70.00	-0.18	-0.06	-1.77	190.00	-860.00	570.00	-0.37	-0.12	-1.28
-240.00	-1000.00	350.00	0.55	-1.52	-0.37	150.00	-840.00	-340.00	-0.85	0.18	0.79	80.00	-1030.00	60.00	-0.12	-0.06	-1.59	190.00	-860.00	570.00	-0.24	-0.06	-1.10
-240.00	-1000.00	350.00	0.55	-1.52	-0.37	160.00	-830.00	-340.00	-0.43	0.24	0.37	70.00	-1030.00	70.00	-0.18	-0.12	-1.59	190.00	-860.00	570.00	-0.18	0.12	-0.98
-240.00	-1000.00	340.00	1.59	-0.67	-0.61	150.00	-830.00	-340.00	-0.18	0.06	0.00	80.00	-1030.00	60.00	-0.18	-0.18	-1.59	190.00	-860.00	570.00	-0.18	0.12	-0.98
-240.00	-1000.00	340.00	2.07	-0.73	-0.49	130.00	-840.00	-330.00	-0.12	-0.06	-0.12	80.00	-1030.00	70.00	-0.18	0.00	-1.65	190.00	-860.00	570.00	0.00	0.06	-0.79
-230.00	-1000.00	340.00	2.07	-0.73	-0.49	140.00	-830.00	-340.00	0.00	-0.18	-0.30	80.00	-1040.00	70.00	-0.18	0.06	-1.59	190.00	-860.00	570.00	0.12	0.00	-0.67
-230.00	-1000.00	340.00	2.07	-1.22	-0.18	140.00	-830.00	-340.00	0.12	-0.18	-0.30	80.00	-1030.00	70.00	-0.12	-0.12	-1.59	190.00	-870.00	570.00	0.12	0.12	-0.61
-230.00	-1000.00	340.00	2.13	-1.65	0.06	140.00	-830.00	-340.00	0.12	-0.18	-0.37	80.00	-1030.00	70.00	-0.06	0.00	-1.52	190.00	-870.00	570.00	0.12	0.12	-0.61
-230.00	-1000.00	340.00	2.26	-1.65	0.24	140.00	-830.00	-340.00	0.12	-0.12	-0.37	80.00	-1030.00	70.00	-0.18	0.24	-1.46	190.00	-860.00	570.00	0.00	-0.18	-0.06
-230.00	-1000.00	350.00	2.68	-1.46	0.37	140.00	-830.00	-340.00	0.30	0.00	-0.24	80.00	-1030.00	70.00	-0.12	0.24	-1.46	190.00	-860.00	570.00	-0.12	-0.37	0.24
-230.00	-1000.00	350.00	2.68	-1.46	0.37	140.00	-830.00	-340.00	0.30	0.00	-0.12	80.00	-1030.00	70.00	-0.24	0.37	-1.46	190.00	-870.00	570.00	-0.12	-0.37	0.24
-230.00	-1000.00	350.00	2.68	-1.46	0.37	140.00	-830.00	-340.00	0.18	-0.06	-0.06	80.00	-1030.00	70.00	-0.24	0.43	-1.28	190.00	-870.00	570.00	-0.12	-0.37	0.24
-240.00	-1000.00	350.00	5.06	0.85	0.61	140.00	-830.00	-340.00	0.24	0.12	0.06	80.00	-1030.00	60.00	-0.06	0.37	-1.28	190.00	-870.00	570.00	-0.43	-0.67	0.85
-230.00	-1010.00	350.00	8.60	0.98	1.83	140.00	-830.00	-340.00	0.24	0.12	0.00	80.00	-1030.00	70.00	-0.06	0.61	-1.22	190.00	-870.00	570.00	-0.49	-0.73	1.16
-230.00	-1010.00	350.00	10.12	0.61	2.20	140.00	-830.00	-340.00	0.12	0.12	0.00	90.00	-1030.00	60.00	-0.06	0.73	-1.10	190.00	-870.00	570.00	-0.49	-0.73	1.16
-230.00	-1010.00	350.00	10.12	0.61	2.20	150.00	-830.00	-340.00	-0.06	0.18	0.24	80.00	-1030.00	60.00	0.18	0.37	-1.04	190.00	-870.00	570.00	-0.30	-0.43	1.34
-240.00	-1000.00	360.00	12.80	-0.43	2.38	140.00	-830.00	-340.00	-0.06	-0.55	0.30	80.00	-1030.00	70.00	0.18	0.73	-0.79	190.00	-870.00	580.00	-0.30	-0.43	1.34
-240.00	-1000.00	350.00	13.54	-0.85	2.80	140.00	-830.00	-340.00	1.22	-6.28	0.37	80.00	-1030.00	70.00	0.18	0.85	-0.61	190.00	-860.00	570.00	-0.24	-0.43	1.46
-240.00	-1000.00	350.00	13.54	-0.85	2.80	150.00	-830.00	-340.00	3.17	-15.49	0.98	80.00	-1030.00	60.00	0.37	0.61	-0.37	190.00	-860.00	570.00	-0.24	-0.43	1.46
-240.00	-1000.00	350.00	13.66	-2.07	4.21	140.00	-830.00	-330.00	2.56	-15.30	1.40	80.00	-1030.00	70.00	0.43	0.61	-0.06	190.00	-860.00	570.00	-0.37	0.12	1.46
-240.00	-1000.00	350.00	14.57	-2.56	5.30	140.00	-840.00	-330.00	1.59	-10.79	0.91	80.00	-1030.00	70.00	0.43	0.49	0.24	190.00	-860.00	580.00	-0.30	0.24	1.34
-240.00	-1000.00	350.00	14.57	-2.74	5.43	140.00	-830.00	-340.00	1.52	-8.05	0.49	80.00	-1030.00	60.00	0.55	0.24	0.43	190.00	-860.00	580.00	-0.30	0.24	1.34
-240.00	-1000.00	350.00	14.57	-2.74	5.43	160.00	-840.00	-330.00	1.40	-5.85	0.43	80.00	-1030.00	70.00	0.61	0.30	0.61	200.00	-860.00	570.00	0.18	0.73	0.98
-240.00	-1000.00	350.00	14.57	0.49	8.05	160.00	-830.00	-330.00	1.10	-4.39	0.49	90.00	-1030.00	70.00	0.55	0.37	0.79	200.00	-860.00	570.00	0.18	0.73	0.98
-230.00	-990.00	360.00	13.90	2.01	8.72	130.00	-840.00	-340.00	0.98	-3.29	0.49	80.00	-1030.00	60.00	0.49	0.37	0.91	190.00	-870.00	580.00	0.30	0.49	0.98
-230.00	-990.00	360.00	13.90	2.01	8.72	130.00	-830.00	-330.00	0.73	-2.38	0.30	90.00	-1030.00	60.00	0.67	0.43	1.04	190.00	-860.00	580.00	0.00	0.55	0.73
-230.00	-1000.00	350.00	12.99	1.71	8.48	130.00	-830.00	-340.00	0.85	-3.60	0.67	90.00	-1040.00	70.00	0.67	0.43	1.16	190.00	-860.00	580.00	0.00	0.55	0.73
-240.00	-990.00	360.00	10.85	1.22	7.56	130.00	-830.00	-340.00	1.22	-6.65	1.40	90.00	-1030.00	70.00	0.61	0.30	1.22	190.00	-870.00	570.00	-0.06	0.30	0.73
-250.00	-980.00	370.00	9.70	0.43	7.56	140.00	-830.00	-350.00	1.46	-9.57	2.32	90.00	-1030.00	70.00	0.61	0.55	1.22	190.00	-870.00	570.00	-0.18	0.00	0.91
-250.00	-980.00	370.00	9.70	0.43	7.56	130.00	-830.00	-340.00	1.16	-8.54	2.38	90.00	-1030.00	70.00	0.61	0.61	1.16	190.00	-860.00	580.00	-0.18	0.00	0.91
-240.00	-1000.00	350.00	8.66	0.91	7.99	130.00	-830.00	-340.00	0.98	-8.17	2.13	90.00	-1030.00	70.00	0.73	0.73	1.04	190.00	-860.00	580.00	-0.18	0.00	1.16
-240.00	-1000.00	350.00	7.07	1.22	8.17	150.00	-840.00	-340.00	1.16	-9.27	2.38	80.00	-1030.00	60.00	0.79	0.98	0.91	180.00	-860.00	580.00	-0.79	-0.06	1.89
-230.00	-990.00	370.00	7.07	1.22	8.17	150.00	-830.00	-330.00	1.28	-9.33	2.13	80.00	-1030.00	70.00	1.04	0.79	0.79	180.00	-860.00	580.00	-0.79	-0.06	1.89
-230.00	-990.00	370.00	5.18	1.46	7.80	140.00	-830.00	-330.00	2.32	-12.13	1.71	80.00	-1030.00	70.00	0.91	0.85	0.73	180.00	-870.00	570.00	-0.79	-0.06	1.89
-240.00	-980.00	380.00	-0.61	3.90	9.70	130.00	-830.00	-330.00	2.56	-12.50	1.28	80.00	-1030.00	70.00	0.43	1.22	0.73	180.00	-870.00	570.00	-0.79	-0.06	1.89
-240.00	-980.00	380.00	-0.61	3.90	9.70	140.00	-840.00	-320.00	2.20	-10.00	0.61	80.00	-1030.00	60.00	0.24	1.28	0.61	190.00	-860.00	580.00	-1.83	-1.40	5.18
-240.00	-1000.00	380.00	1.71	1.04	12.87	130.00	-840.00	-340.00	2.32	-7.44	0.12	80.00	-1030.00	70.00	0.24	1.52	0.61	180.00	-860.00	580.00	-1.83	-1.40	5.18
-220.00	-1000.00	390.00	3.60	-1.71	15.18	130.00	-830.00	-340.00	-0.37	-3.11	1.40	80.00	-1030.00	70.00	0.24	1.16	0.61	180.00	-860.00	580.00	-2.80	-1.95	6.65
-240.00	-990.00	400.00	3.60	-1.71	15.18	130.00	-840.00	-330.00	-0.37	-3.11	1.40	80.00	-1030.00	60.00	0.18	1.40	0.61	190.00	-860.00	580.00	-3.54	-2.38	8.05
-250.00	-990.00	390.00	13.23	-6.65	19.51	100.00	-840.00	-340.00	-0.37	-3.11	1.40	80.00	-1030.00	70.00	-0.06	1.71	0.91	190.00	-860.00	580.00	-4.63	0.30	13.23
-260.00	-990.00	390.00	17.74	-5.18	22.38	120.00	-820.00	-340.00	-1.77	0.61	1.77	80.00	-1040.00	70.00	-0.12	1.83	1.40	180.00	-870.00	580.00	-4.63	0.30	13.23
-260.00	-990.00	390.00	17.74	-5.18	22.38	110.00	-840.00	-330.00	-1.77	0.61	1.77	80.00	-1030.00	70.00	-0.43	2.68	2.13	180.00	-870.00	580.00	-5.12	1.10	14.76
-250.00	-980.00	400.00	24.45	-3.60	29.70	130.00	-840.00	-330.00	-1.77	0.61	1.77	80.00	-1030.00	70.00	-0.49	3.17	2.93	180.00	-870.00	580.00	-10.00	12.13	27.93
-240.00	-980.00	410.00	38.41	-7.50	67.13	110.00	-840.00	-330.00	-3.41	3.90	3.48	80.00	-1030.00	70.00	-0.43	2.80	4.02	190.00	-850.00	580.00	-9.27	14.15	29.76
-240.00	-980.00	410.00	38.41	-7.50	67.13	110.00	-840.00	-330.00	-3.41	3.90	3.48	80.00	-1030.00	70.00	-0.18	1.65	5.24	190.00	-850.00	580.00	-8.78	16.40	31.83
-260.00	-990.00	390.00	38.41	-7.50	67.13	110.00	-840.00	-330.00	-3.41	3.90	3.48	80.00	-1030.00	70.00	0.55	1.46	5.85	190.00	-850.00	580.00	-6.34	18.17	37.44
-260.00	-990.00	390.00	74.88	2.26	127.38	140.00	-840.00	-330.00	-3.41	3.90	3.48	80.00	-1030.00	70.00	0.73	0.67	6.77	190.00	-870.00	580.00	-6.34	18.17	37.44
-260.00	-980.00	390.00	74.88	2.26	127.38	140.00	-840.00	-330.00	-2.74	4.76	3.90	90.00	-1030.00	80.00	0.43	-0.30	7.87	190.00	-870.00	580.00	-5.37	15.55	38.35
-260.00	-980.00	390.00	79.27	11.04	124.15	140.00	-840.00	-330.00	-2.74	4.76	3.90	80.00	-1040.00	70.00	0.06	-0.55	8.66	190.00	-870.00	580.00	-4.88	13.60	38.66
-260.00	-980.00	410.00	79.27	11.04	124.15	140.00	-840.00	-330.00	-2.74	4.76	3.90	90.00	-1040.00	70.00	-0.43	1.04	9.82	190.00	-860.00	590.00	-0.91	4.88	38.48
-280.00	-1020.00	380.00	84.39	35.91	107.80	130.00	-830.00	-330.00	-1.83	3.84	4.39	100.00	-1040.00	70.00	-0.98	1.28	11.28	180.00	-870.00	580.00	-0.91	4.88	38.48
-280.00	-1060.00	340.00	84.39	35.91	107.80	130.00	-830.00	-330.00	-1.83	3.84	4.39	100.00	-1030.00	70.00	-1.46	0.79	12.99	150.00	-900.00	550.00	-0.91	4.88	38.48
-280.00	-1060.00	340.00	84.82	55.06	115.98	130.00	-830.00	-330.00	-1.83	3.84	4.39	90.00	-1040.00	80.00	-2.32	1.28	14.70	150.00	-900.00	550.00	6.04	-3.23	37.13
-290.00	-1080.00	350.00	92.87	73.05	119.09	130.00	-830.00	-340.00	-1.52	3.48	4.76	100.00	-1030.00	60.00	-3.90	2.26	17.01	140.00	-910.00	580.00	7.68	-3.29	39.82
-290.00	-1140.00	350.00	96.83	77.93	122.99	130.00	-830.00	-340.00	-1.28	2.38	5.30	80.00	-1040.00	80.00	-5.49	4.15	19.02	110.00	-890.00	560.00	7.68	-3.29	39.82
-290.00	-1140.00	350.00	116.83	104.70	129.63	130.00	-830.00	-340.00	-1.28	2.38	5.30	90.00	-1050.00	60.00	-6.59	5.91	21.28	110.00	-890.00	560.00	7.68	-3.29	39.82
-290.00	-1160.00	350.00	121.10	109.39	130.73	130.00	-830.00	-350.00	-0.79	2.07	5.91	80.00	-1040.00	80.00	-6.89	6.65	23.96	100.00	-860.00	560.00	5.98	-1.83	32.56
-290.00	-1200.00	350.00	123.96	119.88	130.73	140.00	-820.00	-340.00	-0.24	0.67	6.95	90.00	-1040.00	80.00	-7.74	7.87	27.07	50.00	-840.00	560.00	5.91	-0.79	29.02
-270.00	-1300.00	400.00	124.02	125.06	136.95	140.00	-820.00	-340.00	-0.24	0.67	6.95	80.00	-1040.00	80.00	-8.48	8.35	30.49	50.00	-880.00	560.00	5.91	-0.79	29.02
-270.00	-1300.00	400.00	115.06	114.70	140.55	140.00	-840.00	-330.00	0.37	-0.12	7.56	70.00	-1050.00	90.00	-8.54	9.51	32.99	50.00	-880.00	560.00	5.43	-1.10	25.18
-270.00	-1300.00	400.00	106.22	94.94	117.99	140.00	-820.00	-350.00	0.91	-1.10	8.17	60.00	-1050.00	100.00	-8.78	10.37	36.04	90.00	-950.00	460.00	4.02	0.49	21.22
-270.00	-1300.00	400.00	106.22	94.94	117.99	140.00	-820.00	-350.00	2.50	-1.77	9.09	50.00	-1060.00	90.00	-7.87	10.24	37.68	-80.00	-1030.00	1370.00	4.21	1.83	17.13
-190.00	-1350.00	480.00	94.88	28.78	37.87	140.00	-830.00	-330.00	4.63	-3.17	10.06	70.00	-1060.00	80.00	-8.23	10.12	40.06	10.00	-890.00	580.00	4.15	3.78	13.60
-190.00	-1350.00	480.00	94.88	28.78	37.87	130.00	-830.00	-340.00	7.32	-4.51	11.83	70.00	-1060.00	80.00	-9.51	9.82	42.44	10.00	-890.00	580.00	4.09	5.37	11.40
-100.00	-1440.00	670.00	70.73	13.11	50.61	150.00	-830.00	-340.00	11.28	-6.40	14.02	60.00	-1050.00	70.00	-10.00	8.78	42.93	-20.00	-900.00	590.00	4.45	5.37	9.27
-120.00	-1260.00	810.00	-2.80	-35.12	-88.35	130.00	-850.00	-340.00	15.06	-7.44	15.79	60.00	-1040.00	60.00	-10.67	8.48	42.32	-60.00	-930.00	580.00	4.45	5.37	9.27
-130.00	-1430.00	960.00	-11.65	11.59	-100.30	150.00	-820.00	-360.00	19.51	-7.20	17.87	50.00	-1050.00	60.00	-11.71	5.85	42.32	-30.00	-900.00	570.00	3.66	5.18	7.07
-190.00	-1400.00	910.00	-11.65	11.59	-100.30	140.00	-840.00	-350.00	25.30	-7.93	20.24	50.00	-1050.00	40.00	-11.83	1.83	41.22	-40.00	-910.00	570.00	3.05	4.21	5.30
-190.00	-1400.00	910.00	-11.65	11.59	-100.30	150.00	-810.00	-370.00	31.46	-7.99	22.74	40.00	-1040.00	50.00	-11.34	-1.95	38.29	-40.00	-920.00	550.00	2.87	3.78	3.72
-110.00	-1420.00	770.00	-61.28	-9.82	-129.94	180.00	-810.00	-380.00	37.87	-8.54	25.91	20.00	-1040.00	40.00	-13.96	-7.68	36.59	-30.00	-930.00	550.00	2.87	3.78	3.72
10.00	-1550.00	750.00	-72.50	-17.50	-146.65	120.00	-830.00	-390.00	43.41	-12.01	30.30	50.00	-1050.00	20.00	-14.21	-8.66	35.06	-30.00	-930.00	550.00	2.20	0.43	0.85
-180.00	-1670.00	400.00	-80.98	-21.34	-160.00	150.00	-800.00	-400.00	50.85	-20.43	36.40	30.00	-1030.00	60.00	-13.84	-13.60	33.48	-40.00	-940.00	560.00	2.20	0.43	0.85
-180.00	-1670.00	400.00	-89.88	-23.78	-171.40	170.00	-810.00	-410.00	57.32	-30.49	44.51	30.00	-1030.00	60.00	-13.84	-15.79	32.74	-10.00	-920.00	580.00	2.38	-1.40	0.37
-240.00	-1670.00	390.00	-97.74	-24.57	-181.28	180.00	-810.00	-430.00	60.73	-32.26	54.45	20.00	-1010.00	50.00	-14.33	-12.44	33.48	-40.00	-910.00	580.00	3.23	-1.83	0.00
-500.00	-1760.00	230.00	-105.55	-29.33	-188.29	180.00	-850.00	-430.00	63.66	-31.59	66.34	10.00	-1000.00	60.00	-14.09	-15.98	31.28	-40.00	-910.00	580.00	4.57	-1.59	-0.67
-500.00	-1760.00	230.00	-105.55	-29.33	-188.29	220.00	-860.00	-470.00	66.52	-29.94	79.94	-10.00	-990.00	50.00	-13.96	-18.29	30.00	-40.00	-910.00	570.00	5.85	-0.18	-1.59
-470.00	-1210.00	-10.00	-114.21	-29.57	-195.43	270.00	-880.00	-460.00	73.78	-28.54	94.02	10.00	-1010.00	60.00	-14.63	-17.20	29.94	-50.00	-910.00	560.00	5.85	-0.18	-1.59
-550.00	-520.00	10.00	-121.46	-27.44	-201.52	250.00	-950.00	-450.00	78.29	-26.71	108.41	-10.00	-990.00	-0.00	-11.34	-18.78	28.41	-50.00	-910.00	560.00	6.65	0.61	-1.52
-70.00	-530.00	-60.00	-127.50	-21.22	-206.16	180.00	-990.00	-390.00	89.09	-20.49	113.11	-20.00	-1040.00	-20.00	-9.57	-29.57	28.72	-50.00	-890.00	580.00	6.65	0.61	-1.52
-70.00	-530.00	-60.00	-127.50	-21.22	-206.16	200.00	-1010.00	-410.00	96.46	-23.66	113.29	-20.00	-1010.00	90.00	-9.33	-25.55	30.30	-40.00	-890.00	570.00	7.13	0.91	-0.91
120.00	-860.00	100.00	-132.38	11.28	-217.99	170.00	-1000.00	-380.00	91.77	-32.32	116.59	-20.00	-1010.00	50.00	-12.13	-16.77	32.32	-30.00	-900.00	570.00	7.13	0.91	-0.91
700.00	-920.00	-210.00	-131.59	32.01	-224.39	220.00	-1140.00	-370.00	89.33	-35.06	126.77	-40.00	-1000.00	20.00	-10.55	-17.26	30.98	-30.00	-900.00	570.00	7.87	2.50	0.98
400.00	-400.00	-250.00	-131.59	32.01	-224.39	140.00	-1000.00	-420.00	93.78	-33.54	133.72	-30.00	-1020.00	20.00	-9.70	-16.40	28.72	-20.00	-910.00	570.00	7.87	2.50	0.98
400.00	-400.00	-250.00	-128.90	55.30	-229.33	240.00	-1090.00	-440.00	87.87	-37.62	146.10	-30.00	-1020.00	-10.00	-7.32	-18.60	25.37	-20.00	-910.00	570.00	7.62	3.11	1.95
260.00	-660.00	-140.00	-125.06	76.59	-233.78	330.00	-1320.00	-250.00	95.00	-41.40	159.76	40.00	-950.00	-220.00	-7.62	-13.11	23.72	-30.00	-900.00	570.00	5.49	4.63	2.74
210.00	-740.00	-100.00	-107.07	107.62	-232.26	370.00	-1590.00	-80.00	102.80	-48.48	173.23	-120.00	-1070.00	-20.00	-7.38	-10.61	22.44	-30.00	-900.00	570.00	5.49	4.63	2.74
170.00	-770.00	-50.00	-107.07	107.62	-232.26	190.00	-1370.00	-100.00	110.91	-46.59	189.09	-60.00	-1070.00	100.00	-5.73	-9.51	19.39	-10.00	-910.00	580.00	5.73	4.39	2.74
170.00	-770.00	-50.00	-96.22	111.22	-224.57	340.00	-1530.00	-90.00	111.46	-60.91	199.70	-100.00	-1050.00	50.00	-5.98	-2.87	17.26	-10.00	-920.00	580.00	5.73	4.39	2.74
90.00	-820.00	40.00	-64.76	115.61	-208.84	420.00	-1340.00	-180.00	112.50	-72.74	208.84	-170.00	-1030.00	30.00	-4.70	-1.77	14.27	-10.00	-920.00	580.00	4.02	8.05	1.52
50.00	-840.00	110.00	-64.76	115.61	-208.84	530.00	-1260.00	-220.00	98.66	-60.67	203.11	-130.00	-1020.00	0.00	-2.99	-2.07	10.61	0.00	-890.00	590.00	4.02	8.05	1.52
-0.00	-920.00	200.00	-48.48	108.84	-198.05	390.00	-1310.00	-340.00	87.50	-40.00	185.43	-190.00	-1050.00	10.00	-2.80	0.49	8.66	0.00	-890.00	590.00	4.02	8.66	1.28
-40.00	-990.00	260.00	-37.99	98.48	-185.00	330.00	-1200.00	-470.00	75.30	-2.87	136.52	-170.00	-1040.00	30.00	-2.32	2.74	7.50	-20.00	-880.00	590.00	3.96	7.80	2.26
-60.00	-1110.00	340.00	-31.10	70.49	-166.10	100.00	-1290.00	-440.00	55.43	7.20	78.60	-180.00	-1030.00	-0.00	-0.55	0.61	5.98	-20.00	-880.00	590.00	3.96	7.80	2.26
-70.00	-1250.00	410.00	-27.99	-113.05	2.56	80.00	-1380.00	-500.00	25.49	0.00	55.73	-190.00	-1020.00	30.00	4.02	-6.28	4.70	-10.00	-870.00	610.00	3.72	7.26	2.68
-70.00	-1250.00	410.00	-27.99	-113.05	2.56	-290.00	-1110.00	-570.00	54.63	41.04	47.44	-170.00	-1030.00	-10.00	7.26	-7.93	3.17	-10.00	-870.00	610.00	3.72	7.26	2.68
-160.00	-1380.00	450.00	-15.61	-175.18	96.10	10.00	-810.00	-600.00	29.94	91.89	-12.44	-180.00	-1020.00	-20.00	9.63	-7.20	2.56	-30.00	-880.00	610.00	3.35	7.01	3.60
-260.00	-1520.00	480.00	38.90	-61.71	55.00	160.00	-1150.00	-580.00	20.43	85.00	-48.90	-160.00	-1050.00	-0.00	13.72	-9.45	3.23	-20.00	-890.00	600.00	5.73	8.84	11.59
-400.00	-1620.00	510.00	43.17	-33.41	66.52	490.00	-530.00	-490.00	1.40	69.15	-55.98	-160.00	-1040.00	20.00	17.32	-11.95	1.22	-20.00	-890.00	600.00	5.73	8.84	11.59
-400.00	-1620.00	510.00	56.22	7.99	67.20	-330.00	-630.00	-500.00	-26.16	64.02	-58.54	-150.00	-1040.00	20.00	17.44	-10.18	0.43	-40.00	-890.00	590.00	6.34	7.80	12.93
-730.00	-1710.00	540.00	49.02	24.02	106.22	520.00	-300.00	-480.00	-47.01	63.54	-64.33	-150.00	-1030.00	-20.00	16.83	-8.78	-0.24	-40.00	-890.00	590.00	6.22	6.52	17.07
-730.00	-1710.00	540.00	10.24	33.17	121.46	860.00	-180.00	-490.00	-45.61	62.20	-80.43	-140.00	-1030.00	-30.00	16.22	-8.48	-0.61	-30.00	-890.00	590.00	6.22	6.52	17.07
-1000.00	-1690.00	630.00	10.24	33.17	121.46	1020.00	-220.00	-460.00	-45.73	60.73	-100.55	-150.00	-1030.00	0.00	14.88	-7.56	-0.43	-30.00	-890.00	590.00	6.46	5.85	19.27
-1050.00	-1610.00	660.00	152.68	120.12	42.87	870.00	-300.00	-430.00	-53.90	59.88	-122.01	-140.00	-1030.00	20.00	13.66	-5.73	-0.18	-30.00	-890.00	590.00	6.83	5.55	20.98
-1050.00	-1610.00	660.00	152.68	120.12	42.87	750.00	-130.00	-390.00	-59.82	59.45	-142.99	-120.00	-1000.00	-10.00	13.05	-4.45	0.30	-20.00	-870.00	600.00	6.95	4.70	23.78
-1170.00	-1340.00	630.00	65.49	141.52	74.57	640.00	-40.00	-360.00	-62.50	60.37	-160.24	-130.00	-1030.00	10.00	10.43	0.30	1.40	-60.00	-870.00	610.00	7.80	3.66	27.07
-1320.00	-1230.00	510.00	15.79	79.02	93.17	610.00	-180.00	-350.00	-64.15	61.77	-175.00	-130.00	-1030.00	20.00	7.07	7.38	2.93	-70.00	-890.00	600.00	7.80	3.66	27.07
-1320.00	-1230.00	510.00	41.28	-29.63	111.28	560.00	-220.00	-360.00	-66.04	61.77	-187.32	-150.00	-1020.00	20.00	6.40	8.17	3.35	-60.00	-910.00	590.00	9.88	0.12	35.24
-1640.00	-1140.00	320.00	41.28	-29.63	111.28	520.00	-270.00	-380.00	-69.45	61.77	-197.74	-150.00	-1030.00	30.00	6.10	6.89	3.78	-60.00	-880.00	610.00	9.88	-0.73	35.43
-1550.00	-800.00	340.00	64.09	19.76	126.65	460.00	-320.00	-380.00	-76.46	63.78	-205.24	-130.00	-1050.00	40.00	7.13	5.24	3.96	-60.00	-870.00	610.00	8.90	-1.34	36.16
-1400.00	-750.00	390.00	64.09	19.76	126.65	410.00	-400.00	-370.00	-85.49	67.62	-209.57	-140.00	-1040.00	30.00	10.30	0.67	4.09	-70.00	-880.00	600.00	7.26	0.85	36.28
-300.00	-1300.00	450.00	85.55	-29.02	121.59	380.00	-510.00	-330.00	-94.51	74.76	-210.55	-150.00	-1050.00	30.00	9.70	1.65	4.15	-70.00	-880.00	600.00	5.85	3.54	36.46
-300.00	-1300.00	450.00	67.62	-6.65	79.51	330.00	-670.00	-340.00	-100.12	85.18	-209.02	-140.00	-1060.00	60.00	8.48	4.09	4.51	-40.00	-910.00	580.00	4.76	5.30	37.07
-380.00	-930.00	860.00	67.62	-6.65	79.51	270.00	-800.00	-330.00	-105.49	97.38	-205.06	-140.00	-1050.00	70.00	8.60	1.95	3.96	-40.00	-910.00	580.00	4.76	5.30	37.07
-670.00	-1310.00	640.00	67.13	-30.00	58.05	220.00	-950.00	-320.00	-112.80	110.85	-199.39	-140.00	-1050.00	40.00	7.74	1.10	4.39	-40.00	-900.00	590.00	3.78	6.40	38.05
-670.00	-1310.00	640.00	67.13	-30.00	58.05	150.00	-1040.00	-330.00	-122.13	125.18	-191.10	-150.00	-1030.00	50.00	6.10	3.29	5.06	-60.00	-900.00	600.00	2.32	7.50	39.39
730.00	-1920.00	-520.00	52.01	-12.32	45.67	100.00	-1150.00	-360.00	-131.65	137.93	-180.79	-120.00	-1040.00	40.00	5.43	2.44	5.30	-100.00	-910.00	610.00	1.04	8.60	40.91
730.00	-1920.00	-520.00	3.05	-10.12	10.79	50.00	-1270.00	-400.00	-137.13	146.95	-171.89	-140.00	-1040.00	50.00	4.51	1.95	6.16	-100.00	-910.00	610.00	-0.43	10.73	42.74
1050.00	-1940.00	-260.00	3.05	-10.12	10.79	-40.00	-1390.00	-450.00	-139.02	153.17	-163.84	-150.00	-1040.00	70.00	4.76	2.20	7.26	-70.00	-900.00	610.00	-1.40	14.21	45.73
140.00	-830.00	530.00	-3.17	-2.26	10.61	-130.00	-1510.00	-490.00	-140.67	155.06	-155.85	-150.00	-1020.00	40.00	5.00	2.26	8.17	-100.00	-890.00	630.00	-1.59	19.45	49.02
180.00	-650.00	1570.00	-5.43	3.96	9.82	-230.00	-1610.00	-520.00	-142.01	155.37	-148.41	-150.00	-1040.00	40.00	6.10	2.07	9.27	-100.00	-890.00	630.00	-2.13	25.43	53.48
-1150.00	-850.00	1050.00	-5.67	6.10	11.77	-310.00	-1650.00	-520.00	-139.27	156.16	-138.84	-150.00	-1040.00	60.00	10.18	-0.49	11.89	-90.00	-880.00	640.00	-4.15	32.13	58.17
-1150.00	-850.00	1050.00	-13.17	19.82	13.11	-370.00	-1680.00	-510.00	-128.60	154.76	-128.90	-140.00	-1040.00	60.00	12.32	-0.55	13.90	-80.00	-870.00	670.00	-5.79	39.76	63.90
-1530.00	-1680.00	970.00	-13.17	19.82	13.11	-410.00	-1700.00	-470.00	-110.73	150.61	-119.82	-150.00	-1040.00	40.00	14.88	-2.32	15.73	-100.00	-890.00	680.00	-7.13	47.20	71.16
-210.00	-830.00	580.00	-23.66	33.05	1.83	-470.00	-1680.00	-390.00	-84.82	142.13	-110.73	-140.00	-1040.00	60.00	14.63	-1.40	17.26	-100.00	-890.00	680.00	-8.05	53.11	80.49
-50.00	-1580.00	450.00	-25.67	30.55	-6.04	-530.00	-1570.00	-320.00	-53.35	120.55	-101.40	-150.00	-1030.00	50.00	14.70	-3.29	19.39	-80.00	-930.00	700.00	-8.05	53.11	80.49
-710.00	-820.00	180.00	-26.16	25.79	-15.73	-560.00	-1410.00	-240.00	-27.56	85.30	-90.79	-150.00	-1030.00	60.00	14.70	-5.55	21.10	-70.00	-930.00	710.00	-11.46	58.54	100.18
-460.00	-880.00	550.00	-26.71	24.39	-22.99	-610.00	-1230.00	-210.00	-11.89	34.27	-78.11	-130.00	-1040.00	40.00	14.21	-5.85	23.35	-70.00	-930.00	710.00	-8.41	68.17	111.52
-460.00	-880.00	550.00	-26.71	24.39	-22.99	-620.00	-1050.00	-290.00	-0.43	-25.43	-66.83	-140.00	-1030.00	60.00	12.99	-5.67	24.82	-70.00	-970.00	710.00	-16.46	81.89	130.18
-250.00	-1000.00	340.00	-25.79	22.87	-22.50	-610.00	-980.00	-350.00	6.83	-81.34	-57.87	-150.00	-1040.00	70.00	11.71	-5.30	26.71	-80.00	-970.00	730.00	-23.17	105.18	149.33
-250.00	-1000.00	340.00	-25.79	22.87	-22.50	-540.00	-1040.00	-400.00	10.06	-123.54	-48.84	-130.00	-1030.00	60.00	10.49	-2.50	29.09	-80.00	-970.00	730.00	-23.17	105.18	149.33
-310.00	-900.00	530.00	-26.89	23.96	-19.76	-450.00	-1080.00	-390.00	16.71	-144.45	-39.51	-140.00	-1050.00	60.00	9.57	-2.01	31.52	-40.00	-1040.00	740.00	-20.67	115.61	161.16
-320.00	-900.00	450.00	-29.57	27.07	-16.04	-430.00	-1080.00	-340.00	22.26	-144.21	-29.15	-160.00	-1040.00	40.00	7.74	-0.98	33.66	-100.00	-1060.00	710.00	-20.67	115.61	161.16
-250.00	-1020.00	380.00	-29.57	27.07	-16.04	-450.00	-1110.00	-250.00	36.89	-133.66	-1.16	-160.00	-1060.00	20.00	6.71	-2.01	35.37	-110.00	-1130.00	650.00	-3.90	133.90	182.38
-240.00	-970.00	450.00	-29.57	27.07	-16.04	-530.00	-1060.00	-180.00	33.05	-84.09	29.94	-140.00	-1030.00	70.00	5.98	-0.91	36.89	-110.00	-1180.00	650.00	-3.90	133.90	182.38
-230.00	-1000.00	390.00	-14.82	10.37	-9.39	-650.00	-1000.00	-150.00	60.24	-45.06	60.91	-160.00	-1040.00	70.00	3.17	2.01	37.38	-40.00	-1380.00	690.00	-4.15	144.15	189.76
-230.00	-1000.00	390.00	-12.13	7.87	-6.04	-700.00	-950.00	-110.00	87.74	-22.80	80.67	-160.00	-1040.00	60.00	-0.55	6.65	38.66	70.00	-1540.00	880.00	-7.13	147.56	198.11
-220.00	-990.00	420.00	-11.04	5.79	-1.04	-600.00	-520.00	-210.00	62.38	-22.87	81.46	-150.00	-1040.00	80.00	-3.23	11.77	40.06	70.00	-1540.00	880.00	-29.15	147.01	180.00
-190.00	-990.00	460.00	-8.48	2.32	8.11	-1120.00	-1220.00	100.00	66.22	-20.18	102.13	-140.00	-1070.00	60.00	-4.76	13.48	40.91	160.00	-1520.00	950.00	-29.15	147.01	180.00
-270.00	-970.00	430.00	-5.61	2.68	15.85	-710.00	-380.00	50.00	60.85	17.20	128.17	-130.00	-1050.00	70.00	-5.67	15.00	42.20	210.00	-1790.00	910.00	-38.41	76.46	5.43
-270.00	-970.00	430.00	-4.51	3.78	18.35	-520.00	-1350.00	-210.00	30.06	41.65	149.88	-150.00	-1050.00	80.00	-7.07	16.40	43.48	210.00	-1790.00	910.00	-0.49	78.17	-87.44
-300.00	-980.00	320.00	-3.72	4.21	18.72	230.00	-710.00	-600.00	23.11	37.07	179.21	-170.00	-1050.00	90.00	-8.78	16.34	45.79	410.00	-1740.00	720.00	-0.49	78.17	-87.44
-290.00	-990.00	350.00	-3.72	4.21	18.72	850.00	-460.00	-1220.00	27.74	22.74	167.68	-190.00	-1040.00	80.00	-10.67	17.44	48.72	280.00	-1780.00	720.00	-18.66	41.71	-106.65
-290.00	-990.00	350.00	-1.83	4.33	20.73	820.00	-510.00	-1120.00	3.78	1.59	133.05	-230.00	-1050.00	70.00	-12.87	19.21	52.68	60.00	-1590.00	730.00	-38.78	13.84	-121.71
-260.00	-1020.00	330.00	-1.83	4.33	20.73	880.00	-1440.00	370.00	3.41	-26.34	94.27	-250.00	-1070.00	100.00	-15.30	21.16	58.66	240.00	-1600.00	770.00	-25.12	-3.60	-134.70
-240.00	-1010.00	360.00	5.37	2.93	37.20	540.00	-1480.00	700.00	-34.45	10.24	102.68	-240.00	-1060.00	90.00	-18.60	24.09	66.46	30.00	-1230.00	870.00	0.79	-20.00	-152.20
-220.00	-1000.00	390.00	5.37	2.93	37.20	190.00	-2000.00	400.00	-53.54	53.78	109.33	-240.00	-1060.00	70.00	-22.26	28.66	74.21	990.00	-470.00	680.00	0.79	-20.00	-152.20
-220.00	-980.00	390.00	9.02	1.22	49.94	150.00	-1670.00	-130.00	-34.45	34.27	89.94	-250.00	-1060.00	100.00	-25.43	29.21	78.72	990.00	-470.00	680.00	7.80	-90.37	-164.82
-220.00	-980.00	390.00	11.71	1.83	55.85	50.00	-1570.00	-140.00	-29.27	5.30	83.66	-240.00	-1060.00	90.00	-31.40	30.49	82.56	660.00	-110.00	310.00	7.80	-90.37	-164.82
-250.00	-1000.00	310.00	11.71	1.83	55.85	-270.00	-1220.00	-520.00	-24.33	17.99	74.88	-240.00	-1070.00	120.00	-37.38	32.13	88.41	580.00	-200.00	280.00	12.07	-120.79	-172.62
-250.00	-1000.00	310.00	13.96	-1.71	64.21	-70.00	-470.00	-670.00	-7.07	15.37	55.49	-250.00	-1080.00	130.00	-44.15	33.41	96.77	580.00	-200.00	280.00	12.07	-120.79	-172.62
-240.00	-1020.00	270.00	20.91	1.10	72.01	190.00	-710.00	-260.00	-2.20	-5.73	51.83	-250.00	-1110.00	120.00	-48.11	28.60	105.18	410.00	-410.00	270.00	21.95	-149.02	-190.67
-220.00	-1030.00	270.00	20.91	1.10	72.01	-80.00	-840.00	-370.00	-8.96	-3.48	45.37	-260.00	-1140.00	130.00	-49.88	24.09	111.10	410.00	-410.00	270.00	21.95	-149.02	-190.67
-190.00	-1040.00	300.00	33.96	8.17	92.13	-340.00	-750.00	-610.00	-8.17	-12.93	43.11	-300.00	-1150.00	120.00	-47.62	14.76	115.37	60.00	-330.00	190.00	20.43	-160.12	-200.49
-190.00	-1020.00	340.00	36.22	9.45	93.05	350.00	-770.00	-390.00	-12.26	-12.44	37.62	-290.00	-1170.00	130.00	-45.37	9.76	122.93	40.00	-380.00	180.00	15.67	-165.49	-211.10
-210.00	-1020.00	340.00	39.88	13.29	92.56	-10.00	-1000.00	-270.00	-8.11	-13.48	28.90	-280.00	-1190.00	120.00	-44.51	7.38	127.80	140.00	-470.00	260.00	12.44	-164.02	-223.29
-210.00	-1020.00	340.00	45.79	18.60	96.95	230.00	-960.00	-270.00	-5.00	-15.85	23.29	-320.00	-1190.00	130.00	-51.22	-3.54	132.62	150.00	-520.00	290.00	43.66	-165.12	-257.20
-250.00	-1010.00	320.00	45.79	18.60	96.95	140.00	-1020.00	-200.00	-4.76	-14.76	18.66	-300.00	-1280.00	80.00	-50.06	-11.16	141.28	150.00	-520.00	290.00	43.66	-165.12	-257.20
-270.00	-1020.00	290.00	54.88	32.07	104.88	60.00	-880.00	-320.00	-1.71	-12.32	14.21	-230.00	-1310.00	20.00	-47.50	-11.95	154.76	100.00	-560.00	370.00	27.07	-185.30	-223.11
-290.00	-1050.00	260.00	54.88	32.07	104.88	140.00	-820.00	-370.00	-1.89	-9.82	12.26	-320.00	-1290.00	-60.00	-50.79	-19.51	165.61	100.00	-560.00	370.00	31.52	-177.74	-217.13
-270.00	-1050.00	260.00	57.68	39.51	110.30	110.00	-900.00	-320.00	-3.05	-8.11	10.12	-200.00	-1350.00	-120.00	-46.10	-21.65	179.57	110.00	-620.00	430.00	36.10	-166.46	-211.34
-250.00	-1110.00	330.00	62.93	45.79	120.12	90.00	-830.00	-340.00	-2.68	-7.13	6.10	-150.00	-1330.00	-160.00	-38.54	-21.28	188.96	110.00	-620.00	430.00	31.28	-155.06	-204.21
-250.00	-1110.00	330.00	67.99	50.79	130.37	110.00	-840.00	-330.00	-1.46	-6.95	1.65	-210.00	-1410.00	-180.00	-42.87	-26.52	196.34	130.00	-820.00	520.00	31.28	-155.06	-204.21
-240.00	-1090.00	320.00	73.72	55.06	141.89	120.00	-890.00	-290.00	-0.43	-8.41	-1.77	-210.00	-1620.00	-170.00	-50.73	-26.16	209.33	-90.00	-1400.00	670.00	21.16	-123.84	-180.85
-240.00	-1090.00	320.00	73.72	55.06	141.89	110.00	-890.00	-290.00	0.30	-8.48	-4.15	-200.00	-1550.00	-120.00	-52.50	-24.27	218.96	-420.00	-1600.00	860.00	21.16	-123.84	-180.85
-270.00	-1080.00	290.00	78.35	63.66	172.93	80.00	-860.00	-320.00	1.04	-7.99	-6.34	-220.00	-1720.00	-130.00	-57.87	-40.30	218.72	-420.00	-1600.00	860.00	13.05	-100.12	-167.93
-270.00	-1100.00	320.00	78.35	63.66	172.93	110.00	-800.00	-370.00	1.95	-9.02	-8.29	-160.00	-1800.00	-20.00	-52.99	-61.10	224.27	-670.00	-1730.00	1250.00	3.72	-73.41	-150.67
-250.00	-1160.00	300.00	68.72	64.39	189.27	110.00	-810.00	-390.00	2.74	-9.82	-9.76	20.00	-1940.00	0.00	-40.49	-61.04	206.10	-950.00	-1550.00	1090.00	-2.38	-43.78	-130.49
-350.00	-1150.00	340.00	68.72	64.39	189.27	80.00	-810.00	-370.00	1.10	-9.63	-10.85	-60.00	-1910.00	-30.00	-32.68	-35.06	176.16	-950.00	-1550.00	1090.00	-2.38	-43.78	-130.49
-350.00	-1160.00	360.00	70.55	68.35	217.93	100.00	-840.00	-370.00	-1.04	-8.90	-11.71	-80.00	-1990.00	-140.00	-19.51	9.63	143.54	-950.00	-1430.00	1000.00	-3.72	-9.88	-108.11
-350.00	-1160.00	360.00	70.55	68.35	217.93	110.00	-820.00	-380.00	-3.05	-8.96	-11.71	200.00	-2000.00	-300.00	-9.57	48.41	112.32	-930.00	-1290.00	890.00	-5.61	20.98	-80.79
-330.00	-1290.00	390.00	69.76	79.82	233.84	130.00	-840.00	-350.00	-5.12	-9.63	-10.98	40.00	-1870.00	-250.00	-11.59	80.61	115.91	-900.00	-1170.00	840.00	-10.06	44.45	-51.10
-330.00	-1290.00	390.00	69.76	87.07	242.87	110.00	-870.00	-330.00	-6.46	-11.28	-9.39	80.00	-1970.00	-250.00	-10.85	82.44	87.74	-910.00	-1060.00	790.00	-14.02	64.51	-23.35
-270.00	-1460.00	470.00	73.78	83.41	247.50	120.00	-880.00	-300.00	-7.01	-12.13	-7.62	160.00	-1960.00	-210.00	-4.15	157.13	27.56	-910.00	-1060.00	790.00	-12.99	78.29	1.71
-340.00	-1350.00	450.00	85.24	112.80	239.63	110.00	-870.00	-310.00	-5.79	-12.93	-5.91	-100.00	-1610.00	-20.00	20.67	220.37	-0.91	-1160.00	-1020.00	750.00	-33.23	49.76	69.76
-240.00	-1370.00	530.00	33.66	-52.13	146.52	130.00	-850.00	-320.00	-3.66	-12.80	-4.45	-140.00	-1670.00	150.00	4.63	166.52	-47.44	-1160.00	-1020.00	750.00	11.46	49.33	113.05
-330.00	-1390.00	490.00	33.66	-52.13	146.52	130.00	-820.00	-340.00	-2.50	-11.28	-2.38	-50.00	-1020.00	260.00	2.62	89.15	-87.93	-1270.00	-980.00	620.00	27.74	22.87	118.11
-330.00	-1390.00	490.00	-62.44	-245.00	-8.48	160.00	-780.00	-390.00	-1.71	-10.06	0.00	0.00	-1080.00	330.00	21.52	47.32	-115.91	-1200.00	-900.00	530.00	27.74	22.87	118.11
-230.00	-1430.00	500.00	-62.87	-231.52	-32.74	140.00	-750.00	-400.00	-1.40	-9.45	2.68	110.00	-860.00	450.00	34.82	46.34	-132.74	-1120.00	-910.00	470.00	12.01	26.22	82.68
-230.00	-1430.00	500.00	-46.83	-198.05	-45.49	130.00	-770.00	-380.00	-2.01	-8.48	6.16	220.00	-740.00	130.00	40.91	36.65	-153.35	-1120.00	-910.00	470.00	12.01	26.22	82.68
-170.00	-1580.00	450.00	-54.39	-172.07	-73.29	130.00	-790.00	-360.00	-2.50	-7.62	9.15	-50.00	-1200.00	120.00	44.51	5.49	-174.21	-1030.00	-880.00	470.00	3.96	20.12	44.39
-170.00	-1580.00	450.00	-54.39	-172.07	-73.29	140.00	-780.00	-380.00	-3.41	-6.89	12.01	-290.00	290.00	750.00	51.77	-28.78	-196.40	-590.00	-680.00	430.00	1.71	25.24	31.34
-190.00	-1600.00	320.00	-75.55	-128.17	-130.91	160.00	-820.00	-360.00	-4.33	-6.52	14.27	640.00	-720.00	400.00	63.35	-55.18	-217.44	-590.00	-680.00	430.00	6.95	19.70	26.04
-310.00	-1600.00	630.00	-75.55	-128.17	-130.91	140.00	-820.00	-340.00	-5.18	-6.65	15.85	1110.00	-790.00	250.00	68.23	-67.50	-233.23	-130.00	-1220.00	740.00	6.95	19.70	26.04
-310.00	-1600.00	630.00	-85.61	-115.24	-141.46	150.00	-840.00	-330.00	-5.98	-7.20	16.95	870.00	-300.00	170.00	65.18	-70.43	-246.22	-50.00	-720.00	750.00	11.16	17.32	12.74
10.00	-1800.00	530.00	-118.17	-74.63	-197.32	140.00	-860.00	-330.00	-6.10	-7.26	17.01	640.00	-190.00	170.00	61.52	-67.20	-256.77	-420.00	-730.00	780.00	11.16	17.32	12.74
10.00	-1800.00	530.00	-118.17	-74.63	-197.32	130.00	-860.00	-330.00	-5.30	-7.56	16.59	400.00	-170.00	200.00	58.35	-55.30	-265.06	-250.00	-850.00	600.00	11.77	12.38	10.18
-100.00	-1670.00	690.00	-118.17	-74.63	-197.32	130.00	-870.00	-330.00	-3.78	-8.54	16.40	490.00	-310.00	110.00	56.83	-38.96	-272.93	80.00	-1000.00	470.00	10.49	10.61	8.17
-100.00	-1670.00	690.00	-140.85	4.33	-282.50	120.00	-870.00	-330.00	-1.77	-9.94	17.01	510.00	-310.00	50.00	56.10	-21.46	-279.27	80.00	-1000.00	470.00	10.98	8.60	8.11
-50.00	-1980.00	700.00	-145.24	18.90	-301.52	100.00	-850.00	-340.00	0.18	-11.40	18.84	400.00	-380.00	40.00	57.13	1.34	-282.68	30.00	-1080.00	470.00	11.22	9.57	8.41
-50.00	-1980.00	700.00	-145.24	18.90	-301.52	100.00	-840.00	-370.00	2.13	-12.01	21.59	310.00	-420.00	50.00	62.74	23.84	-283.11	30.00	-1080.00	470.00	11.22	9.57	8.41
-180.00	-1080.00	-150.00	-147.62	14.57	-302.50	90.00	-810.00	-390.00	3.72	-12.32	25.24	230.00	-560.00	90.00	70.30	41.16	-281.95	10.00	-940.00	520.00	10.43	11.40	8.60
400.00	-1150.00	330.00	-147.93	10.91	-304.57	110.00	-810.00	-400.00	4.94	-13.54	29.27	130.00	-660.00	110.00	78.48	47.62	-280.06	-50.00	-910.00	580.00	10.43	11.40	8.60
400.00	-1150.00	330.00	-147.68	10.55	-306.46	100.00	-810.00	-400.00	6.04	-13.84	33.48	50.00	-760.00	140.00	86.10	29.57	-281.34	40.00	-870.00	570.00	10.37	10.30	10.98
370.00	-1130.00	-30.00	-146.22	16.28	-309.76	120.00	-840.00	-400.00	7.13	-12.99	37.93	-50.00	-850.00	150.00	86.10	0.06	-286.46	30.00	-900.00	560.00	10.37	10.30	10.98
620.00	-510.00	-160.00	-141.59	21.34	-316.16	140.00	-860.00	-390.00	8.29	-12.80	41.89	-90.00	-920.00	140.00	81.16	-27.62	-287.87	30.00	-900.00	560.00	14.45	-0.12	10.85
620.00	-510.00	-160.00	-137.26	22.87	-322.20	140.00	-880.00	-400.00	9.51	-13.05	45.18	-130.00	-1030.00	120.00	76.71	-47.80	-285.37	60.00	-930.00	550.00	12.26	-0.37	6.71
650.00	-310.00	-10.00	-137.26	22.87	-322.20	130.00	-880.00	-370.00	11.52	-12.44	48.35	-180.00	-1170.00	80.00	72.87	-57.68	-284.94	60.00	-930.00	550.00	12.26	-0.37	6.71
450.00	-220.00	-50.00	-128.84	23.41	-322.26	130.00	-890.00	-370.00	15.43	-12.07	51.34	-220.00	-1300.00	30.00	70.73	-64.15	-276.89	60.00	-900.00	560.00	10.30	0.49	4.94
340.00	-340.00	20.00	-116.16	29.51	-315.24	140.00	-880.00	-390.00	19.88	-13.11	54.76	-260.00	-1460.00	-20.00	69.21	-56.77	-265.37	60.00	-900.00	560.00	10.30	0.49	4.94
220.00	-300.00	30.00	-104.51	40.98	-305.12	110.00	-870.00	-390.00	22.62	-15.61	58.84	-280.00	-1630.00	-90.00	64.76	-41.83	-255.12	50.00	-910.00	580.00	9.45	3.41	7.20
250.00	-590.00	130.00	-98.96	49.94	-288.66	100.00	-880.00	-380.00	25.79	-16.52	64.15	-300.00	-1750.00	-160.00	61.40	-34.82	-239.09	40.00	-900.00	590.00	9.45	3.41	7.20
250.00	-590.00	130.00	-95.98	62.99	-267.38	80.00	-850.00	-400.00	29.82	-17.32	69.70	-380.00	-1840.00	-180.00	57.87	-26.89	-217.44	40.00	-900.00	590.00	6.83	5.43	8.90
140.00	-900.00	240.00	-91.77	20.55	-222.87	90.00	-880.00	-400.00	32.74	-18.60	72.80	-480.00	-1990.00	-110.00	49.21	0.79	-192.93	20.00	-880.00	580.00	5.79	6.16	10.67
-10.00	-1130.00	320.00	-91.77	20.55	-222.87	100.00	-900.00	-390.00	36.40	-20.49	75.61	-700.00	-2000.00	-10.00	40.18	11.59	-165.98	10.00	-880.00	590.00	6.59	5.12	13.23
-210.00	-1510.00	500.00	-103.05	-10.98	-168.72	60.00	-920.00	-380.00	42.13	-21.22	78.84	-840.00	-2000.00	80.00	32.50	12.87	-136.89	20.00	-890.00	590.00	4.63	5.00	14.94
-260.00	-1670.00	580.00	-102.74	-70.73	-107.68	80.00	-920.00	-400.00	45.37	-23.96	83.29	-990.00	-2000.00	130.00	25.61	31.16	-100.98	20.00	-890.00	590.00	4.63	5.00	14.94
-370.00	-1870.00	590.00	-83.17	-137.38	-34.94	110.00	-910.00	-430.00	46.59	-27.20	90.18	-1210.00	-1930.00	140.00	21.16	59.33	-60.18	50.00	-890.00	590.00	3.78	6.40	17.68
-490.00	-2000.00	620.00	-83.17	-137.38	-34.94	90.00	-930.00	-410.00	48.48	-32.68	96.34	-1240.00	-1810.00	90.00	14.70	76.71	-23.11	70.00	-830.00	610.00	3.78	6.40	17.68
-490.00	-2000.00	620.00	-19.82	-126.65	46.22	150.00	-1020.00	-390.00	51.52	-36.40	106.71	-1210.00	-1660.00	-0.00	9.63	82.68	9.88	70.00	-830.00	610.00	4.33	7.87	20.12
-670.00	-2000.00	640.00	-19.82	-126.65	46.22	130.00	-1100.00	-400.00	57.32	-35.91	115.67	-1300.00	-1570.00	40.00	3.17	85.18	39.57	50.00	-860.00	620.00	3.78	8.54	23.05
-800.00	-2000.00	630.00	69.63	-10.61	57.62	190.00	-1100.00	-430.00	60.49	-40.37	125.55	-1250.00	-1460.00	-10.00	-5.12	72.74	59.39	50.00	-860.00	620.00	3.54	9.63	25.55
-910.00	-2000.00	630.00	60.49	50.61	107.99	260.00	-1180.00	-410.00	67.87	-39.70	137.20	-1350.00	-1360.00	10.00	-11.34	47.93	69.88	50.00	-820.00	620.00	3.78	11.34	27.68
-950.00	-2000.00	610.00	60.49	50.61	107.99	110.00	-1110.00	-350.00	70.91	-41.95	150.98	-1520.00	-1240.00	20.00	-29.21	-16.59	66.22	50.00	-820.00	620.00	3.78	11.34	27.68
-1020.00	-2000.00	550.00	80.49	94.82	122.20	270.00	-1240.00	-360.00	73.17	-48.35	167.56	-1600.00	-1100.00	-80.00	-50.73	-67.32	61.22	30.00	-840.00	610.00	4.76	13.41	31.71
-1190.00	-2000.00	310.00	102.01	195.49	123.29	180.00	-1150.00	-330.00	73.84	-55.55	184.88	-1460.00	-1010.00	-190.00	-64.70	-85.24	70.55	30.00	-890.00	600.00	4.76	13.41	31.71
-1190.00	-2000.00	310.00	102.01	195.49	123.29	280.00	-1200.00	-330.00	72.93	-68.72	200.00	-1300.00	-880.00	-210.00	-67.74	-88.05	125.79	20.00	-890.00	590.00	5.43	14.45	33.60
-1520.00	-2000.00	160.00	37.13	78.54	211.52	330.00	-1190.00	-400.00	76.59	-70.79	213.17	-1120.00	-920.00	-210.00	-29.39	-81.77	138.05	40.00	-880.00	590.00	6.77	15.43	35.12
-1830.00	-1600.00	260.00	49.88	-58.66	245.49	290.00	-1260.00	-620.00	81.59	-72.99	229.21	-980.00	-930.00	-160.00	-18.96	-89.27	92.32	40.00	-880.00	590.00	7.93	15.55	36.22
-1990.00	-1280.00	360.00	46.34	-63.84	214.51	440.00	-1180.00	-650.00	85.98	-81.04	251.52	-950.00	-910.00	-80.00	-15.43	-130.61	116.77	40.00	-860.00	610.00	7.93	15.55	36.22
-1990.00	-1280.00	360.00	42.32	-11.40	177.44	440.00	-1400.00	-390.00	98.72	-80.79	263.84	-450.00	-1590.00	-120.00	-26.34	-51.46	135.00	40.00	-860.00	610.00	8.96	15.49	37.87
-2000.00	-680.00	990.00	42.32	-11.40	177.44	350.00	-1450.00	-330.00	91.52	-94.15	272.74	-390.00	-1220.00	-20.00	-27.93	28.48	121.77	20.00	-870.00	620.00	9.45	15.49	39.63
-2000.00	-680.00	990.00	82.07	-28.41	100.30	630.00	-1420.00	-380.00	87.99	-107.32	284.15	570.00	-750.00	10.00	-11.46	-16.71	132.44	-10.00	-880.00	610.00	9.88	15.79	40.73
-1590.00	-450.00	1260.00	82.07	-28.41	100.30	500.00	-1270.00	-280.00	72.38	-96.71	273.29	1480.00	-1750.00	-50.00	-3.17	-7.20	126.77	-10.00	-910.00	600.00	10.30	15.98	41.22
-1360.00	-600.00	1010.00	74.21	-12.93	70.73	340.00	-1620.00	-200.00	34.39	-133.11	240.67	1040.00	-1500.00	-410.00	-5.18	3.66	118.41	-10.00	-910.00	600.00	11.22	15.61	41.65
-1160.00	-800.00	790.00	71.16	-25.30	46.83	550.00	-1630.00	-310.00	11.59	-116.22	156.83	-460.00	-520.00	-600.00	-10.00	16.46	107.87	-10.00	-900.00	610.00	11.52	15.24	42.50
-850.00	-950.00	750.00	60.67	-17.38	40.30	170.00	-1500.00	-500.00	-34.88	-132.87	78.84	-1390.00	-2000.00	-750.00	-16.59	5.43	82.56	-20.00	-910.00	600.00	11.52	15.24	42.50
-490.00	-790.00	690.00	50.24	-20.37	31.16	160.00	-2000.00	-370.00	-47.80	-214.27	59.45	-800.00	-1880.00	230.00	-22.38	3.66	61.77	-20.00	-910.00	600.00	9.39	20.91	49.82
300.00	-940.00	-800.00	50.24	-20.37	31.16	240.00	-1310.00	-360.00	10.55	-219.15	87.26	100.00	-1620.00	-400.00	-24.57	13.05	49.09	-40.00	-900.00	600.00	7.56	29.15	54.02
-230.00	-680.00	1110.00	35.67	-19.27	24.45	10.00	-1290.00	-600.00	27.26	-98.66	2.32	-390.00	-1400.00	60.00	-13.23	-11.52	36.65	-40.00	-890.00	610.00	5.30	44.63	65.37
-230.00	-680.00	1110.00	22.26	-15.18	22.80	740.00	-1230.00	-720.00	26.16	-46.04	-92.68	-130.00	-1080.00	220.00	-7.13	-9.09	24.70	-60.00	-900.00	610.00	2.50	50.79	74.88
-1360.00	-2000.00	880.00	10.37	-7.62	16.59	890.00	-300.00	-650.00	18.11	-37.80	-120.61	-280.00	-990.00	310.00	-9.70	16.77	19.76	-60.00	-900.00	610.00	2.50	50.79	74.88
-1060.00	-960.00	1090.00	10.37	-7.62	16.59	-690.00	-100.00	-350.00	7.20	-43.05	-130.12	-340.00	-960.00	320.00	-9.33	20.85	18.11	-70.00	-900.00	610.00	2.38	50.55	87.87
-1060.00	-960.00	1090.00	3.29	-4.27	15.18	-540.00	-130.00	-280.00	-3.90	-58.54	-140.43	-440.00	-1020.00	240.00	-10.67	25.61	15.91	-60.00	-900.00	630.00	-1.34	49.57	93.23
-740.00	-1070.00	-10.00	3.29	-4.27	15.18	40.00	-270.00	-410.00	-5.85	-55.43	-156.16	-420.00	-1010.00	100.00	-10.61	27.13	14.76	-40.00	-900.00	630.00	-1.34	49.57	93.23
-740.00	-1070.00	-10.00	-13.72	12.74	13.54	400.00	-380.00	-400.00	-22.44	-44.21	-166.10	-180.00	-990.00	-180.00	-6.59	22.74	13.17	-40.00	-860.00	730.00	-3.23	49.39	100.06
-320.00	-1000.00	460.00	-13.72	12.74	13.54	720.00	-390.00	-410.00	-35.73	-29.09	-171.95	-270.00	-1030.00	-270.00	-0.79	15.49	12.07	-40.00	-860.00	740.00	-2.26	54.09	106.46
-650.00	-710.00	180.00	-18.23	19.33	8.72	700.00	-240.00	-240.00	-43.17	-8.54	-184.82	-230.00	-1020.00	0.00	3.66	8.66	12.38	-40.00	-860.00	740.00	-5.18	59.27	113.72
-650.00	-1070.00	190.00	-20.00	19.82	1.04	560.00	-210.00	-210.00	-58.78	11.46	-198.84	-120.00	-1040.00	-0.00	7.68	2.68	13.29	-60.00	-880.00	740.00	-5.18	59.27	113.72
-200.00	-960.00	340.00	-21.46	19.15	-6.34	450.00	-270.00	-180.00	-75.67	28.84	-211.40	-100.00	-1050.00	120.00	10.49	0.49	14.21	-100.00	-950.00	730.00	-11.59	75.79	132.74
-200.00	-960.00	340.00	-22.26	19.45	-11.89	270.00	-150.00	-150.00	-93.17	46.28	-221.71	-80.00	-1040.00	70.00	11.16	1.40	15.55	-170.00	-990.00	670.00	-11.59	75.79	132.74
-310.00	-870.00	380.00	-22.26	19.45	-11.89	170.00	-250.00	-140.00	-108.35	64.88	-230.61	-60.00	-1040.00	40.00	10.61	1.22	16.65	-140.00	-1050.00	650.00	-11.59	75.79	132.74
-310.00	-870.00	380.00	-30.06	27.07	-15.37	140.00	-320.00	-150.00	-118.05	81.95	-239.45	-50.00	-1030.00	-0.00	8.66	1.04	16.52	-160.00	-1100.00	650.00	-11.59	75.79	132.74
-240.00	-900.00	490.00	-33.23	29.09	-16.10	160.00	-390.00	-160.00	-123.90	97.50	-248.54	-50.00	-1030.00	-10.00	5.37	2.13	15.00	-140.00	-1200.00	650.00	-28.66	112.07	159.27
-240.00	-900.00	490.00	-35.30	30.43	-17.93	150.00	-490.00	-170.00	-127.93	111.40	-256.77	-40.00	-1020.00	-0.00	4.45	0.55	12.26	-110.00	-1320.00	620.00	-18.72	121.16	169.88
-310.00	-1010.00	330.00	-35.43	30.79	-20.98	160.00	-540.00	-180.00	-128.96	122.99	-264.02	-70.00	-1020.00	0.00	4.21	0.24	10.00	-90.00	-1300.00	690.00	-18.72	121.16	169.88
-310.00	-1010.00	330.00	-33.60	30.37	-23.84	150.00	-600.00	-200.00	-126.59	132.01	-270.49	-60.00	-1060.00	40.00	3.35	4.39	8.84	-90.00	-1300.00	690.00	-10.91	143.78	177.56
-220.00	-950.00	460.00	-29.94	28.96	-24.76	150.00	-670.00	-210.00	-124.21	136.77	-276.16	-40.00	-1060.00	50.00	4.27	4.39	8.41	-50.00	-1330.00	810.00	-10.91	143.78	177.56
-220.00	-950.00	460.00	-29.94	28.96	-24.76	140.00	-730.00	-230.00	-123.84	136.59	-280.61	-60.00	-1040.00	60.00	4.63	5.12	7.99	-0.00	-1480.00	840.00	-2.01	160.73	186.40
-240.00	-970.00	460.00	-19.15	21.04	-25.67	140.00	-800.00	-250.00	-124.82	135.73	-284.21	-80.00	-1050.00	60.00	4.27	9.27	8.11	-50.00	-1400.00	860.00	-2.01	160.73	186.40
-260.00	-960.00	410.00	-19.15	21.04	-25.67	160.00	-920.00	-270.00	-125.12	135.79	-287.56	-90.00	-1040.00	60.00	2.44	17.20	8.90	-50.00	-1400.00	860.00	5.55	196.46	186.71
-310.00	-960.00	310.00	-15.49	16.83	-24.88	200.00	-1090.00	-290.00	-126.28	138.48	-289.76	-100.00	-1030.00	50.00	0.18	21.10	10.49	-50.00	-1400.00	860.00	5.55	196.46	186.71
-320.00	-940.00	300.00	-12.50	14.63	-22.50	240.00	-1280.00	-310.00	-129.02	142.93	-289.76	-120.00	-1040.00	70.00	0.24	17.99	13.23	150.00	-1650.00	1030.00	-3.72	171.89	181.59
-320.00	-940.00	300.00	-10.98	13.78	-19.76	230.00	-1460.00	-340.00	-128.60	149.76	-288.96	-110.00	-1050.00	60.00	-1.52	18.35	14.63	150.00	-1650.00	1030.00	-10.67	168.84	101.28
-300.00	-990.00	300.00	-10.98	13.78	-19.76	180.00	-1600.00	-400.00	-128.48	157.26	-284.15	-100.00	-1050.00	50.00	-2.38	12.80	16.10	280.00	-1670.00	880.00	-10.67	168.84	101.28
-300.00	-990.00	300.00	-10.06	12.26	-17.68	110.00	-1770.00	-480.00	-131.16	161.40	-273.41	-90.00	-1040.00	70.00	-1.40	4.70	17.44	210.00	-1860.00	840.00	3.05	148.05	59.39
-280.00	-1010.00	310.00	-8.66	9.88	-16.04	10.00	-1910.00	-570.00	-131.52	160.55	-259.82	-110.00	-1050.00	70.00	-0.98	0.79	18.90	100.00	-1700.00	820.00	3.05	148.05	59.39
-260.00	-1010.00	330.00	-7.13	7.80	-14.15	-90.00	-2000.00	-640.00	-123.54	152.93	-243.11	-120.00	-1080.00	110.00	-0.73	0.85	20.24	480.00	-1820.00	730.00	-8.17	155.43	16.04
-260.00	-980.00	330.00	-5.61	6.28	-11.59	-170.00	-2000.00	-680.00	-126.89	139.51	-223.17	-70.00	-1070.00	70.00	0.61	-2.87	21.52	480.00	-1820.00	730.00	-23.29	81.65	-112.50
-260.00	-980.00	330.00	-3.78	4.09	-8.96	-220.00	-2000.00	-660.00	-135.61	108.29	-202.62	-70.00	-1060.00	110.00	1.71	-6.40	24.33	90.00	-1350.00	760.00	-23.29	81.65	-112.50
-270.00	-980.00	300.00	-2.20	2.32	-5.91	-230.00	-1960.00	-690.00	-132.50	61.28	-185.06	-70.00	-1050.00	100.00	1.83	-6.89	26.83	90.00	-1350.00	760.00	-46.10	38.41	-118.29
-260.00	-1020.00	240.00	-2.20	2.32	-5.91	-290.00	-1880.00	-820.00	-118.84	10.73	-165.91	-40.00	-1030.00	70.00	1.16	-5.37	29.27	180.00	-1220.00	710.00	-23.11	-4.39	-129.21
-260.00	-1020.00	240.00	0.37	-0.98	0.49	-380.00	-1790.00	-970.00	-106.22	-48.72	-142.99	-50.00	-1040.00	80.00	0.30	-2.99	31.77	180.00	-1220.00	710.00	-23.11	-4.39	-129.21
-260.00	-1020.00	220.00	0.12	-2.20	4.09	-410.00	-1760.00	-760.00	-90.55	-100.43	-112.32	-90.00	-1030.00	60.00	-0.30	-1.40	33.72	430.00	-800.00	570.00	0.06	-20.18	-141.40
-250.00	-1010.00	250.00	0.12	-2.20	4.09	-630.00	-1670.00	-710.00	-51.71	-117.26	-77.93	-120.00	-1030.00	30.00	-0.67	0.24	36.04	430.00	-800.00	570.00	0.06	-20.18	-141.40
-230.00	-1030.00	240.00	-2.87	-3.90	10.06	-790.00	-1490.00	-500.00	3.35	-108.60	-44.51	-80.00	-1050.00	20.00	-0.91	1.40	38.54	540.00	-80.00	410.00	-1.65	-112.62	-145.43
-210.00	-1030.00	270.00	-4.27	-4.82	12.13	-880.00	-1530.00	-30.00	48.35	-95.24	-7.38	-70.00	-1050.00	40.00	-1.28	2.26	40.79	-310.00	-190.00	400.00	-1.65	-112.62	-145.43
-210.00	-1030.00	270.00	-4.27	-4.82	12.13	-1120.00	-1250.00	450.00	65.55	-78.05	23.54	-80.00	-1040.00	60.00	-0.49	1.59	42.20	-420.00	-200.00	550.00	-0.12	-138.23	-148.48
-220.00	-1010.00	290.00	-4.51	-6.28	13.96	-1300.00	-910.00	600.00	75.12	-47.87	29.27	-100.00	-1050.00	70.00	0.00	0.30	43.96	180.00	-210.00	110.00	6.28	-148.84	-154.27
-220.00	-1010.00	290.00	-2.13	-9.09	15.00	-1370.00	-740.00	320.00	75.67	-41.95	35.61	-110.00	-1050.00	70.00	0.55	0.85	45.18	180.00	-210.00	110.00	11.40	-159.21	-159.45
-220.00	-1030.00	270.00	2.07	-13.17	15.73	-1180.00	-860.00	70.00	39.76	-26.65	78.60	-120.00	-1050.00	60.00	1.28	-1.04	46.04	210.00	-420.00	100.00	10.37	-168.96	-164.88
-210.00	-1030.00	260.00	2.07	-13.17	15.73	-1040.00	-930.00	-60.00	29.51	9.63	113.54	-140.00	-1040.00	40.00	2.26	-2.93	47.32	-50.00	-350.00	130.00	10.37	-168.96	-164.88
-190.00	-1050.00	260.00	10.85	-20.73	17.68	-860.00	-1030.00	-10.00	79.33	9.39	142.56	-120.00	-1060.00	30.00	1.95	-2.56	48.11	-50.00	-350.00	130.00	9.15	-172.20	-173.66
-190.00	-1050.00	260.00	10.85	-20.73	17.68	-50.00	-1000.00	-200.00	60.18	-15.55	147.87	-130.00	-1050.00	30.00	0.91	0.43	49.45	-370.00	-330.00	20.00	7.62	-164.57	-186.65
-200.00	-1040.00	260.00	14.57	-24.21	18.96	-960.00	-1880.00	40.00	80.98	-29.82	183.11	-130.00	-1040.00	20.00	-0.73	4.51	51.34	-240.00	-350.00	50.00	29.39	-115.24	-235.30
-190.00	-1050.00	270.00	17.26	-25.67	20.91	-350.00	-370.00	-60.00	62.99	23.05	198.96	-150.00	-1060.00	30.00	-2.62	5.49	53.78	-70.00	-430.00	120.00	34.94	-123.84	-234.02
-190.00	-1050.00	260.00	20.24	-24.57	23.23	-310.00	-1160.00	-680.00	57.93	32.13	198.17	-160.00	-1040.00	30.00	-4.76	6.65	56.71	-80.00	-490.00	140.00	31.95	-136.83	-225.67
-190.00	-1040.00	270.00	22.99	-22.13	28.11	1210.00	-220.00	-1430.00	59.39	38.66	209.21	-170.00	-1030.00	30.00	-5.12	5.98	61.04	-80.00	-490.00	140.00	24.39	-152.07	-212.80
-180.00	-1040.00	290.00	22.99	-22.13	28.11	810.00	-390.00	-1210.00	41.95	32.56	192.13	-190.00	-1040.00	30.00	-3.72	4.02	67.13	-140.00	-490.00	210.00	16.04	-166.10	-196.59
-180.00	-1040.00	290.00	26.65	-19.39	40.43	190.00	-870.00	-650.00	12.62	-11.10	155.18	-180.00	-1070.00	50.00	-3.78	5.98	73.17	-140.00	-490.00	210.00	14.57	-172.44	-179.27
-180.00	-1040.00	290.00	26.65	-19.39	40.43	140.00	-2000.00	720.00	-21.04	-9.09	146.22	-200.00	-1080.00	80.00	-4.21	7.87	77.32	-90.00	-520.00	270.00	17.38	-171.28	-162.87
-200.00	-1020.00	300.00	26.89	-18.29	42.13	460.00	-2000.00	430.00	-32.93	28.66	137.99	-220.00	-1070.00	50.00	-4.76	7.99	81.34	-50.00	-560.00	340.00	24.45	-166.28	-146.59
-200.00	-1030.00	290.00	26.89	-18.29	42.13	660.00	-2000.00	160.00	-7.80	25.67	112.07	-220.00	-1080.00	50.00	-7.01	9.88	86.16	-20.00	-650.00	390.00	32.20	-156.46	-133.41
-200.00	-1030.00	290.00	37.87	-14.27	57.68	460.00	-1980.00	160.00	-3.48	1.95	89.45	-200.00	-1110.00	50.00	-9.57	12.80	90.98	-20.00	-650.00	390.00	37.32	-140.85	-123.90
-230.00	-1050.00	240.00	39.63	-15.30	60.00	-340.00	-1500.00	-530.00	-4.27	9.27	72.87	-200.00	-1100.00	80.00	-12.13	12.93	94.76	-840.00	-1300.00	730.00	34.57	-81.40	-95.73
-230.00	-1060.00	220.00	39.63	-15.30	60.00	-370.00	-660.00	-730.00	12.07	17.99	51.52	-220.00	-1130.00	130.00	-13.54	13.66	96.40	-840.00	-1300.00	730.00	24.15	-55.73	-87.26
-230.00	-1060.00	220.00	45.12	-17.56	75.79	20.00	-720.00	-470.00	10.24	3.23	55.43	-240.00	-1150.00	150.00	-14.88	12.13	100.91	-990.00	-1260.00	800.00	24.15	-55.73	-87.26
-240.00	-1060.00	220.00	45.12	-17.56	75.79	-60.00	-950.00	-340.00	5.73	4.82	48.78	-260.00	-1140.00	140.00	-15.55	11.40	106.10	-1110.00	-1310.00	1030.00	-4.76	-21.10	-67.80
-230.00	-1060.00	220.00	47.68	-17.80	79.88	-480.00	-740.00	-710.00	6.22	-0.12	43.96	-270.00	-1120.00	150.00	-18.48	7.01	107.20	-1110.00	-1310.00	1030.00	-19.57	-7.01	-60.91
-230.00	-1070.00	230.00	47.68	-17.80	79.88	350.00	-800.00	-320.00	1.10	0.85	37.87	-310.00	-1170.00	120.00	-20.91	6.65	114.82	-1130.00	-1310.00	1140.00	21.83	-32.80	99.76
-230.00	-1070.00	230.00	50.85	-13.41	90.55	40.00	-1090.00	-210.00	-0.55	0.85	31.52	-290.00	-1180.00	80.00	-23.90	9.21	122.62	-1200.00	-1350.00	1180.00	25.79	2.50	69.94
-300.00	-1120.00	230.00	50.85	-13.41	90.55	180.00	-990.00	-180.00	3.90	2.13	25.18	-250.00	-1190.00	70.00	-26.95	4.09	129.45	-1130.00	-1340.00	1150.00	32.07	23.66	66.04
-300.00	-1120.00	230.00	53.11	-7.26	86.46	170.00	-980.00	-230.00	6.83	3.23	21.71	-240.00	-1190.00	60.00	-28.17	-1.04	138.60	-1130.00	-1340.00	1150.00	55.49	-31.77	70.79
-290.00	-1160.00	270.00	59.94	10.73	80.61	150.00	-940.00	-290.00	3.84	5.24	20.30	-300.00	-1140.00	-10.00	-31.04	-2.01	150.00	-1120.00	-1290.00	1050.00	55.49	-31.77	70.79
-290.00	-1160.00	270.00	59.94	10.73	80.61	130.00	-820.00	-370.00	-1.52	6.71	17.99	-240.00	-1260.00	-70.00	-35.37	-4.63	162.38	-1070.00	-1200.00	940.00	29.82	-15.06	61.46
-230.00	-1110.00	310.00	59.02	18.35	89.70	170.00	-780.00	-400.00	-5.55	6.77	13.66	-250.00	-1320.00	-110.00	-41.71	-11.65	171.52	-800.00	-870.00	540.00	29.82	-15.06	61.46
-270.00	-1190.00	310.00	59.02	18.35	89.70	150.00	-850.00	-320.00	-5.49	5.12	8.54	-270.00	-1370.00	-170.00	-46.16	-9.45	182.80	-820.00	-800.00	530.00	27.99	-44.39	70.85
-270.00	-1190.00	310.00	48.60	17.44	96.95	130.00	-950.00	-240.00	-1.89	3.54	3.78	-270.00	-1420.00	-160.00	-51.22	-6.77	191.46	-820.00	-760.00	530.00	18.66	-40.85	55.06
-140.00	-1130.00	200.00	48.60	17.44	96.95	150.00	-930.00	-250.00	0.55	2.50	-0.06	-200.00	-1510.00	-140.00	-56.04	-9.88	201.46	-350.00	-800.00	730.00	12.20	-28.05	37.93
-140.00	-1130.00	200.00	49.70	22.32	97.38	140.00	-870.00	-300.00	1.16	1.40	-2.87	-140.00	-1610.00	-50.00	-51.52	-10.73	209.09	-320.00	-1700.00	510.00	5.91	-28.54	31.77
-230.00	-1130.00	170.00	50.30	35.43	104.63	140.00	-780.00	-350.00	1.65	0.49	-4.82	-380.00	-1620.00	-30.00	-45.91	-6.46	213.60	-320.00	-1700.00	510.00	5.91	-28.54	31.77
-230.00	-1130.00	170.00	50.30	35.43	104.63	120.00	-760.00	-350.00	1.40	0.06	-5.91	-220.00	-1750.00	-10.00	-45.43	-10.00	217.26	-580.00	-1120.00	920.00	-0.67	-4.51	12.56
-260.00	-1230.00	290.00	50.30	35.43	104.63	110.00	-800.00	-330.00	-0.73	0.85	-6.77	-70.00	-1880.00	20.00	-39.51	-13.90	219.76	670.00	-890.00	320.00	-0.67	-4.51	12.56
-260.00	-1230.00	290.00	52.26	39.33	106.10	140.00	-800.00	-360.00	-4.39	1.95	-7.32	-150.00	-1880.00	120.00	-28.72	-27.56	214.76	670.00	-890.00	320.00	-1.77	3.23	4.70
-300.00	-1180.00	380.00	49.15	44.09	109.70	170.00	-820.00	-350.00	-7.56	1.77	-7.93	-90.00	-1990.00	50.00	-21.71	-25.79	197.68	-140.00	-970.00	600.00	-0.49	10.85	-5.67
-180.00	-1180.00	460.00	49.15	44.09	109.70	160.00	-850.00	-330.00	-8.60	0.55	-9.09	40.00	-2000.00	-90.00	-7.87	42.44	176.52	-170.00	-780.00	630.00	4.82	9.94	-6.65
-180.00	-1180.00	460.00	50.43	50.79	112.38	150.00	-870.00	-290.00	-8.41	-2.20	-10.37	-160.00	-1950.00	-180.00	3.96	95.00	139.15	150.00	-700.00	700.00	4.82	9.94	-6.65
-180.00	-1270.00	500.00	47.56	65.67	106.34	160.00	-890.00	-270.00	-7.20	-3.90	-11.16	-60.00	-1970.00	-120.00	-0.12	117.20	122.38	150.00	-700.00	700.00	10.61	9.88	-6.28
-180.00	-1270.00	500.00	47.56	65.67	106.34	160.00	-860.00	-280.00	-5.79	-6.16	-11.46	20.00	-1950.00	-210.00	9.27	128.78	150.61	40.00	-780.00	620.00	13.23	5.43	-4.27
-330.00	-1150.00	360.00	47.56	65.67	106.34	160.00	-840.00	-310.00	-3.11	-8.23	-11.77	80.00	-1610.00	-130.00	3.05	160.43	76.22	40.00	-780.00	620.00	13.23	5.43	-4.27
-330.00	-1150.00	360.00	50.12	75.37	101.59	160.00	-810.00	-310.00	-0.18	-7.74	-11.71	140.00	-1640.00	-30.00	3.96	229.51	20.73	150.00	-890.00	560.00	15.61	-2.87	-1.83
-320.00	-1100.00	340.00	42.62	47.01	94.45	170.00	-800.00	-340.00	-0.55	-7.50	-10.49	-150.00	-1080.00	100.00	8.84	242.01	-15.18	110.00	-900.00	510.00	29.02	-22.62	0.73
-250.00	-1080.00	580.00	42.62	47.01	94.45	190.00	-770.00	-370.00	-0.55	-7.50	-10.49	-330.00	-900.00	250.00	-0.43	65.91	-98.23	110.00	-900.00	530.00	27.44	-22.26	-0.73
-250.00	-1080.00	580.00	42.62	47.01	94.45	160.00	-770.00	-370.00	-2.99	-7.01	-8.54	-10.00	-950.00	260.00	18.11	38.78	-115.18	80.00	-910.00	520.00	27.44	-22.26	-0.73
-320.00	-910.00	590.00	33.78	4.39	74.09	160.00	-790.00	-350.00	-3.84	-6.16	-2.20	150.00	-570.00	270.00	34.82	46.16	-126.71	90.00	-950.00	550.00	17.68	-8.35	-1.52
-320.00	-910.00	590.00	29.63	-26.89	56.77	190.00	-790.00	-340.00	-3.84	-6.16	-2.20	-260.00	-700.00	60.00	36.71	30.98	-147.32	90.00	-950.00	550.00	13.29	-0.30	-2.56
-290.00	-1110.00	490.00	29.63	-26.89	56.77	190.00	-840.00	-300.00	-3.84	-6.16	-2.20	-720.00	-300.00	610.00	35.18	-14.88	-167.87	90.00	-930.00	530.00	13.29	-0.30	-2.56
-290.00	-1110.00	490.00	11.34	-30.61	60.18	190.00	-840.00	-300.00	-3.35	-4.02	1.59	-90.00	-20.00	480.00	37.01	-64.63	-190.18	60.00	-940.00	520.00	8.90	2.74	-3.05
-270.00	-1050.00	480.00	4.09	-64.63	42.38	170.00	-850.00	-300.00	-3.05	-2.99	3.23	470.00	-600.00	170.00	46.04	-94.82	-209.21	60.00	-940.00	520.00	8.90	2.74	-3.05
-400.00	-1030.00	510.00	4.09	-64.63	42.38	200.00	-830.00	-330.00	-3.05	-2.99	3.23	850.00	-440.00	-60.00	50.24	-103.78	-219.27	40.00	-940.00	520.00	8.29	1.71	-2.74
-400.00	-1030.00	510.00	4.09	-64.63	42.38	190.00	-820.00	-340.00	-3.05	-2.99	3.23	560.00	-250.00	-110.00	47.93	-104.45	-226.04	30.00	-940.00	510.00	8.29	1.71	-2.74
-400.00	-1030.00	510.00	-7.62	-105.79	-45.18	190.00	-820.00	-340.00	-4.27	-1.28	6.77	230.00	-30.00	-10.00	44.09	-99.57	-233.66	90.00	-890.00	550.00	5.67	-0.30	-2.07
-450.00	-1010.00	450.00	-15.85	-94.82	-73.48	190.00	-820.00	-340.00	-5.73	-1.22	8.66	120.00	-140.00	10.00	42.56	-83.11	-239.39	90.00	-890.00	550.00	5.67	-0.30	-2.07
-390.00	-1140.00	470.00	-15.85	-94.82	-73.48	190.00	-830.00	-320.00	-5.73	-1.22	8.66	290.00	-220.00	-50.00	42.50	-58.23	-242.56	150.00	-860.00	580.00	4.63	-1.46	-2.07
-390.00	-1140.00	470.00	-15.85	-94.82	-73.48	200.00	-840.00	-310.00	-8.60	-1.40	12.50	330.00	-330.00	-150.00	40.30	-31.28	-243.48	160.00	-830.00	630.00	3.60	-1.89	-1.46
-480.00	-980.00	380.00	-41.04	-80.30	-109.27	200.00	-840.00	-310.00	-8.17	-1.59	14.57	200.00	-310.00	-120.00	39.70	0.61	-242.07	160.00	-830.00	630.00	2.50	-1.22	-0.61
-640.00	-840.00	310.00	-53.48	-73.41	-119.39	210.00	-870.00	-310.00	-8.17	-1.59	14.57	90.00	-350.00	-90.00	43.84	36.65	-238.35	140.00	-840.00	630.00	0.85	0.24	-0.18
-580.00	-730.00	310.00	-53.48	-73.41	-119.39	190.00	-870.00	-300.00	-8.17	-1.59	14.57	0.00	-450.00	-50.00	51.59	64.27	-235.61	100.00	-860.00	620.00	0.85	0.24	-0.18
-580.00	-730.00	310.00	-72.32	-39.45	-150.91	190.00	-870.00	-300.00	-5.30	-3.78	18.23	-70.00	-500.00	-10.00	59.57	75.79	-234.94	90.00	-880.00	600.00	-3.48	2.99	-0.18
-670.00	-650.00	360.00	-72.32	-39.45	-150.91	190.00	-870.00	-300.00	-2.32	-5.61	19.57	-170.00	-580.00	30.00	65.73	65.30	-235.91	90.00	-880.00	600.00	-3.48	2.99	-0.18
