LKNE_MOMENT
File	Frame	X 	Y 	Z 
Trial_17.filtered_40.c3d	1			
 - 	2			
 - 	3	-0.000976	-0.000369	0.000001
 - 	4	-0.000973	-0.000372	0.000002
 - 	5	-0.000968	-0.000394	0.000003
 - 	6	-0.000958	-0.000415	0.000001
 - 	7	-0.000959	-0.000420	0.000002
 - 	8	-0.000972	-0.000410	0.000002
 - 	9	-0.000994	-0.000398	-0.000001
 - 	10	-0.001000	-0.000395	-0.000006
 - 	11	-0.000986	-0.000401	-0.000011
 - 	12	-0.000978	-0.000409	-0.000013
 - 	13	-0.000981	-0.000415	-0.000013
 - 	14	-0.000985	-0.000417	-0.000012
 - 	15	-0.000985	-0.000411	-0.000010
 - 	16	-0.001002	-0.000395	-0.000006
 - 	17	-0.001030	-0.000377	-0.000004
 - 	18	-0.001034	-0.000373	-0.000005
 - 	19	-0.001017	-0.000383	-0.000007
 - 	20	-0.000985	-0.000400	-0.000009
 - 	21	-0.000957	-0.000417	-0.000011
 - 	22	-0.000932	-0.000425	-0.000012
 - 	23	-0.000916	-0.000422	-0.000013
 - 	24	-0.000914	-0.000411	-0.000013
 - 	25	-0.000927	-0.000398	-0.000012
 - 	26	-0.000942	-0.000387	-0.000010
 - 	27	-0.000946	-0.000380	-0.000009
 - 	28	-0.000930	-0.000375	-0.000007
 - 	29	-0.000924	-0.000370	-0.000007
 - 	30	-0.000931	-0.000369	-0.000007
 - 	31	-0.000942	-0.000377	-0.000008
 - 	32	-0.000948	-0.000398	-0.000011
 - 	33	-0.000942	-0.000420	-0.000015
 - 	34	-0.000938	-0.000425	-0.000015
 - 	35	-0.000942	-0.000412	-0.000012
 - 	36	-0.000947	-0.000397	-0.000009
 - 	37	-0.000949	-0.000395	-0.000009
 - 	38	-0.000945	-0.000403	-0.000010
 - 	39	-0.000943	-0.000407	-0.000010
 - 	40	-0.000935	-0.000406	-0.000009
 - 	41	-0.000919	-0.000402	-0.000010
 - 	42	-0.000898	-0.000403	-0.000013
 - 	43	-0.000887	-0.000411	-0.000016
 - 	44	-0.000882	-0.000426	-0.000020
 - 	45	-0.000885	-0.000440	-0.000022
 - 	46	-0.000883	-0.000451	-0.000023
 - 	47	-0.000883	-0.000460	-0.000023
 - 	48	-0.000892	-0.000470	-0.000023
 - 	49	-0.000912	-0.000477	-0.000024
 - 	50	-0.000928	-0.000473	-0.000023
 - 	51	-0.000933	-0.000454	-0.000020
 - 	52	-0.000913	-0.000426	-0.000016
 - 	53	-0.000884	-0.000402	-0.000011
 - 	54	-0.000868	-0.000397	-0.000011
 - 	55	-0.000881	-0.000409	-0.000013
 - 	56	-0.000902	-0.000427	-0.000018
 - 	57	-0.000909	-0.000451	-0.000025
 - 	58	-0.000892	-0.000482	-0.000032
 - 	59	-0.000864	-0.000509	-0.000038
 - 	60	-0.000839	-0.000526	-0.000040
 - 	61	-0.000839	-0.000529	-0.000040
 - 	62	-0.000859	-0.000516	-0.000035
 - 	63	-0.000884	-0.000495	-0.000029
 - 	64	-0.000886	-0.000476	-0.000026
 - 	65	-0.000879	-0.000459	-0.000024
 - 	66	-0.000862	-0.000439	-0.000022
 - 	67	-0.000849	-0.000425	-0.000022
 - 	68	-0.000845	-0.000430	-0.000024
 - 	69	-0.000857	-0.000456	-0.000028
 - 	70	-0.000874	-0.000486	-0.000030
 - 	71	-0.000885	-0.000507	-0.000031
 - 	72	-0.000891	-0.000520	-0.000033
 - 	73	-0.000887	-0.000531	-0.000037
 - 	74	-0.000880	-0.000533	-0.000040
 - 	75	-0.000878	-0.000524	-0.000041
 - 	76	-0.000860	-0.000511	-0.000041
 - 	77	-0.000829	-0.000499	-0.000039
 - 	78	-0.000787	-0.000488	-0.000038
 - 	79	-0.000742	-0.000479	-0.000037
 - 	80	-0.000724	-0.000473	-0.000037
 - 	81	-0.000734	-0.000471	-0.000036
 - 	82	-0.000792	-0.000463	-0.000031
 - 	83	-0.000872	-0.000455	-0.000026
 - 	84	-0.000943	-0.000465	-0.000023
 - 	85	-0.000979	-0.000496	-0.000027
 - 	86	-0.000979	-0.000529	-0.000032
 - 	87	-0.000948	-0.000550	-0.000036
 - 	88	-0.000901	-0.000557	-0.000037
 - 	89	-0.000871	-0.000549	-0.000035
 - 	90	-0.000860	-0.000525	-0.000030
 - 	91	-0.000853	-0.000487	-0.000025
 - 	92	-0.000846	-0.000450	-0.000021
 - 	93	-0.000843	-0.000432	-0.000018
 - 	94	-0.000857	-0.000446	-0.000017
 - 	95	-0.000874	-0.000484	-0.000018
 - 	96	-0.000900	-0.000528	-0.000021
 - 	97	-0.000918	-0.000564	-0.000024
 - 	98	-0.000933	-0.000580	-0.000023
 - 	99	-0.000936	-0.000581	-0.000021
 - 	100	-0.000942	-0.000573	-0.000019
 - 	101	-0.000947	-0.000554	-0.000018
 - 	102	-0.000945	-0.000524	-0.000017
 - 	103	-0.000932	-0.000500	-0.000016
 - 	104	-0.000923	-0.000490	-0.000013
 - 	105	-0.000929	-0.000482	-0.000009
 - 	106	-0.000943	-0.000461	-0.000003
 - 	107	-0.000956	-0.000432	0.000003
 - 	108	-0.000967	-0.000417	0.000005
 - 	109	-0.000972	-0.000424	0.000005
 - 	110	-0.000966	-0.000433	0.000005
 - 	111	-0.000974	-0.000426	0.000009
 - 	112	-0.000995	-0.000402	0.000017
 - 	113	-0.001040	-0.000355	0.000027
 - 	114	-0.001089	-0.000295	0.000038
 - 	115	-0.001131	-0.000243	0.000046
 - 	116	-0.001176	-0.000211	0.000051
 - 	117	-0.001215	-0.000196	0.000054
 - 	118	-0.001212	-0.000188	0.000057
 - 	119	-0.001168	-0.000185	0.000062
 - 	120	-0.001124	-0.000191	0.000065
 - 	121	-0.001105	-0.000202	0.000065
 - 	122	-0.001112	-0.000205	0.000063
 - 	123	-0.001136	-0.000192	0.000063
 - 	124	-0.001171	-0.000158	0.000068
 - 	125	-0.001200	-0.000104	0.000075
 - 	126	-0.001201	-0.000049	0.000083
 - 	127	-0.001194	-0.000009	0.000089
 - 	128	-0.001175	0.000021	0.000093
 - 	129	-0.001153	0.000077	0.000099
 - 	130	-0.001112	0.000172	0.000103
 - 	131	-0.001067	0.000287	0.000105
 - 	132	-0.001027	0.000393	0.000104
 - 	133	-0.001020	0.000478	0.000103
 - 	134	-0.001037	0.000531	0.000100
 - 	135	-0.001062	0.000551	0.000092
 - 	136	-0.001084	0.000553	0.000077
 - 	137	-0.001108	0.000550	0.000060
 - 	138	-0.001138	0.000543	0.000043
 - 	139	-0.001155	0.000526	0.000030
 - 	140	-0.001147	0.000506	0.000017
 - 	141	-0.001115	0.000490	0.000005
 - 	142	-0.001059	0.000478	-0.000007
 - 	143	-0.000997	0.000459	-0.000014
 - 	144	-0.000949	0.000405	-0.000006
 - 	145	-0.000978	0.000303	0.000030
 - 	146	-0.001148	0.000178	0.000097
 - 	147	-0.001515	0.000073	0.000189
 - 	148	-0.002057	0.000026	0.000284
 - 	149	-0.002689	0.000052	0.000361
 - 	150	-0.003286	0.000138	0.000409
 - 	151	-0.003685	0.000249	0.000423
 - 	152	-0.003738	0.000331	0.000408
 - 	153	-0.003375	0.000347	0.000367
 - 	154	-0.002660	0.000293	0.000307
 - 	155	-0.001748	0.000177	0.000244
 - 	156	-0.000844	0.000024	0.000202
 - 	157	-0.000113	-0.000135	0.000192
 - 	158	0.000320	-0.000274	0.000216
 - 	159	0.000462	-0.000383	0.000261
 - 	160	0.000427	-0.000451	0.000297
 - 	161	0.000342	-0.000478	0.000302
 - 	162	0.000242	-0.000473	0.000281
 - 	163	0.000135	-0.000434	0.000235
 - 	164	0.000029	-0.000348	0.000146
 - 	165	-0.000044	-0.000214	0.000004
 - 	166	-0.000084	-0.000063	-0.000153
 - 	167	-0.000139	0.000066	-0.000270
 - 	168	-0.000253	0.000167	-0.000335
 - 	169	-0.000405	0.000258	-0.000371
 - 	170	-0.000544	0.000343	-0.000392
 - 	171	-0.000648	0.000425	-0.000412
 - 	172	-0.000738	0.000516	-0.000448
 - 	173	-0.000864	0.000619	-0.000499
 - 	174	-0.001036	0.000725	-0.000550
 - 	175	-0.001248	0.000837	-0.000593
 - 	176	-0.001460	0.000945	-0.000620
 - 	177	-0.001623	0.001025	-0.000612
 - 	178	-0.001720	0.001067	-0.000569
 - 	179	-0.001763	0.001083	-0.000508
 - 	180	-0.001807	0.001078	-0.000432
 - 	181	-0.001885	0.001048	-0.000344
 - 	182	-0.001992	0.000984	-0.000245
 - 	183	-0.002092	0.000867	-0.000133
 - 	184	-0.002127	0.000705	-0.000025
 - 	185	-0.002069	0.000546	0.000052
 - 	186	-0.001948	0.000418	0.000095
 - 	187	-0.001824	0.000315	0.000120
 - 	188	-0.001726	0.000232	0.000134
 - 	189	-0.001662	0.000164	0.000144
 - 	190	-0.001633	0.000110	0.000152
 - 	191	-0.001600	0.000090	0.000154
 - 	192	-0.001497	0.000113	0.000145
 - 	193	-0.001354	0.000167	0.000134
 - 	194	-0.001304	0.000249	0.000140
 - 	195	-0.001398	0.000361	0.000169
 - 	196	-0.001575	0.000490	0.000211
 - 	197	-0.001769	0.000607	0.000257
 - 	198	-0.001962	0.000689	0.000299
 - 	199	-0.002124	0.000713	0.000330
 - 	200	-0.002205	0.000674	0.000337
 - 	201	-0.002174	0.000592	0.000315
 - 	202	-0.002066	0.000484	0.000268
 - 	203	-0.001951	0.000362	0.000212
 - 	204	-0.001824	0.000242	0.000158
 - 	205	-0.001671	0.000125	0.000112
 - 	206	-0.001453	0.000008	0.000074
 - 	207	-0.000986	-0.000095	0.000038
 - 	208	-0.000019	-0.000167	-0.000019
 - 	209	0.001512	-0.000211	-0.000108
 - 	210	0.003436	-0.000238	-0.000231
 - 	211	0.005360	-0.000227	-0.000379
 - 	212	0.006613	-0.000083	-0.000513
 - 	213	0.006633	0.000277	-0.000576
 - 	214	-0.005807	0.003067	-0.000112
 - 	215	-0.002574	0.002826	-0.000184
 - 	216	0.004864	0.002065	-0.000589
 - 	217	0.010791	0.001151	-0.001273
 - 	218	0.011217	0.000013	-0.001460
 - 	219	0.012876	0.001678	-0.002301
 - 	220	0.016752	0.004347	-0.003195
 - 	221	0.019394	0.008195	-0.004524
 - 	222	0.027436	0.014032	-0.007210
 - 	223	0.032178	0.017223	-0.008878
 - 	224	0.035938	0.020005	-0.010600
 - 	225	0.038181	0.020305	-0.011418
 - 	226	0.039527	0.020585	-0.012164
 - 	227	0.039553	0.020275	-0.012245
 - 	228	0.038711	0.020846	-0.012408
 - 	229	0.037431	0.021669	-0.012099
 - 	230	0.035895	0.024105	-0.012440
 - 	231	0.034379	0.025724	-0.012297
 - 	232	0.032144	0.028011	-0.011852
 - 	233	0.030376	0.029512	-0.011644
 - 	234	0.028449	0.030996	-0.011105
 - 	235	0.026273	0.032043	-0.010571
 - 	236	0.024704	0.032520	-0.009970
 - 	237	0.022513	0.032661	-0.009230
 - 	238	0.020184	0.032209	-0.008230
 - 	239	0.018857	0.032433	-0.007243
 - 	240	0.017885	0.031374	-0.006467
 - 	241	0.016561	0.030459	-0.005863
 - 	242	0.015035	0.029675	-0.004964
 - 	243	0.013715	0.029459	-0.004298
 - 	244	0.012303	0.029371	-0.003498
 - 	245	0.010553	0.028590	-0.002573
 - 	246	0.009738	0.027808	-0.001640
 - 	247	0.008014	0.027065	-0.000964
 - 	248	0.006416	0.025703	-0.000105
 - 	249	0.004579	0.024917	0.000534
 - 	250	0.002944	0.024008	0.001079
 - 	251	0.001015	0.023388	0.001816
 - 	252	-0.000472	0.022914	0.002433
 - 	253	-0.002679	0.023247	0.002773
 - 	254	-0.004119	0.022658	0.003619
 - 	255	-0.005383	0.022297	0.004103
 - 	256	-0.006925	0.022254	0.004548
 - 	257	-0.008223	0.021896	0.005186
 - 	258	-0.009939	0.021690	0.005972
 - 	259	-0.011759	0.021177	0.006515
 - 	260	-0.013123	0.020659	0.007077
 - 	261	-0.013514	0.020542	0.007537
 - 	262	-0.013933	0.020595	0.007794
 - 	263	-0.014796	0.020924	0.008105
 - 	264	-0.015216	0.021551	0.008392
 - 	265	-0.015446	0.021634	0.008711
 - 	266	-0.015343	0.021989	0.008867
 - 	267	-0.015736	0.022372	0.009212
 - 	268	-0.015558	0.022708	0.009399
 - 	269	-0.015766	0.023221	0.009517
 - 	270	-0.015928	0.023516	0.009892
 - 	271	-0.016095	0.023792	0.010032
 - 	272	-0.015912	0.024638	0.010089
 - 	273	-0.016199	0.025731	0.010425
 - 	274	-0.016382	0.026459	0.010594
 - 	275	-0.016085	0.027530	0.010761
 - 	276	-0.015324	0.027901	0.010579
 - 	277	-0.015458	0.028549	0.010685
 - 	278	-0.014557	0.029124	0.010732
 - 	279	-0.013976	0.028750	0.010458
 - 	280	-0.013311	0.028842	0.010428
 - 	281	-0.013259	0.029145	0.010603
 - 	282	-0.012283	0.028713	0.010603
 - 	283	-0.011469	0.029032	0.010216
 - 	284	-0.011158	0.028507	0.010064
 - 	285	-0.010300	0.028105	0.009694
 - 	286	-0.009259	0.026971	0.009031
 - 	287	-0.007846	0.025577	0.008179
 - 	288	-0.006356	0.023819	0.007263
 - 	289	-0.004457	0.021645	0.006326
 - 	290	-0.002229	0.019735	0.005064
 - 	291	0.000367	0.017115	0.003489
 - 	292	0.001294	0.015192	0.002592
 - 	293	0.002876	0.012906	0.001650
 - 	294	0.004145	0.010485	0.000932
 - 	295	0.005471	0.008426	0.000280
 - 	296	0.005609	0.006206	-0.000296
 - 	297	0.005431	0.004750	-0.000457
 - 	298	0.004245	0.003834	-0.000642
 - 	299	0.004832	0.002380	-0.000982
 - 	300	-0.001004	0.000450	0.000076
 - 	301	-0.001047	0.000436	0.000076
 - 	302	-0.001105	0.000381	0.000084
 - 	303	-0.001153	0.000271	0.000101
 - 	304	-0.001147	0.000118	0.000121
 - 	305	-0.001060	-0.000037	0.000127
 - 	306	-0.000896	-0.000151	0.000103
 - 	307	-0.000706	-0.000191	0.000043
 - 	308	-0.000548	-0.000159	-0.000043
 - 	309	-0.000482	-0.000095	-0.000123
 - 	310	-0.000564	-0.000070	-0.000141
 - 	311	-0.000806	-0.000114	-0.000069
 - 	312	-0.001156	-0.000171	0.000046
 - 	313	-0.001526	-0.000164	0.000114
 - 	314	-0.001834	-0.000072	0.000100
 - 	315	-0.002050	0.000081	0.000015
 - 	316	-0.002191	0.000264	-0.000114
 - 	317	-0.002301	0.000435	-0.000237
 - 	318	-0.002408	0.000556	-0.000316
 - 	319	-0.002496	0.000614	-0.000344
 - 	320	-0.002560	0.000628	-0.000344
 - 	321	-0.002646	0.000637	-0.000353
 - 	322	-0.002803	0.000657	-0.000369
 - 	323	-0.003026	0.000667	-0.000355
 - 	324	-0.003233	0.000643	-0.000290
 - 	325	-0.003358	0.000586	-0.000190
 - 	326	-0.003415	0.000509	-0.000076
 - 	327	-0.003481	0.000436	0.000031
 - 	328	-0.003613	0.000371	0.000133
 - 	329	-0.003784	0.000308	0.000231
 - 	330	-0.003908	0.000256	0.000304
 - 	331	-0.003938	0.000228	0.000341
 - 	332	-0.003881	0.000213	0.000358
 - 	333	-0.003778	0.000199	0.000370
 - 	334	-0.003701	0.000201	0.000370
 - 	335	-0.003712	0.000232	0.000359
 - 	336	-0.003790	0.000272	0.000350
 - 	337	-0.003857	0.000289	0.000352
 - 	338	-0.003859	0.000289	0.000354
 - 	339	-0.003817	0.000304	0.000351
 - 	340	-0.003773	0.000345	0.000353
 - 	341	-0.003751	0.000401	0.000372
 - 	342	-0.003785	0.000465	0.000411
 - 	343	-0.003880	0.000545	0.000469
 - 	344	-0.004014	0.000649	0.000536
 - 	345	-0.004218	0.000776	0.000609
 - 	346	-0.004545	0.000900	0.000676
 - 	347	-0.005001	0.000977	0.000718
 - 	348	-0.005512	0.000971	0.000715
 - 	349	-0.005899	0.000877	0.000655
 - 	350	-0.005967	0.000735	0.000553
 - 	351	-0.005634	0.000610	0.000448
 - 	352	-0.004856	0.000528	0.000364
 - 	353	-0.003554	0.000462	0.000290
 - 	354	-0.001786	0.000371	0.000199
 - 	355	0.000164	0.000250	0.000072
 - 	356	0.001981	0.000121	-0.000088
 - 	357	0.003359	0.000021	-0.000252
 - 	358	0.003999	-0.000017	-0.000377
 - 	359	0.003815	0.000016	-0.000430
 - 	360	0.003028	0.000072	-0.000409
 - 	361	0.002002	0.000042	-0.000335
 - 	362	0.001007	-0.000160	-0.000233
 - 	363	0.000127	-0.000459	-0.000112
 - 	364	-0.000596	-0.000648	0.000018
 - 	365	-0.001070	-0.000587	0.000125
 - 	366	-0.001336	-0.000316	0.000186
 - 	367	-0.001510	0.000020	0.000203
 - 	368	-0.001593	0.000303	0.000186
 - 	369	-0.001511	0.000489	0.000142
 - 	370	-0.001229	0.000586	0.000083
 - 	371	-0.000768	0.000599	0.000022
 - 	372	-0.000217	0.000518	-0.000029
 - 	373	0.000268	0.000352	-0.000062
 - 	374	0.000582	0.000129	-0.000074
 - 	375	0.000746	-0.000149	-0.000066
 - 	376	0.000811	-0.000473	-0.000048
 - 	377	0.000800	-0.000794	-0.000023
 - 	378	0.000779	-0.001080	-0.000000
 - 	379	0.000828	-0.001316	0.000013
 - 	380	0.000891	-0.001454	0.000008
 - 	381	0.000849	-0.001446	-0.000010
 - 	382	0.000743	-0.001328	-0.000031
 - 	383	0.000660	-0.001176	-0.000041
 - 	384	0.000593	-0.001036	-0.000038
 - 	385	0.000514	-0.000930	-0.000028
 - 	386	0.000429	-0.000882	-0.000020
 - 	387	0.000334	-0.000893	-0.000020
 - 	388	0.000228	-0.000933	-0.000028
 - 	389	0.000160	-0.000981	-0.000043
 - 	390	0.000215	-0.001051	-0.000062
 - 	391	0.000394	-0.001150	-0.000084
 - 	392	0.000567	-0.001246	-0.000109
 - 	393	0.000647	-0.001304	-0.000132
 - 	394	0.000655	-0.001317	-0.000148
 - 	395	0.000607	-0.001283	-0.000152
 - 	396	0.000470	-0.001201	-0.000143
 - 	397	0.000299	-0.001093	-0.000126
 - 	398	0.000193	-0.001000	-0.000114
 - 	399	0.000126	-0.000937	-0.000110
 - 	400	0.000034	-0.000911	-0.000111
 - 	401	-0.000062	-0.000942	-0.000114
 - 	402	-0.000183	-0.001011	-0.000112
 - 	403	-0.000342	-0.001057	-0.000103
 - 	404	-0.000441	-0.001026	-0.000092
 - 	405	-0.000448	-0.000918	-0.000079
 - 	406	-0.000439	-0.000806	-0.000069
 - 	407	-0.000457	-0.000758	-0.000063
 - 	408	-0.000467	-0.000778	-0.000064
 - 	409	-0.000428	-0.000812	-0.000071
 - 	410	-0.000350	-0.000804	-0.000077
 - 	411	-0.000308	-0.000757	-0.000077
 - 	412	-0.000363	-0.000720	-0.000066
 - 	413	-0.000470	-0.000715	-0.000054
 - 	414	-0.000580	-0.000737	-0.000049
 - 	415	-0.000681	-0.000780	-0.000054
 - 	416	-0.000743	-0.000837	-0.000067
 - 	417	-0.000737	-0.000907	-0.000083
 - 	418	-0.000695	-0.000978	-0.000096
 - 	419	-0.000676	-0.001027	-0.000099
 - 	420	-0.000718	-0.001055	-0.000091
 - 	421	-0.000817	-0.001083	-0.000080
 - 	422	-0.000939	-0.001098	-0.000070
 - 	423	-0.001005	-0.001050	-0.000062
 - 	424	-0.000867	-0.000892	-0.000059
 - 	425	-0.000498	-0.000651	-0.000066
 - 	426	-0.000276	-0.000495	-0.000075
 - 	427	-0.000529	-0.000522	-0.000069
 - 	428	-0.000990	-0.000614	-0.000051
 - 	429	-0.001278	-0.000645	-0.000035
 - 	430	-0.001345	-0.000627	-0.000028
 - 	431	-0.001288	-0.000594	-0.000027
 - 	432	-0.001201	-0.000554	-0.000022
 - 	433	-0.001164	-0.000527	-0.000015
 - 	434	-0.001179	-0.000539	-0.000008
 - 	435	-0.001190	-0.000585	-0.000005
 - 	436	-0.001149	-0.000621	-0.000001
 - 	437	-0.001092	-0.000608	0.000008
 - 	438	-0.001072	-0.000560	0.000023
 - 	439	-0.001098	-0.000493	0.000043
 - 	440	-0.001152	-0.000366	0.000066
 - 	441	-0.001201	-0.000141	0.000085
 - 	442	-0.001218	0.000158	0.000093
 - 	443	-0.001270	0.000464	0.000090
 - 	444	-0.001414	0.000721	0.000080
 - 	445	-0.001609	0.000908	0.000067
 - 	446	-0.001799	0.001031	0.000053
 - 	447	-0.001970	0.001090	0.000039
 - 	448	-0.002156	0.001076	0.000032
 - 	449	-0.002389	0.001006	0.000037
 - 	450	-0.002706	0.000941	0.000057
 - 	451	-0.003077	0.000900	0.000087
 - 	452	-0.003384	0.000836	0.000119
 - 	453	-0.003545	0.000726	0.000148
 - 	454	-0.003595	0.000612	0.000167
 - 	455	-0.003607	0.000541	0.000170
 - 	456	-0.003582	0.000540	0.000146
 - 	457	-0.003514	0.000604	0.000092
 - 	458	-0.003531	0.000673	0.000040
 - 	459	-0.003740	0.000700	0.000023
 - 	460	-0.004016	0.000712	0.000017
 - 	461	-0.004188	0.000720	-0.000003
 - 	462	-0.004213	0.000669	-0.000012
 - 	463	-0.004137	0.000557	0.000007
 - 	464	-0.004043	0.000459	0.000020
 - 	465	-0.004036	0.000443	-0.000014
 - 	466	-0.004208	0.000514	-0.000097
 - 	467	-0.004593	0.000624	-0.000185
 - 	468	-0.005131	0.000727	-0.000240
 - 	469	-0.005718	0.000821	-0.000263
 - 	470	-0.006287	0.000910	-0.000275
 - 	471	-0.006812	0.000990	-0.000287
 - 	472	-0.007254	0.001026	-0.000279
 - 	473	-0.007591	0.000989	-0.000218
 - 	474	-0.007812	0.000884	-0.000105
 - 	475	-0.007889	0.000745	0.000036
 - 	476	-0.007838	0.000610	0.000177
 - 	477	-0.007715	0.000512	0.000290
 - 	478	-0.007565	0.000472	0.000355
 - 	479	-0.007428	0.000467	0.000383
 - 	480	-0.007344	0.000441	0.000419
 - 	481	-0.007284	0.000377	0.000480
 - 	482	-0.007160	0.000323	0.000517
 - 	483	-0.006941	0.000338	0.000482
 - 	484	-0.006684	0.000426	0.000376
 - 	485	-0.006436	0.000542	0.000243
 - 	486	-0.006233	0.000633	0.000129
 - 	487	-0.006097	0.000686	0.000049
 - 	488	-0.005991	0.000728	-0.000019
 - 	489	-0.005918	0.000800	-0.000104
 - 	490	-0.005921	0.000921	-0.000213
 - 	491	-0.005941	0.001090	-0.000346
 - 	492	-0.005919	0.001302	-0.000506
 - 	493	-0.005880	0.001518	-0.000658
 - 	494	-0.005812	0.001686	-0.000770
 - 	495	-0.005597	0.001784	-0.000835
 - 	496	-0.005157	0.001772	-0.000837
 - 	497	-0.004511	0.001602	-0.000743
 - 	498	-0.003797	0.001296	-0.000561
 - 	499	-0.003339	0.000982	-0.000355
 - 	500			
 - 	501			
