LLACx	LLACy	LLACz	LLGYx	LLGYy	LLGYz	LMACx	LMACy	LMACz	LMGYx	LMGYy	LMGYz	RLACx	RLACy	RLACz	RLGYx	RLGYy	RLGYz	RMACx	RMACy	RMACz	RMGYx	RMGYy	RMGYz
-180.00	-1040.00	40.00	-0.73	1.28	0.61	-30.00	-880.00	-280.00	-2.44	2.13	-0.79	-200.00	-980.00	90.00	-1.34	0.43	-3.66	50.00	-910.00	480.00	-0.98	-0.24	-1.89
-190.00	-1030.00	30.00	0.98	-0.85	0.85	-80.00	-890.00	-250.00	0.00	0.12	0.55	70.00	-1000.00	-50.00	0.49	-0.55	-0.49	270.00	-910.00	350.00	1.16	-0.06	0.37
-190.00	-1040.00	20.00	1.04	-0.91	0.85	-80.00	-890.00	-250.00	-0.06	-0.18	0.55	70.00	-1000.00	-50.00	0.49	-0.49	-0.55	270.00	-920.00	350.00	1.22	-0.06	0.30
-200.00	-1030.00	30.00	1.22	-0.98	1.04	-70.00	-890.00	-250.00	0.06	-0.18	0.49	70.00	-990.00	-50.00	0.55	-0.55	-0.49	270.00	-920.00	360.00	1.22	-0.12	0.30
-200.00	-1040.00	20.00	1.22	-1.16	0.85	-80.00	-880.00	-250.00	0.06	-0.24	0.37	70.00	-990.00	-50.00	0.43	-0.67	-0.30	270.00	-920.00	360.00	1.22	-0.12	0.30
-200.00	-1040.00	20.00	1.16	-1.16	0.85	-70.00	-890.00	-250.00	0.12	-0.12	0.24	70.00	-1000.00	-50.00	0.37	-0.67	-0.18	270.00	-920.00	360.00	1.22	-0.12	0.30
-190.00	-1040.00	20.00	1.22	-1.10	0.73	-70.00	-890.00	-250.00	0.18	-0.12	0.06	80.00	-990.00	-50.00	0.37	-0.79	-0.30	270.00	-920.00	360.00	1.28	-0.12	0.24
-200.00	-1040.00	20.00	1.22	-1.10	0.61	-70.00	-890.00	-260.00	0.12	-0.06	0.06	70.00	-990.00	-50.00	0.37	-0.67	-0.43	270.00	-910.00	360.00	1.34	-0.12	0.30
-200.00	-1040.00	20.00	1.22	-1.10	0.61	-80.00	-890.00	-250.00	0.06	-0.06	0.00	70.00	-990.00	-50.00	0.30	-0.67	-0.37	270.00	-920.00	360.00	1.28	-0.18	0.49
-200.00	-1040.00	30.00	1.22	-1.10	0.55	-80.00	-890.00	-250.00	0.06	-0.18	-0.12	70.00	-990.00	-40.00	0.30	-0.73	-0.30	270.00	-920.00	350.00	1.22	-0.30	0.61
-200.00	-1040.00	30.00	1.40	-1.10	0.49	-70.00	-890.00	-250.00	0.06	-0.12	-0.24	70.00	-1000.00	-50.00	0.30	-0.67	-0.37	270.00	-910.00	360.00	1.22	-0.37	0.55
-200.00	-1040.00	20.00	1.22	-1.10	0.43	-80.00	-890.00	-250.00	-0.12	-0.06	-0.30	70.00	-1000.00	-50.00	0.49	-0.61	-0.37	270.00	-920.00	360.00	1.22	-0.37	0.67
-200.00	-1040.00	30.00	1.16	-1.10	0.49	-70.00	-890.00	-250.00	-0.12	-0.12	-0.24	70.00	-990.00	-50.00	0.49	-0.61	-0.43	270.00	-920.00	350.00	1.22	-0.30	0.79
-200.00	-1030.00	20.00	1.16	-1.04	0.49	-80.00	-890.00	-250.00	-0.06	0.00	-0.30	70.00	-1000.00	-50.00	0.43	-0.55	-0.37	270.00	-920.00	350.00	1.10	-0.49	0.73
-200.00	-1040.00	30.00	1.10	-1.04	0.49	-80.00	-890.00	-250.00	-0.06	0.00	-0.30	70.00	-990.00	-50.00	0.43	-0.49	-0.43	270.00	-920.00	350.00	1.16	-0.49	0.73
-200.00	-1040.00	30.00	1.10	-1.04	0.49	-70.00	-890.00	-250.00	-0.06	0.06	-0.30	70.00	-990.00	-50.00	0.49	-0.43	-0.30	270.00	-920.00	350.00	1.16	-0.43	0.61
-200.00	-1030.00	20.00	1.16	-1.10	0.43	-70.00	-890.00	-250.00	-0.12	0.06	-0.18	70.00	-990.00	-50.00	0.61	-0.43	-0.37	270.00	-920.00	360.00	1.16	-0.37	0.55
-200.00	-1030.00	20.00	1.04	-1.04	0.67	-70.00	-890.00	-250.00	0.00	0.06	-0.18	70.00	-1000.00	-50.00	0.67	-0.37	-0.37	270.00	-920.00	350.00	1.22	-0.37	0.43
-200.00	-1040.00	30.00	1.16	-1.04	0.73	-70.00	-890.00	-250.00	0.00	0.06	-0.30	70.00	-1000.00	-50.00	0.61	-0.30	-0.30	270.00	-920.00	360.00	1.22	-0.37	0.55
-200.00	-1030.00	30.00	1.16	-1.04	0.73	-70.00	-890.00	-250.00	-0.06	0.12	-0.37	70.00	-990.00	-40.00	0.73	-0.43	-0.24	270.00	-910.00	360.00	1.28	-0.30	0.43
-200.00	-1040.00	30.00	1.16	-1.10	0.73	-80.00	-890.00	-250.00	0.06	0.12	-0.43	70.00	-1000.00	-50.00	0.85	-0.55	-0.30	270.00	-920.00	360.00	1.40	-0.24	0.49
-200.00	-1040.00	20.00	1.16	-1.04	0.67	-70.00	-890.00	-250.00	0.18	0.00	-0.49	70.00	-1000.00	-50.00	0.85	-0.49	-0.12	270.00	-920.00	360.00	1.40	-0.30	0.55
-200.00	-1040.00	30.00	1.22	-1.10	0.67	-70.00	-890.00	-250.00	0.12	0.12	-0.55	70.00	-1000.00	-50.00	0.85	-0.49	-0.12	270.00	-920.00	360.00	1.40	-0.24	0.49
-200.00	-1040.00	30.00	1.34	-1.22	0.61	-70.00	-880.00	-250.00	0.12	0.00	-0.49	70.00	-1000.00	-50.00	0.79	-0.43	-0.06	270.00	-920.00	350.00	1.46	-0.24	0.67
-200.00	-1040.00	30.00	1.40	-1.22	0.55	-70.00	-890.00	-250.00	-0.06	0.00	-0.61	70.00	-1000.00	-50.00	0.91	-0.43	-0.18	270.00	-910.00	350.00	1.59	-0.30	0.73
-200.00	-1040.00	30.00	1.34	-1.28	0.61	-80.00	-890.00	-250.00	-0.18	0.00	-0.61	70.00	-1000.00	-50.00	1.04	-0.49	-0.18	270.00	-920.00	360.00	1.59	-0.37	0.61
-200.00	-1040.00	20.00	1.22	-1.34	0.67	-70.00	-890.00	-240.00	-0.12	0.12	-0.61	70.00	-1000.00	-50.00	1.16	-0.55	-0.18	270.00	-920.00	350.00	1.59	-0.37	0.67
-200.00	-1040.00	30.00	1.22	-1.34	0.61	-70.00	-890.00	-250.00	-0.18	0.12	-0.67	70.00	-1000.00	-50.00	1.28	-0.49	-0.30	270.00	-920.00	350.00	1.59	-0.30	0.79
-200.00	-1040.00	30.00	1.16	-1.22	0.79	-70.00	-890.00	-250.00	-0.24	0.00	-0.79	70.00	-990.00	-50.00	1.28	-0.43	-0.30	270.00	-920.00	360.00	1.71	-0.37	0.79
-200.00	-1040.00	30.00	1.22	-1.22	0.79	-80.00	-890.00	-250.00	-0.12	0.18	-0.73	70.00	-1000.00	-50.00	1.40	-0.43	-0.24	270.00	-920.00	360.00	1.71	-0.30	0.73
-200.00	-1040.00	30.00	1.28	-1.22	0.79	-80.00	-890.00	-250.00	-0.18	0.24	-0.73	70.00	-990.00	-50.00	1.28	-0.37	-0.30	270.00	-920.00	360.00	1.71	-0.24	0.73
-200.00	-1040.00	20.00	1.16	-1.28	0.73	-70.00	-880.00	-250.00	-0.24	0.18	-0.67	70.00	-990.00	-50.00	1.34	-0.43	-0.30	270.00	-910.00	360.00	1.71	-0.30	0.79
-200.00	-1040.00	30.00	1.16	-1.28	0.85	-70.00	-890.00	-250.00	-0.30	0.30	-0.37	80.00	-990.00	-40.00	1.34	-0.49	-0.37	270.00	-910.00	360.00	1.71	-0.37	0.79
-200.00	-1040.00	30.00	0.91	-1.22	0.91	-70.00	-890.00	-250.00	-0.24	0.30	-0.18	70.00	-990.00	-40.00	1.28	-0.55	-0.43	270.00	-920.00	360.00	1.83	-0.30	0.79
-200.00	-1040.00	30.00	0.98	-1.16	1.04	-80.00	-890.00	-250.00	-0.24	0.24	-0.30	70.00	-990.00	-50.00	1.34	-0.49	-0.37	270.00	-910.00	360.00	1.89	-0.24	0.79
-200.00	-1040.00	30.00	0.98	-1.04	1.22	-70.00	-890.00	-240.00	-0.12	0.12	-0.37	70.00	-1000.00	-40.00	1.46	-0.49	-0.37	270.00	-910.00	360.00	1.89	-0.24	0.73
-200.00	-1040.00	30.00	0.98	-0.98	1.16	-70.00	-890.00	-250.00	0.00	0.06	-0.37	70.00	-1000.00	-50.00	1.40	-0.43	-0.30	270.00	-910.00	360.00	1.95	-0.30	0.73
-200.00	-1040.00	30.00	0.98	-0.98	0.98	-70.00	-890.00	-250.00	0.06	0.18	-0.30	70.00	-990.00	-40.00	1.40	-0.43	-0.43	260.00	-910.00	360.00	1.95	-0.24	0.73
-200.00	-1040.00	30.00	1.16	-1.04	0.85	-70.00	-890.00	-250.00	0.12	0.24	-0.30	70.00	-990.00	-50.00	1.40	-0.49	-0.55	270.00	-910.00	360.00	2.01	-0.24	0.73
-200.00	-1040.00	30.00	1.34	-1.04	0.85	-70.00	-890.00	-240.00	0.12	0.18	-0.30	70.00	-990.00	-50.00	1.16	-0.30	-0.79	270.00	-920.00	360.00	2.01	-0.18	0.79
-190.00	-1040.00	30.00	1.40	-1.04	1.04	-70.00	-890.00	-250.00	0.06	0.24	-0.24	70.00	-990.00	-50.00	1.22	-0.30	-0.91	270.00	-920.00	360.00	2.01	-0.18	0.67
-200.00	-1040.00	30.00	1.22	-0.91	1.10	-70.00	-890.00	-250.00	-0.12	0.24	-0.18	70.00	-1000.00	-40.00	1.16	-0.30	-0.85	270.00	-910.00	350.00	2.07	-0.18	0.79
-190.00	-1040.00	30.00	0.98	-0.98	0.91	-70.00	-890.00	-250.00	-0.06	0.30	-0.18	70.00	-990.00	-40.00	1.10	-0.30	-0.67	270.00	-920.00	360.00	2.01	-0.24	0.85
-200.00	-1040.00	20.00	0.98	-0.98	0.91	-70.00	-890.00	-250.00	-0.06	0.30	-0.37	70.00	-1000.00	-50.00	1.10	-0.30	-0.61	270.00	-920.00	350.00	2.07	-0.30	0.85
-200.00	-1040.00	20.00	0.98	-0.98	0.91	-70.00	-890.00	-250.00	-0.12	0.30	-0.37	70.00	-990.00	-40.00	1.10	-0.18	-0.67	270.00	-910.00	360.00	2.07	-0.18	0.85
-190.00	-1040.00	20.00	0.98	-0.98	1.04	-70.00	-890.00	-250.00	-0.12	0.18	-0.18	70.00	-990.00	-40.00	1.16	-0.18	-0.61	270.00	-920.00	360.00	2.07	-0.18	0.85
-200.00	-1040.00	30.00	0.98	-0.98	1.04	-70.00	-890.00	-250.00	-0.12	0.24	-0.30	70.00	-990.00	-40.00	1.16	-0.18	-0.67	270.00	-920.00	360.00	2.13	-0.06	0.79
-200.00	-1040.00	30.00	0.98	-0.98	1.04	-70.00	-890.00	-250.00	-0.18	0.24	-0.24	70.00	-1000.00	-40.00	1.10	-0.18	-0.73	270.00	-920.00	360.00	2.13	0.00	0.73
-200.00	-1040.00	30.00	0.98	-0.98	1.04	-70.00	-890.00	-240.00	-0.18	0.18	-0.37	70.00	-1000.00	-40.00	1.04	-0.30	-0.79	260.00	-920.00	360.00	2.01	0.00	0.73
-190.00	-1040.00	30.00	0.85	-0.79	1.04	-70.00	-890.00	-250.00	-0.30	0.12	-0.49	70.00	-1000.00	-50.00	0.98	-0.30	-0.73	270.00	-910.00	360.00	2.01	0.00	0.73
-200.00	-1040.00	40.00	0.85	-0.79	1.04	-70.00	-890.00	-250.00	-0.43	0.18	-0.43	70.00	-1000.00	-50.00	0.85	-0.30	-0.79	270.00	-910.00	360.00	2.01	0.00	0.73
-200.00	-1040.00	40.00	0.85	-0.79	1.04	-70.00	-890.00	-250.00	-0.37	0.18	-0.61	70.00	-1000.00	-40.00	0.98	-0.24	-0.85	270.00	-910.00	360.00	2.01	0.00	0.73
-200.00	-1040.00	40.00	1.10	-0.67	0.98	-70.00	-890.00	-250.00	-0.37	0.06	-0.85	80.00	-1000.00	-40.00	0.91	-0.24	-0.91	270.00	-910.00	360.00	1.89	-0.06	0.67
-200.00	-1040.00	30.00	1.10	-0.67	0.98	-60.00	-890.00	-250.00	-0.43	0.06	-1.16	80.00	-1000.00	-40.00	0.91	-0.24	-1.04	270.00	-910.00	360.00	1.89	0.06	0.55
-200.00	-1040.00	30.00	1.10	-0.67	0.98	-70.00	-890.00	-250.00	-0.61	0.12	-1.52	70.00	-1000.00	-40.00	0.85	-0.30	-1.10	270.00	-910.00	360.00	1.89	0.18	0.67
-200.00	-1040.00	30.00	1.28	-0.61	0.79	-70.00	-890.00	-250.00	-0.73	-0.06	-1.89	80.00	-1000.00	-40.00	0.79	-0.24	-1.10	270.00	-910.00	360.00	1.89	0.18	0.67
-200.00	-1030.00	30.00	1.65	-0.30	0.24	-70.00	-890.00	-250.00	-0.79	-0.06	-2.13	70.00	-1000.00	-40.00	0.85	-0.24	-1.04	270.00	-910.00	370.00	2.13	0.24	0.43
-200.00	-1030.00	30.00	1.65	-0.30	0.24	-70.00	-890.00	-250.00	-0.85	-0.12	-2.32	70.00	-990.00	-40.00	1.04	-0.12	-1.10	270.00	-910.00	360.00	2.26	0.18	0.43
-200.00	-1030.00	30.00	1.71	-0.37	0.00	-70.00	-890.00	-250.00	-0.98	0.00	-2.20	80.00	-1000.00	-40.00	1.04	-0.12	-1.04	270.00	-910.00	360.00	2.26	0.18	0.43
-200.00	-1040.00	30.00	1.40	-0.79	-0.06	-70.00	-890.00	-250.00	-0.79	0.06	-1.65	70.00	-990.00	-40.00	1.10	0.00	-1.04	270.00	-910.00	360.00	2.13	0.30	0.55
-200.00	-1040.00	30.00	1.40	-0.79	-0.06	-70.00	-890.00	-250.00	-0.61	0.00	-1.04	80.00	-1000.00	-40.00	1.16	0.00	-0.98	270.00	-910.00	360.00	2.13	0.30	0.55
-200.00	-1040.00	30.00	1.22	-1.04	-0.06	-70.00	-890.00	-250.00	-0.55	0.06	-0.37	80.00	-1000.00	-40.00	1.04	0.12	-0.85	270.00	-910.00	360.00	2.20	0.24	0.49
-200.00	-1030.00	40.00	1.16	-1.22	0.24	-70.00	-890.00	-240.00	-0.43	0.12	0.18	70.00	-990.00	-40.00	1.04	0.18	-0.85	270.00	-920.00	360.00	2.01	0.37	0.61
-200.00	-1040.00	40.00	0.79	-1.04	0.73	-70.00	-890.00	-240.00	-0.37	0.18	0.18	70.00	-1000.00	-40.00	0.98	0.30	-0.73	270.00	-920.00	360.00	2.01	0.37	0.61
-200.00	-1040.00	40.00	0.73	-1.04	1.22	-70.00	-890.00	-240.00	-0.30	0.18	0.06	80.00	-1000.00	-40.00	0.85	0.37	-0.79	270.00	-920.00	360.00	2.01	0.30	0.79
-200.00	-1040.00	30.00	0.55	-0.61	1.65	-60.00	-890.00	-260.00	-0.43	0.24	0.06	80.00	-1000.00	-40.00	0.85	0.30	-0.79	270.00	-910.00	370.00	2.01	0.30	0.79
-200.00	-1030.00	30.00	0.30	-0.55	1.59	-60.00	-890.00	-250.00	-0.49	0.30	-0.12	80.00	-1000.00	-40.00	0.91	0.12	-0.61	270.00	-910.00	370.00	1.89	0.06	0.98
-200.00	-1040.00	30.00	0.37	-0.79	1.22	-60.00	-890.00	-250.00	-0.30	0.37	-0.24	80.00	-990.00	-40.00	0.91	-0.06	-0.55	270.00	-910.00	370.00	1.71	0.00	0.85
-190.00	-1040.00	40.00	0.55	-0.85	0.85	-60.00	-890.00	-240.00	-0.12	0.18	-0.18	70.00	-1000.00	-40.00	0.79	-0.12	-0.49	270.00	-910.00	370.00	1.71	0.00	0.85
-190.00	-1040.00	30.00	0.61	-0.79	0.85	-70.00	-890.00	-250.00	-0.18	0.06	-0.12	80.00	-1000.00	-30.00	0.61	-0.12	-0.67	270.00	-910.00	370.00	1.71	-0.06	0.98
-180.00	-1050.00	40.00	0.67	-0.73	0.98	-70.00	-890.00	-250.00	-0.18	0.00	-0.12	80.00	-1000.00	-30.00	0.61	0.00	-0.67	270.00	-910.00	360.00	1.71	-0.06	0.98
-200.00	-1040.00	30.00	0.73	-0.67	0.85	-70.00	-890.00	-250.00	-0.37	-0.12	-0.18	80.00	-1000.00	-40.00	0.61	-0.06	-0.49	270.00	-910.00	360.00	1.59	-0.06	1.04
-200.00	-1040.00	30.00	0.73	-0.85	0.98	-60.00	-890.00	-250.00	-0.30	0.00	-0.06	80.00	-990.00	-40.00	0.61	-0.18	-0.43	270.00	-910.00	370.00	1.59	-0.06	1.04
-200.00	-1040.00	30.00	0.79	-1.10	0.67	-60.00	-890.00	-250.00	-0.24	0.12	0.18	80.00	-1000.00	-40.00	0.49	-0.24	-0.37	270.00	-910.00	370.00	1.52	-0.06	0.85
-190.00	-1040.00	30.00	0.79	-1.10	0.67	-70.00	-890.00	-250.00	-0.18	0.18	0.55	80.00	-990.00	-40.00	0.37	-0.12	-0.30	270.00	-910.00	370.00	1.34	-0.06	0.79
-190.00	-1040.00	30.00	0.79	-1.10	0.67	-60.00	-890.00	-250.00	-0.18	0.30	0.55	80.00	-1000.00	-40.00	0.43	-0.18	-0.30	270.00	-910.00	370.00	1.34	-0.06	0.79
-200.00	-1040.00	30.00	0.73	-0.98	0.79	-70.00	-890.00	-260.00	-0.12	0.30	0.79	80.00	-990.00	-40.00	0.49	-0.37	-0.12	270.00	-910.00	370.00	1.34	-0.18	0.67
-190.00	-1030.00	30.00	0.30	-0.73	1.28	-60.00	-890.00	-250.00	-0.12	0.30	0.91	80.00	-990.00	-40.00	0.43	-0.30	0.00	270.00	-910.00	370.00	1.34	-0.18	0.67
-190.00	-1040.00	30.00	0.37	-0.73	1.34	-60.00	-890.00	-250.00	-0.06	0.30	0.85	80.00	-1000.00	-40.00	0.37	-0.43	0.00	270.00	-910.00	370.00	1.16	-0.30	0.73
-200.00	-1040.00	30.00	0.37	-0.73	1.34	-60.00	-890.00	-250.00	-0.18	0.30	0.73	80.00	-990.00	-40.00	0.24	-0.55	0.06	270.00	-910.00	370.00	1.16	-0.30	0.73
-200.00	-1040.00	30.00	0.55	-0.79	1.22	-60.00	-890.00	-250.00	-0.18	0.18	0.55	80.00	-990.00	-40.00	0.12	-0.55	0.06	270.00	-910.00	370.00	1.10	-0.30	0.85
-190.00	-1040.00	40.00	0.55	-0.85	1.04	-60.00	-890.00	-250.00	-0.18	0.00	0.49	80.00	-1000.00	-40.00	0.12	-0.55	0.06	270.00	-910.00	370.00	0.98	-0.43	0.73
-190.00	-1040.00	40.00	0.55	-0.85	1.04	-70.00	-890.00	-250.00	-0.30	0.06	0.49	80.00	-1000.00	-40.00	0.12	-0.55	0.06	260.00	-910.00	370.00	0.98	-0.43	0.73
-190.00	-1040.00	30.00	0.55	-0.85	1.04	-70.00	-890.00	-250.00	-0.24	0.18	0.43	80.00	-990.00	-30.00	0.00	-0.43	0.06	260.00	-910.00	370.00	0.85	-0.43	0.85
-200.00	-1040.00	40.00	0.73	-0.98	0.85	-60.00	-890.00	-250.00	-0.18	0.12	0.43	80.00	-990.00	-30.00	0.12	-0.43	0.00	270.00	-910.00	370.00	0.85	-0.43	0.85
-200.00	-1040.00	30.00	0.61	-0.91	0.79	-60.00	-890.00	-240.00	-0.37	0.12	0.30	80.00	-990.00	-30.00	0.12	-0.43	0.12	270.00	-910.00	370.00	0.85	-0.43	0.79
-200.00	-1040.00	30.00	0.61	-0.91	0.79	-60.00	-890.00	-250.00	-0.37	0.12	0.24	80.00	-1000.00	-40.00	0.18	-0.30	0.30	270.00	-910.00	370.00	0.85	-0.43	0.79
-200.00	-1040.00	30.00	0.49	-0.91	0.67	-60.00	-890.00	-250.00	-0.30	0.24	0.30	70.00	-990.00	-40.00	0.24	-0.30	0.37	270.00	-910.00	370.00	0.73	-0.37	0.85
-200.00	-1040.00	30.00	0.49	-0.91	0.67	-60.00	-890.00	-250.00	-0.37	0.37	0.49	80.00	-990.00	-40.00	0.30	-0.30	0.55	270.00	-910.00	370.00	0.73	-0.37	0.85
-200.00	-1040.00	30.00	0.30	-0.79	0.91	-60.00	-890.00	-250.00	-0.43	0.30	0.55	80.00	-990.00	-40.00	0.30	-0.37	0.55	270.00	-920.00	370.00	0.73	-0.49	0.73
-200.00	-1040.00	30.00	0.18	-0.79	1.10	-60.00	-890.00	-250.00	-0.43	0.30	0.67	80.00	-1000.00	-40.00	0.24	-0.37	0.49	270.00	-920.00	370.00	0.79	-0.43	0.85
-200.00	-1040.00	30.00	0.18	-0.79	1.10	-60.00	-890.00	-240.00	-0.43	0.24	0.73	70.00	-990.00	-40.00	0.12	-0.55	0.43	270.00	-910.00	370.00	0.79	-0.43	0.85
-200.00	-1040.00	30.00	0.24	-0.85	1.10	-60.00	-890.00	-250.00	-0.30	0.18	0.67	80.00	-1000.00	-40.00	-0.06	-0.55	0.43	270.00	-910.00	370.00	0.73	-0.43	0.85
-200.00	-1040.00	30.00	0.18	-0.85	1.22	-60.00	-890.00	-250.00	-0.49	0.30	0.67	80.00	-1000.00	-40.00	-0.18	-0.49	0.30	270.00	-910.00	370.00	0.49	-0.49	0.73
-200.00	-1040.00	30.00	0.18	-0.85	1.22	-60.00	-890.00	-250.00	-0.49	0.30	0.61	80.00	-990.00	-40.00	-0.30	-0.49	0.18	270.00	-910.00	370.00	0.49	-0.49	0.73
-200.00	-1040.00	40.00	0.18	-0.98	1.04	-60.00	-890.00	-250.00	-0.49	0.24	0.55	80.00	-1000.00	-30.00	-0.30	-0.49	0.24	260.00	-920.00	370.00	0.49	-0.49	0.73
-200.00	-1040.00	30.00	0.18	-0.98	1.04	-60.00	-890.00	-250.00	-0.55	0.18	0.61	70.00	-1000.00	-30.00	-0.30	-0.49	0.18	270.00	-910.00	370.00	0.43	-0.55	0.79
-200.00	-1040.00	30.00	0.12	-0.91	1.04	-60.00	-890.00	-240.00	-0.49	0.30	0.61	70.00	-1000.00	-40.00	-0.30	-0.43	0.12	270.00	-910.00	370.00	0.30	-0.37	0.85
-200.00	-1040.00	30.00	0.12	-0.91	1.04	-60.00	-890.00	-250.00	-0.55	0.30	0.79	70.00	-1000.00	-40.00	-0.24	-0.37	0.24	270.00	-910.00	370.00	0.30	-0.37	0.85
-200.00	-1040.00	30.00	0.00	-0.91	1.28	-60.00	-890.00	-250.00	-0.55	0.37	1.16	80.00	-1000.00	-40.00	-0.24	-0.43	0.30	270.00	-910.00	370.00	0.30	-0.49	0.91
-200.00	-1040.00	30.00	0.00	-0.91	1.28	-60.00	-890.00	-250.00	-0.55	0.49	1.22	70.00	-1000.00	-40.00	-0.24	-0.43	0.30	270.00	-910.00	370.00	0.12	-0.55	0.91
-200.00	-1040.00	30.00	-0.06	-0.73	1.59	-60.00	-890.00	-250.00	-0.61	0.43	1.16	80.00	-1000.00	-40.00	-0.18	-0.37	0.37	270.00	-910.00	370.00	0.12	-0.55	0.91
-200.00	-1040.00	30.00	-0.12	-0.73	1.46	-60.00	-890.00	-240.00	-0.67	0.37	1.10	70.00	-1000.00	-40.00	-0.30	-0.37	0.49	270.00	-910.00	370.00	0.12	-0.55	0.85
-190.00	-1040.00	30.00	-0.12	-0.73	1.46	-60.00	-890.00	-250.00	-0.67	0.49	0.91	70.00	-1000.00	-40.00	-0.30	-0.49	0.55	260.00	-910.00	370.00	0.12	-0.55	0.85
-190.00	-1040.00	30.00	-0.12	-0.73	1.46	-60.00	-890.00	-250.00	-0.73	0.49	0.85	70.00	-1000.00	-30.00	-0.37	-0.43	0.61	260.00	-910.00	370.00	0.00	-0.43	0.67
-190.00	-1040.00	30.00	-0.24	-0.61	1.34	-60.00	-890.00	-250.00	-0.73	0.43	0.79	80.00	-990.00	-40.00	-0.49	-0.49	0.55	270.00	-910.00	370.00	0.00	-0.49	0.61
-190.00	-1040.00	30.00	0.06	-0.67	0.91	-60.00	-890.00	-250.00	-0.67	0.43	0.91	80.00	-1000.00	-40.00	-0.55	-0.49	0.49	270.00	-910.00	370.00	0.00	-0.49	0.61
-190.00	-1040.00	30.00	0.06	-0.67	0.91	-60.00	-890.00	-250.00	-0.67	0.37	0.91	80.00	-1000.00	-40.00	-0.61	-0.49	0.37	270.00	-910.00	370.00	0.06	-0.49	0.73
-200.00	-1040.00	30.00	0.00	-0.67	0.91	-70.00	-890.00	-250.00	-0.73	0.24	0.85	70.00	-1000.00	-40.00	-0.73	-0.49	0.24	270.00	-910.00	370.00	0.06	-0.49	0.73
-200.00	-1040.00	30.00	-0.18	-0.73	0.98	-70.00	-890.00	-250.00	-0.85	0.30	0.79	70.00	-1000.00	-40.00	-0.73	-0.49	0.24	270.00	-910.00	370.00	0.00	-0.55	0.61
-200.00	-1040.00	30.00	-0.18	-0.73	0.98	-60.00	-890.00	-250.00	-0.79	0.24	0.67	80.00	-1000.00	-40.00	-0.61	-0.49	0.18	270.00	-910.00	370.00	0.00	-0.55	0.61
-200.00	-1040.00	30.00	-0.06	-0.67	1.04	-70.00	-890.00	-250.00	-0.85	0.24	0.67	80.00	-1000.00	-30.00	-0.79	-0.37	0.55	270.00	-910.00	370.00	-0.30	-0.67	0.67
-200.00	-1040.00	30.00	-0.18	-0.61	1.04	-60.00	-890.00	-250.00	-0.91	0.37	0.73	70.00	-990.00	-30.00	-0.79	-0.37	0.55	270.00	-910.00	360.00	-0.30	-0.67	0.67
-190.00	-1040.00	30.00	-0.12	-0.67	0.91	-60.00	-890.00	-250.00	-0.79	0.43	1.04	70.00	-1000.00	-40.00	-0.79	-0.49	0.67	270.00	-910.00	360.00	-0.24	-0.49	0.61
-190.00	-1040.00	30.00	-0.18	-0.79	0.73	-60.00	-890.00	-250.00	-0.85	0.55	1.28	70.00	-990.00	-40.00	-0.85	-0.55	0.67	270.00	-910.00	370.00	-0.24	-0.49	0.61
-200.00	-1040.00	30.00	-0.18	-0.79	0.67	-70.00	-890.00	-250.00	-0.98	0.61	1.52	70.00	-1000.00	-40.00	-0.91	-0.55	0.67	270.00	-910.00	370.00	-0.24	-0.49	0.61
-200.00	-1040.00	30.00	-0.18	-0.67	0.91	-60.00	-890.00	-250.00	-0.98	0.61	1.71	70.00	-1000.00	-40.00	-0.91	-0.61	0.61	270.00	-920.00	370.00	-0.49	-0.49	0.61
-190.00	-1040.00	30.00	-0.30	-0.55	1.22	-60.00	-890.00	-250.00	-0.91	0.61	1.65	80.00	-1000.00	-40.00	-1.04	-0.61	0.37	270.00	-920.00	370.00	-0.49	-0.61	0.85
-200.00	-1040.00	30.00	-0.55	-0.30	1.59	-60.00	-890.00	-250.00	-0.73	0.49	1.59	80.00	-1000.00	-40.00	-1.22	-0.61	0.18	260.00	-910.00	370.00	-0.49	-0.61	0.85
-200.00	-1040.00	30.00	-0.55	-0.30	1.59	-60.00	-890.00	-250.00	-0.85	0.43	1.40	70.00	-990.00	-30.00	-1.22	-0.61	0.12	270.00	-910.00	370.00	-0.49	-0.61	0.73
-190.00	-1040.00	30.00	-0.37	-0.37	1.46	-60.00	-890.00	-250.00	-0.85	0.55	1.40	80.00	-990.00	-40.00	-1.28	-0.55	0.30	270.00	-910.00	370.00	-0.49	-0.61	0.73
-190.00	-1040.00	40.00	-0.37	-0.55	0.91	-60.00	-890.00	-250.00	-0.79	0.55	1.40	70.00	-990.00	-40.00	-1.22	-0.55	0.49	270.00	-910.00	370.00	-0.55	-0.67	0.73
-190.00	-1040.00	30.00	-0.37	-0.55	0.91	-70.00	-890.00	-250.00	-0.85	0.61	1.52	70.00	-990.00	-40.00	-1.16	-0.55	0.61	270.00	-910.00	370.00	-0.55	-0.67	0.73
-190.00	-1040.00	30.00	-0.18	-0.55	1.04	-70.00	-890.00	-250.00	-1.10	0.73	1.83	70.00	-1000.00	-40.00	-1.10	-0.61	0.73	270.00	-910.00	360.00	-1.04	-0.91	0.73
-190.00	-1040.00	40.00	-0.37	-0.49	1.16	-70.00	-880.00	-250.00	-1.04	0.73	2.26	80.00	-1000.00	-40.00	-1.16	-0.61	0.79	270.00	-910.00	360.00	-1.04	-0.91	0.73
-200.00	-1040.00	30.00	-0.37	-0.55	1.22	-70.00	-890.00	-260.00	-0.98	0.61	2.62	80.00	-990.00	-40.00	-1.22	-0.61	0.79	270.00	-910.00	360.00	-1.04	-0.85	0.73
-200.00	-1040.00	30.00	-0.30	-0.61	1.59	-70.00	-890.00	-250.00	-0.91	0.37	2.74	80.00	-1000.00	-40.00	-1.10	-0.55	0.85	270.00	-920.00	360.00	-1.22	-0.79	0.61
-200.00	-1040.00	30.00	-0.49	-0.67	1.89	-60.00	-890.00	-250.00	-0.98	0.24	2.74	80.00	-1000.00	-40.00	-1.22	-0.67	0.85	270.00	-920.00	360.00	-1.22	-0.79	0.61
-200.00	-1030.00	30.00	-0.79	-0.73	2.01	-60.00	-890.00	-250.00	-0.98	0.18	2.56	80.00	-1000.00	-40.00	-1.28	-0.67	0.73	270.00	-910.00	360.00	-1.22	-0.79	0.73
-200.00	-1030.00	30.00	-0.73	-0.79	1.89	-60.00	-900.00	-250.00	-0.79	0.18	2.50	80.00	-1000.00	-40.00	-1.46	-0.67	0.79	270.00	-910.00	360.00	-1.16	-0.91	0.79
-190.00	-1030.00	30.00	-0.73	-0.79	1.77	-60.00	-890.00	-250.00	-0.79	0.18	2.44	80.00	-1000.00	-40.00	-1.52	-0.73	0.79	270.00	-920.00	360.00	-1.10	-0.85	0.73
-200.00	-1040.00	30.00	-0.55	-0.91	1.52	-70.00	-900.00	-250.00	-0.73	0.12	2.38	70.00	-1000.00	-40.00	-1.65	-0.67	0.73	270.00	-920.00	360.00	-1.10	-0.73	0.67
-190.00	-1040.00	30.00	-0.24	-0.98	1.52	-70.00	-890.00	-250.00	-0.73	0.06	2.26	70.00	-990.00	-40.00	-1.65	-0.55	0.73	270.00	-910.00	360.00	-1.10	-0.73	0.67
-200.00	-1040.00	30.00	-0.18	-1.10	1.34	-70.00	-890.00	-260.00	-0.67	0.00	2.20	70.00	-990.00	-40.00	-1.77	-0.61	0.79	270.00	-910.00	360.00	-1.16	-0.73	0.73
-190.00	-1050.00	30.00	-0.30	-0.98	1.22	-70.00	-890.00	-260.00	-0.79	0.06	2.13	70.00	-1000.00	-40.00	-1.77	-0.61	0.85	270.00	-910.00	370.00	-1.22	-0.85	0.73
-190.00	-1040.00	30.00	-0.43	-0.85	1.10	-70.00	-890.00	-260.00	-0.91	0.12	2.01	80.00	-1000.00	-40.00	-1.77	-0.61	0.98	270.00	-910.00	360.00	-1.22	-0.85	0.73
-200.00	-1040.00	30.00	-0.43	-0.91	1.10	-70.00	-890.00	-250.00	-0.79	0.18	2.01	80.00	-1000.00	-40.00	-1.77	-0.55	1.04	270.00	-910.00	360.00	-1.28	-0.79	0.61
-200.00	-1040.00	30.00	-0.49	-0.85	1.04	-70.00	-890.00	-250.00	-0.73	-0.06	2.56	80.00	-1000.00	-40.00	-1.83	-0.61	0.98	270.00	-910.00	370.00	-1.28	-0.79	0.61
-200.00	-1040.00	30.00	-0.30	-0.85	1.04	-70.00	-890.00	-250.00	-0.73	-0.06	2.56	70.00	-990.00	-40.00	-1.77	-0.67	0.98	270.00	-910.00	360.00	-1.22	-0.67	0.55
-200.00	-1040.00	30.00	-0.24	-0.98	1.22	-70.00	-890.00	-250.00	-0.73	-0.06	2.56	80.00	-990.00	-40.00	-1.77	-0.67	1.04	270.00	-910.00	360.00	-1.22	-0.61	0.49
-200.00	-1040.00	30.00	-0.37	-1.04	1.34	-70.00	-890.00	-250.00	-0.73	-0.37	2.50	80.00	-1000.00	-40.00	-1.83	-0.55	1.04	270.00	-910.00	360.00	-1.22	-0.61	0.49
-200.00	-1040.00	30.00	-0.55	-1.10	1.46	-70.00	-890.00	-260.00	-0.73	-0.37	2.50	70.00	-990.00	-40.00	-1.77	-0.61	0.98	270.00	-910.00	360.00	-1.10	-0.67	0.55
-200.00	-1040.00	30.00	-0.79	-1.04	1.46	-70.00	-890.00	-260.00	-0.73	-0.37	2.50	70.00	-1000.00	-50.00	-1.77	-0.61	1.10	270.00	-910.00	360.00	-1.04	-0.67	0.61
-200.00	-1040.00	30.00	-0.79	-1.04	1.52	-70.00	-890.00	-250.00	-0.61	-0.61	2.07	70.00	-990.00	-40.00	-1.77	-0.61	1.16	270.00	-910.00	360.00	-1.04	-0.67	0.61
-200.00	-1030.00	30.00	-0.79	-1.16	1.59	-70.00	-890.00	-250.00	-0.61	-0.61	2.07	70.00	-1000.00	-50.00	-1.77	-0.67	1.22	270.00	-920.00	360.00	-0.98	-0.73	0.61
-190.00	-1040.00	20.00	-0.61	-1.34	1.34	-70.00	-890.00	-250.00	-0.61	-0.61	2.07	70.00	-1000.00	-40.00	-1.83	-0.67	1.16	270.00	-920.00	360.00	-0.98	-0.73	0.61
-200.00	-1040.00	30.00	-0.67	-1.28	1.28	-70.00	-890.00	-250.00	-0.55	-0.49	1.83	70.00	-990.00	-40.00	-1.89	-0.61	1.10	270.00	-920.00	360.00	-0.91	-0.73	0.55
-200.00	-1040.00	30.00	-0.61	-1.28	1.16	-70.00	-890.00	-250.00	-0.49	-0.43	1.89	70.00	-1000.00	-40.00	-2.01	-0.61	1.04	270.00	-920.00	360.00	-0.73	-0.67	0.55
-200.00	-1040.00	30.00	-0.43	-1.28	1.04	-70.00	-890.00	-250.00	-0.49	-0.43	1.89	70.00	-1000.00	-50.00	-1.89	-0.55	0.91	270.00	-910.00	350.00	-0.73	-0.67	0.55
-200.00	-1040.00	30.00	-0.55	-1.22	0.85	-80.00	-890.00	-250.00	-0.55	-0.37	1.89	70.00	-1000.00	-50.00	-1.89	-0.49	0.79	270.00	-910.00	350.00	-0.61	-0.73	0.49
-200.00	-1040.00	30.00	-0.49	-0.98	0.85	-80.00	-890.00	-260.00	-0.37	-0.37	1.77	70.00	-990.00	-40.00	-1.95	-0.55	0.73	270.00	-920.00	360.00	-0.61	-0.73	0.49
-200.00	-1040.00	30.00	-0.37	-0.91	1.04	-80.00	-890.00	-260.00	-0.37	-0.37	1.77	70.00	-990.00	-50.00	-1.83	-0.55	0.67	270.00	-920.00	350.00	-0.55	-0.61	0.49
-200.00	-1040.00	20.00	-0.30	-0.98	1.04	-80.00	-890.00	-250.00	-0.37	-0.43	1.77	70.00	-990.00	-40.00	-1.77	-0.61	0.73	270.00	-920.00	350.00	-0.49	-0.49	0.49
-200.00	-1040.00	30.00	-0.30	-0.98	1.04	-70.00	-890.00	-250.00	-0.55	-0.37	1.89	70.00	-990.00	-50.00	-1.77	-0.61	0.79	270.00	-920.00	360.00	-0.43	-0.49	0.30
-200.00	-1040.00	30.00	-0.43	-1.10	1.10	-70.00	-890.00	-250.00	-0.55	-0.49	1.89	70.00	-990.00	-40.00	-1.71	-0.79	0.73	270.00	-920.00	360.00	-0.43	-0.49	0.30
-200.00	-1040.00	20.00	-0.30	-1.22	1.10	-70.00	-890.00	-250.00	-0.37	-0.61	1.77	70.00	-990.00	-50.00	-1.52	-0.79	0.67	260.00	-910.00	350.00	-0.24	-0.61	0.43
-190.00	-1040.00	20.00	-0.30	-1.22	1.10	-70.00	-890.00	-250.00	-0.37	-0.61	1.77	70.00	-1000.00	-40.00	-1.52	-0.73	0.73	260.00	-920.00	350.00	-0.18	-0.61	0.43
-200.00	-1040.00	30.00	-0.30	-1.22	1.10	-80.00	-890.00	-250.00	-0.30	-0.55	1.89	70.00	-990.00	-50.00	-1.46	-0.67	0.79	260.00	-920.00	350.00	-0.18	-0.61	0.43
-200.00	-1040.00	20.00	-0.18	-1.22	1.10	-70.00	-890.00	-250.00	-0.30	-0.55	1.89	70.00	-1000.00	-50.00	-1.34	-0.61	0.79	270.00	-920.00	350.00	-0.06	-0.73	0.55
-200.00	-1040.00	30.00	-0.18	-1.22	1.10	-80.00	-890.00	-250.00	-0.37	-0.55	1.89	70.00	-1000.00	-50.00	-1.22	-0.61	0.73	270.00	-920.00	360.00	-0.06	-0.73	0.55
-200.00	-1040.00	20.00	-0.18	-1.22	1.10	-70.00	-890.00	-250.00	-0.18	-0.61	1.77	70.00	-1000.00	-50.00	-1.22	-0.67	0.49	270.00	-920.00	350.00	0.06	-0.67	0.61
-200.00	-1040.00	20.00	-0.12	-1.10	1.16	-70.00	-890.00	-250.00	-0.12	-0.67	1.77	70.00	-1000.00	-50.00	-1.22	-0.61	0.24	270.00	-910.00	350.00	0.12	-0.73	0.67
-190.00	-1040.00	30.00	0.00	-1.10	1.10	-80.00	-890.00	-250.00	-0.06	-0.73	1.65	70.00	-1000.00	-50.00	-1.22	-0.61	0.18	270.00	-910.00	350.00	0.30	-0.79	0.73
-200.00	-1040.00	20.00	0.00	-1.10	1.10	-80.00	-890.00	-260.00	0.12	-0.79	1.71	70.00	-990.00	-50.00	-1.16	-0.73	0.06	270.00	-910.00	350.00	0.30	-0.79	0.73
-200.00	-1040.00	20.00	0.12	-1.22	1.04	-80.00	-890.00	-250.00	0.06	-0.85	1.52	70.00	-1000.00	-50.00	-1.04	-0.79	0.06	270.00	-920.00	350.00	0.55	-0.73	0.85
-200.00	-1040.00	20.00	0.12	-1.22	1.04	-80.00	-890.00	-260.00	0.00	-0.79	1.46	70.00	-990.00	-50.00	-0.98	-0.85	0.06	270.00	-920.00	350.00	0.79	-0.79	0.91
-200.00	-1040.00	30.00	0.18	-1.34	0.98	-80.00	-890.00	-250.00	0.00	-0.85	1.52	60.00	-990.00	-50.00	-1.04	-0.85	0.12	270.00	-920.00	350.00	0.79	-0.79	0.91
-200.00	-1040.00	20.00	0.24	-1.34	0.98	-80.00	-890.00	-260.00	0.12	-0.85	1.46	60.00	-990.00	-50.00	-1.04	-0.85	0.12	280.00	-920.00	360.00	0.67	-0.61	0.91
-200.00	-1040.00	20.00	0.24	-1.46	0.98	-80.00	-890.00	-250.00	0.06	-0.91	1.34	70.00	-990.00	-50.00	-0.85	-0.85	0.18	270.00	-910.00	350.00	0.67	-0.61	0.91
-200.00	-1040.00	20.00	0.43	-1.52	0.91	-80.00	-890.00	-250.00	0.00	-0.79	1.10	70.00	-990.00	-50.00	-0.85	-0.79	0.24	270.00	-920.00	350.00	1.04	-0.55	0.91
-200.00	-1040.00	20.00	0.43	-1.34	0.98	-80.00	-890.00	-250.00	0.00	-0.67	0.85	70.00	-990.00	-50.00	-0.85	-0.79	0.24	270.00	-920.00	350.00	1.04	-0.49	0.79
-200.00	-1040.00	20.00	0.37	-1.34	0.85	-80.00	-890.00	-250.00	-0.12	-0.55	0.61	70.00	-990.00	-50.00	-0.79	-0.85	0.30	270.00	-920.00	350.00	1.04	-0.49	0.79
-200.00	-1040.00	30.00	0.37	-1.28	0.73	-80.00	-890.00	-250.00	-0.24	-0.30	0.55	70.00	-1000.00	-50.00	-0.55	-0.85	0.43	270.00	-920.00	350.00	1.16	-0.24	0.85
-200.00	-1040.00	20.00	0.43	-1.22	0.73	-80.00	-890.00	-260.00	-0.30	-0.12	0.61	70.00	-1000.00	-50.00	-0.55	-0.67	0.49	270.00	-920.00	350.00	1.16	-0.24	0.85
-200.00	-1040.00	20.00	0.43	-1.16	0.79	-80.00	-890.00	-250.00	-0.30	-0.06	0.43	70.00	-990.00	-60.00	-0.37	-0.67	0.55	270.00	-920.00	350.00	1.22	-0.30	0.79
-200.00	-1040.00	30.00	0.49	-1.04	0.79	-80.00	-890.00	-250.00	-0.30	0.00	0.37	70.00	-1000.00	-50.00	-0.12	-0.73	0.49	270.00	-920.00	350.00	1.22	-0.30	0.79
-200.00	-1040.00	30.00	0.55	-1.04	0.79	-80.00	-890.00	-250.00	-0.37	0.00	0.43	70.00	-1000.00	-50.00	-0.12	-0.67	0.55	270.00	-920.00	360.00	1.52	-0.24	0.79
-200.00	-1040.00	20.00	0.55	-1.04	0.79	-80.00	-890.00	-250.00	-0.18	0.00	0.24	70.00	-1000.00	-50.00	-0.06	-0.67	0.61	270.00	-920.00	350.00	1.52	-0.24	0.79
-200.00	-1040.00	20.00	0.67	-0.91	0.67	-80.00	-890.00	-250.00	-0.24	0.06	0.18	70.00	-990.00	-50.00	0.06	-0.67	0.67	270.00	-920.00	350.00	1.52	-0.30	0.73
-200.00	-1030.00	20.00	0.67	-0.85	0.61	-80.00	-890.00	-250.00	-0.24	0.12	0.12	70.00	-990.00	-50.00	0.12	-0.61	0.61	270.00	-920.00	350.00	1.59	-0.30	0.79
-200.00	-1040.00	20.00	0.67	-0.91	0.67	-80.00	-890.00	-250.00	-0.24	0.06	0.06	70.00	-1000.00	-50.00	0.06	-0.61	0.37	270.00	-920.00	350.00	1.59	-0.30	0.79
-190.00	-1040.00	20.00	0.73	-0.85	0.61	-80.00	-890.00	-250.00	-0.37	0.00	0.00	70.00	-1000.00	-60.00	0.00	-0.49	0.30	270.00	-920.00	350.00	1.65	-0.30	0.79
-200.00	-1040.00	20.00	0.61	-0.91	0.67	-80.00	-890.00	-250.00	-0.30	0.18	0.00	70.00	-1000.00	-50.00	0.12	-0.43	0.18	270.00	-920.00	350.00	1.65	-0.30	0.79
-200.00	-1040.00	20.00	0.67	-0.91	0.73	-80.00	-890.00	-250.00	-0.37	0.18	0.06	70.00	-990.00	-50.00	0.24	-0.49	0.06	270.00	-920.00	360.00	1.83	-0.06	0.55
-200.00	-1040.00	20.00	0.67	-1.04	0.73	-80.00	-890.00	-250.00	-0.43	0.12	0.00	60.00	-990.00	-50.00	0.30	-0.43	0.00	270.00	-920.00	350.00	1.83	-0.06	0.55
-200.00	-1040.00	20.00	0.73	-1.04	0.67	-80.00	-890.00	-250.00	-0.37	0.30	-0.06	70.00	-990.00	-60.00	0.37	-0.49	0.00	270.00	-920.00	350.00	2.26	0.06	0.43
-200.00	-1040.00	20.00	0.67	-0.91	0.73	-80.00	-890.00	-250.00	-0.30	0.24	-0.06	60.00	-990.00	-50.00	0.43	-0.43	-0.06	270.00	-920.00	350.00	2.38	0.06	0.43
-200.00	-1040.00	30.00	0.67	-0.85	0.85	-80.00	-890.00	-250.00	-0.12	0.30	0.06	70.00	-990.00	-50.00	0.55	-0.43	-0.24	270.00	-920.00	350.00	2.50	0.00	0.55
-200.00	-1040.00	20.00	0.67	-0.91	0.85	-80.00	-880.00	-250.00	-0.18	0.30	0.00	70.00	-990.00	-60.00	0.67	-0.55	-0.24	270.00	-910.00	350.00	2.50	-0.06	0.55
-200.00	-1030.00	20.00	0.73	-0.85	0.91	-80.00	-890.00	-250.00	-0.18	0.24	0.00	60.00	-1000.00	-60.00	0.79	-0.55	-0.30	270.00	-910.00	350.00	2.50	-0.06	0.55
-200.00	-1030.00	20.00	0.91	-0.79	0.98	-80.00	-890.00	-250.00	-0.06	0.24	0.00	60.00	-990.00	-50.00	0.73	-0.61	-0.37	270.00	-920.00	350.00	3.11	0.12	0.73
-200.00	-1040.00	20.00	0.79	-0.79	0.91	-80.00	-890.00	-250.00	-0.06	0.37	-0.18	70.00	-990.00	-50.00	0.67	-0.55	-0.43	270.00	-920.00	350.00	3.11	0.12	0.73
-200.00	-1040.00	20.00	0.85	-0.79	0.98	-80.00	-890.00	-250.00	-0.06	0.30	-0.18	70.00	-1000.00	-50.00	0.79	-0.55	-0.43	270.00	-920.00	350.00	3.48	0.49	1.04
-200.00	-1040.00	30.00	1.04	-0.79	0.85	-80.00	-890.00	-250.00	-0.24	0.30	-0.30	60.00	-990.00	-60.00	0.91	-0.55	-0.37	270.00	-920.00	350.00	3.41	0.61	1.22
-200.00	-1040.00	20.00	1.04	-0.85	0.85	-80.00	-890.00	-250.00	-0.24	0.43	-0.37	60.00	-990.00	-50.00	0.85	-0.55	-0.49	270.00	-920.00	350.00	3.54	0.79	1.22
-200.00	-1040.00	20.00	1.04	-0.79	0.91	-80.00	-890.00	-250.00	-0.37	0.43	-0.55	70.00	-990.00	-50.00	0.79	-0.49	-0.73	270.00	-920.00	350.00	3.60	0.67	1.28
-190.00	-1040.00	20.00	0.91	-0.79	1.04	-80.00	-890.00	-250.00	-0.37	0.55	-0.79	70.00	-990.00	-60.00	0.85	-0.43	-0.85	270.00	-910.00	350.00	3.60	0.67	1.28
-200.00	-1040.00	20.00	0.91	-0.67	1.04	-80.00	-890.00	-250.00	-0.37	0.67	-1.10	70.00	-1000.00	-50.00	0.91	-0.49	-0.85	270.00	-920.00	350.00	3.17	0.49	1.04
-200.00	-1040.00	20.00	1.10	-0.61	0.91	-80.00	-890.00	-250.00	-0.49	0.79	-1.40	70.00	-1000.00	-50.00	1.04	-0.49	-0.85	270.00	-920.00	350.00	3.17	0.49	1.04
-200.00	-1040.00	20.00	1.22	-0.55	0.79	-80.00	-890.00	-250.00	-0.67	1.04	-1.77	60.00	-990.00	-50.00	1.22	-0.43	-0.79	270.00	-920.00	350.00	3.05	0.55	1.04
-200.00	-1040.00	20.00	1.22	-0.67	0.55	-80.00	-890.00	-250.00	-0.91	1.16	-2.07	70.00	-1000.00	-50.00	1.22	-0.43	-0.85	270.00	-920.00	350.00	2.87	0.43	0.91
-200.00	-1040.00	20.00	1.22	-0.67	0.55	-80.00	-880.00	-250.00	-1.40	1.34	-3.05	70.00	-1000.00	-60.00	1.40	-0.30	-0.85	270.00	-920.00	350.00	2.62	0.37	0.91
-200.00	-1030.00	20.00	1.22	-0.79	0.49	-80.00	-880.00	-250.00	-1.59	1.34	-3.23	70.00	-1000.00	-50.00	1.52	-0.37	-0.79	270.00	-920.00	350.00	2.38	0.30	0.85
-200.00	-1040.00	30.00	0.98	-0.98	0.43	-80.00	-880.00	-250.00	-1.77	1.22	-3.35	70.00	-1000.00	-50.00	1.46	-0.30	-0.79	270.00	-920.00	360.00	2.38	0.30	0.85
-200.00	-1030.00	20.00	0.98	-0.98	0.43	-80.00	-890.00	-250.00	-1.77	0.91	-3.41	60.00	-1000.00	-50.00	1.65	-0.24	-0.91	270.00	-920.00	360.00	2.01	0.18	0.61
-200.00	-1040.00	30.00	0.79	-1.16	0.61	-80.00	-880.00	-250.00	-1.46	0.73	-2.26	60.00	-1000.00	-50.00	1.71	-0.24	-0.91	270.00	-920.00	360.00	2.01	0.18	0.61
-200.00	-1030.00	20.00	0.91	-1.10	0.91	-80.00	-880.00	-250.00	-1.10	0.49	-1.34	70.00	-990.00	-50.00	1.95	-0.12	-0.91	270.00	-910.00	360.00	1.83	0.18	0.55
-200.00	-1040.00	20.00	0.91	-1.10	0.91	-80.00	-890.00	-250.00	-0.85	0.43	-0.61	70.00	-990.00	-50.00	2.13	0.00	-0.91	270.00	-920.00	370.00	1.77	0.12	0.55
-200.00	-1040.00	20.00	0.98	-1.22	1.40	-80.00	-880.00	-250.00	-0.49	0.30	0.00	70.00	-990.00	-50.00	2.32	0.12	-1.04	260.00	-910.00	360.00	1.59	0.06	0.55
-200.00	-1040.00	20.00	0.49	-0.67	2.50	-80.00	-880.00	-260.00	-0.43	0.30	0.00	70.00	-990.00	-50.00	2.50	0.30	-1.10	270.00	-910.00	370.00	1.46	0.00	0.55
-200.00	-1030.00	20.00	0.30	-0.67	2.99	-70.00	-890.00	-260.00	-0.37	0.24	-0.30	60.00	-990.00	-50.00	2.62	0.37	-1.16	270.00	-910.00	370.00	1.46	0.00	0.55
-200.00	-1040.00	20.00	0.00	-0.30	3.17	-80.00	-890.00	-260.00	-0.06	0.24	-0.37	70.00	-990.00	-50.00	2.62	0.49	-1.34	270.00	-910.00	360.00	1.46	-0.12	0.61
-200.00	-1040.00	20.00	-0.12	-0.24	2.99	-60.00	-890.00	-270.00	0.18	0.37	-0.49	70.00	-990.00	-50.00	2.68	0.37	-1.34	270.00	-910.00	360.00	1.46	-0.12	0.61
-190.00	-1040.00	30.00	0.12	-0.43	2.38	-70.00	-900.00	-250.00	0.37	0.18	-0.55	70.00	-990.00	-50.00	2.56	0.18	-1.40	270.00	-910.00	370.00	1.34	-0.24	0.61
-200.00	-1040.00	20.00	0.43	-0.49	1.95	-60.00	-900.00	-260.00	0.30	0.12	-0.49	70.00	-990.00	-50.00	2.38	0.12	-1.46	270.00	-910.00	370.00	1.46	-0.18	0.73
-180.00	-1050.00	30.00	0.79	-0.43	1.95	-70.00	-890.00	-250.00	0.30	0.00	-0.37	70.00	-990.00	-40.00	2.07	0.06	-1.52	270.00	-910.00	360.00	1.40	-0.18	0.67
-190.00	-1050.00	30.00	1.10	-0.49	2.01	-70.00	-890.00	-250.00	0.30	-0.06	-0.12	70.00	-1000.00	-50.00	1.89	0.00	-1.34	270.00	-910.00	370.00	1.34	-0.24	0.67
-190.00	-1040.00	30.00	1.04	-0.67	1.95	-70.00	-890.00	-250.00	0.30	0.00	0.30	70.00	-990.00	-40.00	1.65	-0.06	-1.22	270.00	-910.00	370.00	1.34	-0.24	0.67
-190.00	-1050.00	30.00	0.85	-0.73	1.83	-70.00	-880.00	-260.00	0.24	0.00	0.55	70.00	-1000.00	-50.00	1.46	-0.06	-1.22	270.00	-910.00	370.00	1.22	-0.24	0.61
-200.00	-1040.00	30.00	0.91	-0.91	1.77	-70.00	-890.00	-260.00	0.24	0.12	0.67	70.00	-1000.00	-40.00	1.34	-0.06	-1.16	270.00	-910.00	370.00	1.10	-0.12	0.55
-200.00	-1040.00	30.00	0.98	-0.79	1.95	-70.00	-890.00	-250.00	0.18	0.24	0.67	70.00	-1000.00	-50.00	1.04	-0.18	-1.04	270.00	-910.00	370.00	1.10	-0.12	0.55
-200.00	-1040.00	20.00	0.85	-0.73	2.01	-70.00	-890.00	-250.00	0.18	0.30	0.49	70.00	-1000.00	-40.00	1.04	-0.18	-1.04	270.00	-910.00	370.00	1.04	-0.18	0.43
-200.00	-1040.00	20.00	0.79	-0.55	1.95	-70.00	-890.00	-250.00	0.24	0.24	0.37	70.00	-990.00	-50.00	0.85	-0.37	-1.04	270.00	-910.00	360.00	1.04	-0.18	0.49
-200.00	-1040.00	20.00	0.79	-0.61	1.77	-60.00	-890.00	-250.00	0.18	0.24	0.30	70.00	-1000.00	-40.00	0.67	-0.49	-1.04	270.00	-910.00	360.00	0.79	-0.37	0.67
-200.00	-1040.00	20.00	0.91	-0.55	1.52	-60.00	-890.00	-250.00	0.18	0.30	0.30	70.00	-990.00	-40.00	0.55	-0.49	-1.10	270.00	-910.00	360.00	0.79	-0.37	0.67
-200.00	-1040.00	30.00	1.04	-0.55	1.28	-60.00	-890.00	-250.00	0.18	0.30	0.24	70.00	-990.00	-50.00	0.43	-0.49	-1.04	270.00	-920.00	360.00	0.85	-0.24	0.67
-200.00	-1040.00	20.00	1.10	-0.79	1.16	-70.00	-890.00	-250.00	0.12	0.30	0.24	70.00	-1000.00	-40.00	0.49	-0.55	-0.85	270.00	-910.00	370.00	0.67	-0.43	0.73
-190.00	-1040.00	30.00	1.04	-0.73	1.10	-70.00	-890.00	-250.00	0.06	0.18	0.06	70.00	-1000.00	-40.00	0.61	-0.49	-0.67	270.00	-910.00	360.00	0.73	-0.49	0.79
-200.00	-1040.00	30.00	1.04	-0.61	1.10	-70.00	-890.00	-250.00	-0.12	0.18	-0.12	70.00	-1000.00	-40.00	0.61	-0.49	-0.43	270.00	-910.00	370.00	0.61	-0.43	0.73
-200.00	-1040.00	30.00	1.04	-0.73	1.16	-70.00	-890.00	-260.00	-0.18	0.24	-0.18	70.00	-1000.00	-40.00	0.67	-0.49	-0.18	270.00	-910.00	370.00	0.61	-0.37	0.67
-200.00	-1040.00	30.00	1.04	-0.85	0.91	-70.00	-890.00	-250.00	-0.12	0.24	-0.24	70.00	-1000.00	-40.00	0.61	-0.37	0.00	270.00	-910.00	370.00	0.61	-0.37	0.67
-200.00	-1040.00	20.00	1.10	-0.79	0.79	-70.00	-880.00	-250.00	-0.18	0.30	-0.18	70.00	-1000.00	-40.00	0.61	-0.37	0.00	270.00	-910.00	370.00	0.67	-0.43	0.73
-200.00	-1040.00	30.00	1.16	-0.79	0.67	-70.00	-890.00	-250.00	-0.24	0.30	0.06	70.00	-1000.00	-40.00	0.55	-0.30	0.00	270.00	-910.00	370.00	0.67	-0.43	0.73
-200.00	-1040.00	20.00	1.10	-0.79	0.61	-70.00	-890.00	-250.00	-0.24	0.30	0.30	70.00	-1000.00	-40.00	0.55	-0.37	-0.12	270.00	-910.00	370.00	0.67	-0.49	0.79
-200.00	-1040.00	20.00	0.91	-0.79	0.61	-70.00	-890.00	-250.00	-0.24	0.24	0.49	70.00	-1000.00	-40.00	0.49	-0.49	-0.18	270.00	-910.00	370.00	0.67	-0.43	0.85
-200.00	-1040.00	30.00	0.79	-0.67	0.67	-70.00	-890.00	-250.00	-0.18	0.18	0.67	70.00	-1000.00	-40.00	0.43	-0.43	-0.24	270.00	-920.00	370.00	0.61	-0.43	0.91
-200.00	-1040.00	30.00	0.67	-0.73	0.73	-70.00	-890.00	-250.00	-0.12	0.18	0.73	70.00	-1000.00	-40.00	0.37	-0.49	-0.24	270.00	-910.00	360.00	0.61	-0.43	0.91
-200.00	-1040.00	30.00	0.73	-0.73	0.91	-60.00	-890.00	-250.00	-0.18	0.06	0.73	70.00	-1000.00	-40.00	0.18	-0.55	-0.24	270.00	-910.00	360.00	0.61	-0.55	0.91
-210.00	-1040.00	30.00	0.73	-0.79	1.04	-70.00	-890.00	-250.00	-0.12	0.12	0.61	70.00	-990.00	-40.00	0.06	-0.55	-0.24	260.00	-910.00	360.00	0.61	-0.55	0.79
-200.00	-1040.00	30.00	0.61	-0.79	1.10	-70.00	-890.00	-250.00	-0.18	0.12	0.73	80.00	-1000.00	-50.00	0.06	-0.61	-0.30	260.00	-910.00	360.00	0.61	-0.55	0.79
-200.00	-1040.00	30.00	0.67	-0.79	0.98	-70.00	-890.00	-250.00	-0.12	0.18	0.85	70.00	-990.00	-40.00	0.00	-0.61	-0.30	270.00	-910.00	360.00	0.55	-0.49	0.79
-200.00	-1040.00	30.00	0.55	-0.91	0.98	-70.00	-890.00	-250.00	-0.12	0.12	0.79	70.00	-990.00	-40.00	-0.06	-0.55	-0.30	270.00	-910.00	360.00	0.49	-0.43	0.73
-200.00	-1040.00	30.00	0.67	-0.91	0.98	-70.00	-890.00	-250.00	-0.06	0.12	0.73	70.00	-1000.00	-40.00	0.00	-0.55	-0.30	270.00	-910.00	360.00	0.49	-0.43	0.73
-200.00	-1040.00	30.00	0.73	-0.91	1.04	-70.00	-880.00	-250.00	-0.06	0.06	0.73	70.00	-1000.00	-40.00	-0.06	-0.61	-0.12	270.00	-910.00	360.00	0.49	-0.43	0.73
-200.00	-1040.00	30.00	0.73	-0.91	1.16	-70.00	-890.00	-250.00	-0.24	0.00	0.73	80.00	-990.00	-40.00	-0.12	-0.55	-0.06	270.00	-920.00	360.00	0.43	-0.61	0.85
-200.00	-1040.00	20.00	0.67	-0.98	1.04	-70.00	-890.00	-260.00	-0.24	0.18	0.73	70.00	-990.00	-40.00	-0.12	-0.67	-0.06	270.00	-910.00	360.00	0.37	-0.49	0.67
-200.00	-1040.00	30.00	0.61	-1.04	1.04	-70.00	-890.00	-250.00	-0.12	0.18	0.61	70.00	-1000.00	-40.00	-0.12	-0.67	0.12	270.00	-910.00	360.00	0.37	-0.49	0.67
-200.00	-1040.00	30.00	0.61	-1.04	1.04	-70.00	-890.00	-250.00	-0.24	0.12	0.43	70.00	-990.00	-40.00	-0.12	-0.55	0.18	270.00	-910.00	370.00	0.24	-0.61	0.79
-200.00	-1040.00	20.00	0.55	-0.98	0.98	-70.00	-890.00	-250.00	-0.37	0.12	0.37	70.00	-1000.00	-40.00	0.00	-0.61	0.18	270.00	-910.00	360.00	0.24	-0.67	0.85
-190.00	-1040.00	20.00	0.55	-0.85	0.98	-70.00	-900.00	-250.00	-0.24	0.12	0.37	70.00	-1000.00	-40.00	-0.06	-0.55	0.24	270.00	-920.00	370.00	0.24	-0.67	0.85
-200.00	-1040.00	20.00	0.49	-0.85	0.91	-70.00	-890.00	-250.00	-0.24	0.18	0.37	70.00	-1000.00	-40.00	-0.06	-0.55	0.37	270.00	-920.00	370.00	0.37	-0.55	0.79
-200.00	-1040.00	30.00	0.43	-0.85	0.73	-70.00	-890.00	-250.00	-0.24	0.24	0.43	80.00	-1000.00	-40.00	-0.06	-0.49	0.30	260.00	-910.00	370.00	0.30	-0.55	0.79
-200.00	-1040.00	30.00	0.37	-0.85	0.67	-70.00	-890.00	-250.00	-0.30	0.12	0.37	70.00	-990.00	-40.00	-0.12	-0.43	0.30	270.00	-920.00	360.00	0.30	-0.55	0.85
-200.00	-1040.00	30.00	0.49	-0.91	0.67	-70.00	-890.00	-250.00	-0.24	0.06	0.49	70.00	-1000.00	-40.00	0.00	-0.49	0.37	270.00	-910.00	360.00	0.30	-0.55	0.85
-200.00	-1040.00	30.00	0.43	-0.85	0.73	-70.00	-890.00	-250.00	-0.30	0.12	0.55	80.00	-1000.00	-50.00	0.00	-0.49	0.43	270.00	-910.00	360.00	0.24	-0.61	0.79
-200.00	-1040.00	30.00	0.49	-0.85	0.67	-70.00	-890.00	-250.00	-0.24	0.12	0.49	80.00	-1000.00	-40.00	0.00	-0.43	0.49	270.00	-910.00	360.00	0.24	-0.61	0.79
-200.00	-1040.00	30.00	0.43	-0.91	0.73	-60.00	-890.00	-250.00	-0.18	0.06	0.49	70.00	-1000.00	-40.00	-0.06	-0.37	0.55	270.00	-910.00	360.00	0.30	-0.49	0.85
-200.00	-1040.00	30.00	0.49	-0.85	0.79	-70.00	-890.00	-250.00	-0.24	0.06	0.43	70.00	-990.00	-40.00	-0.12	-0.37	0.49	270.00	-910.00	360.00	0.30	-0.43	0.73
-210.00	-1040.00	30.00	0.55	-0.91	0.79	-70.00	-890.00	-250.00	-0.30	0.12	0.49	70.00	-990.00	-50.00	-0.12	-0.43	0.55	270.00	-910.00	360.00	0.30	-0.43	0.67
-200.00	-1040.00	30.00	0.61	-0.85	0.73	-70.00	-890.00	-250.00	-0.24	0.18	0.55	70.00	-990.00	-50.00	0.00	-0.55	0.55	270.00	-910.00	360.00	0.24	-0.49	0.67
-200.00	-1040.00	30.00	0.55	-0.85	0.67	-70.00	-890.00	-260.00	-0.30	0.24	0.67	70.00	-990.00	-40.00	-0.12	-0.67	0.43	270.00	-910.00	360.00	0.24	-0.49	0.67
-200.00	-1040.00	30.00	0.55	-0.91	0.61	-70.00	-890.00	-250.00	-0.30	0.24	0.79	70.00	-990.00	-40.00	-0.12	-0.61	0.37	260.00	-910.00	360.00	0.37	-0.55	0.67
-200.00	-1040.00	30.00	0.61	-0.91	0.61	-70.00	-890.00	-250.00	-0.30	0.24	0.79	70.00	-1000.00	-40.00	-0.12	-0.61	0.30	270.00	-910.00	360.00	0.37	-0.43	0.73
-200.00	-1040.00	30.00	0.61	-0.91	0.73	-70.00	-890.00	-250.00	-0.30	0.18	0.91	70.00	-990.00	-40.00	-0.18	-0.67	0.30	270.00	-920.00	360.00	0.49	-0.37	0.73
-200.00	-1040.00	30.00	0.79	-0.85	0.79	-70.00	-890.00	-250.00	-0.43	0.12	0.85	70.00	-1000.00	-40.00	-0.24	-0.67	0.43	270.00	-920.00	360.00	0.43	-0.37	0.73
-200.00	-1040.00	30.00	0.61	-0.85	0.91	-70.00	-890.00	-250.00	-0.37	0.12	1.04	70.00	-990.00	-40.00	-0.24	-0.61	0.49	270.00	-910.00	360.00	0.55	-0.24	0.61
-200.00	-1040.00	30.00	0.55	-0.91	0.91	-70.00	-890.00	-250.00	-0.30	0.18	1.10	80.00	-1000.00	-40.00	-0.37	-0.55	0.43	270.00	-920.00	360.00	0.55	-0.24	0.61
-200.00	-1040.00	30.00	0.55	-0.91	0.91	-70.00	-890.00	-250.00	-0.37	0.12	1.10	70.00	-990.00	-40.00	-0.43	-0.61	0.43	270.00	-920.00	360.00	0.55	-0.24	0.61
-200.00	-1040.00	30.00	0.43	-0.91	0.85	-70.00	-890.00	-250.00	-0.37	0.18	1.16	70.00	-1000.00	-40.00	-0.49	-0.67	0.49	270.00	-910.00	370.00	0.49	-0.37	0.67
-200.00	-1040.00	30.00	0.43	-0.85	0.98	-70.00	-890.00	-250.00	-0.30	0.00	1.28	70.00	-1000.00	-40.00	-0.49	-0.67	0.43	270.00	-910.00	360.00	0.49	-0.18	0.67
-200.00	-1040.00	30.00	0.43	-1.04	1.16	-70.00	-890.00	-260.00	-0.30	0.12	1.34	70.00	-1000.00	-40.00	-0.37	-0.67	0.49	270.00	-920.00	360.00	0.67	-0.12	0.67
-200.00	-1040.00	30.00	0.43	-0.91	1.10	-70.00	-890.00	-250.00	-0.30	0.12	1.34	70.00	-1000.00	-40.00	-0.30	-0.61	0.55	270.00	-920.00	360.00	0.67	-0.18	0.61
-200.00	-1040.00	30.00	0.43	-1.10	1.10	-70.00	-890.00	-250.00	-0.30	0.06	1.28	70.00	-1000.00	-40.00	-0.37	-0.61	0.61	260.00	-920.00	360.00	0.61	-0.18	0.55
-200.00	-1040.00	30.00	0.43	-1.22	1.10	-70.00	-890.00	-250.00	-0.18	-0.12	1.40	70.00	-1000.00	-40.00	-0.37	-0.73	0.55	270.00	-910.00	360.00	0.49	-0.12	0.49
-200.00	-1040.00	30.00	0.49	-1.22	1.04	-70.00	-890.00	-250.00	-0.24	-0.18	1.46	70.00	-1000.00	-40.00	-0.30	-0.73	0.49	270.00	-910.00	360.00	0.55	0.06	0.43
-200.00	-1040.00	30.00	0.61	-1.34	1.10	-70.00	-890.00	-250.00	-0.30	0.00	1.40	70.00	-1000.00	-40.00	-0.37	-0.67	0.37	270.00	-920.00	360.00	0.49	0.00	0.37
-200.00	-1040.00	30.00	0.61	-1.46	1.16	-70.00	-890.00	-250.00	-0.30	-0.06	1.28	70.00	-1000.00	-40.00	-0.43	-0.67	0.43	270.00	-920.00	360.00	0.43	0.00	0.24
-200.00	-1040.00	30.00	0.37	-1.40	1.28	-70.00	-890.00	-250.00	-0.24	0.06	1.10	70.00	-1000.00	-40.00	-0.30	-0.67	0.43	270.00	-920.00	360.00	0.43	0.00	0.12
-200.00	-1040.00	30.00	0.43	-1.28	1.22	-70.00	-890.00	-250.00	-0.24	0.12	1.16	70.00	-990.00	-40.00	-0.43	-0.61	0.37	270.00	-910.00	360.00	-0.06	0.98	-0.18
-200.00	-1040.00	30.00	0.24	-1.16	1.28	-70.00	-890.00	-250.00	-0.30	0.12	1.10	70.00	-1000.00	-40.00	-0.37	-0.49	0.43	270.00	-910.00	360.00	-0.06	0.98	-0.18
-200.00	-1040.00	30.00	0.12	-1.10	1.40	-70.00	-890.00	-250.00	-0.49	0.12	0.91	70.00	-1000.00	-40.00	-0.24	-0.43	0.49	260.00	-910.00	360.00	-0.67	0.73	-1.22
-200.00	-1040.00	30.00	0.24	-0.98	1.16	-80.00	-880.00	-250.00	-0.37	0.24	0.79	70.00	-990.00	-40.00	-0.24	-0.43	0.49	260.00	-910.00	360.00	-1.16	0.43	-1.40
-200.00	-1040.00	30.00	0.24	-1.04	1.10	-70.00	-880.00	-250.00	-0.37	0.24	0.73	70.00	-1000.00	-50.00	-0.12	-0.37	0.43	270.00	-910.00	360.00	-1.16	0.43	-1.40
-200.00	-1040.00	30.00	0.24	-0.98	1.16	-80.00	-890.00	-250.00	-0.49	0.18	0.61	70.00	-1000.00	-40.00	-0.24	-0.37	0.37	270.00	-910.00	360.00	-1.46	0.18	-1.34
-200.00	-1040.00	30.00	0.18	-0.91	1.10	-70.00	-890.00	-250.00	-0.55	0.12	0.61	70.00	-1000.00	-40.00	-0.24	-0.55	0.37	260.00	-910.00	360.00	-1.71	-0.12	-1.40
-200.00	-1040.00	30.00	0.12	-0.79	0.98	-70.00	-890.00	-250.00	-0.43	0.18	0.73	60.00	-990.00	-50.00	-0.30	-0.55	0.30	260.00	-910.00	360.00	-2.13	-0.24	-1.28
-200.00	-1040.00	30.00	0.12	-0.85	1.04	-70.00	-890.00	-250.00	-0.43	0.18	0.67	70.00	-1000.00	-40.00	-0.30	-0.49	0.18	270.00	-920.00	360.00	-2.62	-0.24	-0.67
-200.00	-1040.00	20.00	0.18	-0.85	0.98	-70.00	-890.00	-250.00	-0.49	0.12	0.67	70.00	-1000.00	-40.00	-0.37	-0.49	0.12	260.00	-920.00	360.00	-3.29	-0.30	0.24
-200.00	-1040.00	30.00	0.12	-0.85	0.98	-70.00	-890.00	-250.00	-0.49	0.24	0.79	70.00	-990.00	-40.00	-0.30	-0.49	0.00	270.00	-920.00	360.00	-4.09	-1.04	1.46
-200.00	-1040.00	30.00	0.12	-0.79	1.16	-70.00	-890.00	-250.00	-0.55	0.12	0.73	70.00	-990.00	-40.00	-0.24	-0.37	0.06	260.00	-920.00	360.00	-4.09	-1.04	1.46
-200.00	-1040.00	30.00	0.18	-0.73	1.28	-70.00	-890.00	-250.00	-0.61	0.12	0.67	70.00	-1000.00	-40.00	-0.18	-0.24	0.06	270.00	-910.00	370.00	-5.30	-1.34	2.38
-200.00	-1040.00	30.00	0.18	-0.79	1.34	-80.00	-890.00	-250.00	-0.61	0.24	0.55	70.00	-990.00	-50.00	-0.24	-0.37	0.06	270.00	-910.00	370.00	-6.34	-1.83	4.76
-200.00	-1040.00	30.00	0.12	-0.85	1.22	-70.00	-890.00	-260.00	-0.67	0.30	0.55	70.00	-1000.00	-40.00	-0.18	-0.43	0.00	270.00	-910.00	360.00	-6.52	-1.46	6.95
-200.00	-1040.00	30.00	0.06	-0.79	1.22	-70.00	-890.00	-250.00	-0.67	0.37	0.37	70.00	-990.00	-40.00	-0.18	-0.37	-0.12	270.00	-920.00	360.00	-6.52	-1.46	6.95
-200.00	-1040.00	30.00	0.06	-0.67	1.10	-70.00	-890.00	-250.00	-0.73	0.43	0.37	70.00	-990.00	-40.00	-0.18	-0.37	-0.18	270.00	-920.00	360.00	-5.85	-1.40	9.76
-200.00	-1040.00	30.00	0.06	-0.73	1.22	-70.00	-890.00	-260.00	-0.67	0.43	0.37	70.00	-990.00	-40.00	-0.24	-0.37	-0.24	280.00	-930.00	360.00	-3.41	-0.49	12.68
-200.00	-1040.00	30.00	0.06	-0.73	1.22	-70.00	-890.00	-250.00	-0.18	0.67	0.43	70.00	-1000.00	-40.00	-0.18	-0.37	-0.30	280.00	-930.00	360.00	-3.41	-0.49	12.68
-200.00	-1040.00	30.00	0.12	-0.61	1.22	-80.00	-890.00	-260.00	0.49	0.79	0.12	70.00	-990.00	-40.00	-0.30	-0.43	-0.55	260.00	-960.00	360.00	1.40	9.57	12.20
-200.00	-1040.00	30.00	0.12	-0.49	1.10	-70.00	-890.00	-250.00	2.44	0.91	-1.04	70.00	-990.00	-40.00	-0.30	-0.43	-0.55	270.00	-940.00	360.00	0.91	32.93	7.80
-200.00	-1040.00	30.00	0.12	-0.18	1.16	-70.00	-890.00	-250.00	5.55	-0.73	-3.84	70.00	-990.00	-40.00	-0.30	-0.43	-0.55	260.00	-930.00	400.00	2.38	30.67	11.22
-200.00	-1040.00	20.00	0.79	0.85	0.67	-70.00	-890.00	-250.00	9.15	-4.76	-7.99	70.00	-1000.00	-50.00	-0.30	-0.49	-0.37	260.00	-920.00	410.00	2.50	25.67	15.12
-200.00	-1040.00	30.00	1.65	2.44	0.18	-80.00	-890.00	-250.00	15.91	-10.30	-13.84	70.00	-1000.00	-40.00	-0.30	-0.49	-0.37	280.00	-890.00	420.00	3.35	20.73	17.93
-200.00	-1040.00	30.00	3.84	6.89	-0.98	-70.00	-890.00	-250.00	17.68	-13.60	-16.89	70.00	-990.00	-50.00	-1.10	0.18	0.12	270.00	-910.00	390.00	7.32	-5.73	26.46
-200.00	-1040.00	30.00	6.40	13.48	-2.26	-70.00	-890.00	-250.00	13.11	-12.26	-15.79	70.00	-990.00	-40.00	-0.91	0.85	3.78	270.00	-910.00	390.00	7.32	-5.73	26.46
-200.00	-1040.00	30.00	4.63	17.74	-2.50	-70.00	-890.00	-250.00	8.29	-8.54	-13.60	70.00	-1000.00	-40.00	-0.91	0.85	3.78	280.00	-910.00	380.00	6.95	-6.71	24.88
-200.00	-1030.00	20.00	1.10	24.15	-3.72	-50.00	-890.00	-240.00	5.00	-5.24	-12.26	70.00	-990.00	-50.00	-0.91	0.85	3.78	270.00	-920.00	390.00	6.52	-7.26	23.96
-200.00	-1040.00	30.00	-2.87	24.63	-3.66	-50.00	-880.00	-240.00	3.72	-3.60	-12.56	70.00	-990.00	-50.00	-0.98	0.24	4.88	350.00	-930.00	370.00	6.52	-7.26	23.96
-210.00	-1040.00	20.00	-4.82	14.02	-3.23	-40.00	-890.00	-230.00	2.87	-2.50	-13.23	70.00	-990.00	-50.00	-0.98	0.24	4.88	350.00	-930.00	370.00	6.40	-7.93	22.32
-200.00	-1040.00	20.00	-3.96	11.10	-4.39	-60.00	-870.00	-240.00	2.32	-1.77	-14.02	70.00	-990.00	-50.00	-0.98	0.24	4.88	320.00	-930.00	290.00	6.59	-8.72	20.85
-200.00	-1040.00	30.00	-2.99	10.00	-7.38	-90.00	-880.00	-240.00	2.38	-3.05	-16.65	80.00	-1000.00	-40.00	-6.77	2.01	10.18	310.00	-920.00	290.00	6.71	-9.76	18.90
-190.00	-1030.00	20.00	-1.77	8.90	-10.24	-90.00	-900.00	-240.00	2.01	-5.98	-19.39	80.00	-1000.00	-40.00	-6.77	2.01	10.18	280.00	-920.00	320.00	6.71	-9.76	18.90
-180.00	-1030.00	40.00	-1.28	8.90	-12.32	-100.00	-900.00	-230.00	0.24	-6.16	-19.94	80.00	-1000.00	-40.00	-6.77	2.01	10.18	280.00	-920.00	320.00	7.68	-11.28	11.28
-190.00	-1030.00	30.00	-1.22	10.43	-15.18	-70.00	-900.00	-220.00	-3.72	-3.35	-17.56	70.00	-1000.00	-40.00	-6.77	2.01	10.18	370.00	-870.00	350.00	7.68	-11.28	11.28
-210.00	-1020.00	40.00	-0.73	10.18	-18.05	-80.00	-910.00	-220.00	-7.20	-2.50	-14.21	70.00	-1000.00	-40.00	-9.70	2.13	4.27	370.00	-870.00	350.00	9.15	-11.40	7.07
-210.00	-1030.00	30.00	-0.49	8.23	-19.21	-70.00	-900.00	-230.00	-8.96	-0.55	-11.16	70.00	-1000.00	-40.00	-9.70	2.13	4.27	390.00	-850.00	340.00	11.04	-11.65	2.20
-220.00	-1030.00	20.00	-1.46	5.37	-17.38	-80.00	-880.00	-230.00	-10.00	3.05	-8.17	60.00	-1020.00	-40.00	-9.70	2.13	4.27	400.00	-840.00	340.00	13.11	-12.93	-2.93
-210.00	-1030.00	30.00	-2.93	2.56	-15.18	-100.00	-890.00	-210.00	-10.61	4.57	-7.20	60.00	-1020.00	-40.00	-5.73	-2.20	1.77	400.00	-840.00	340.00	17.62	-15.12	-4.70
-220.00	-1020.00	20.00	-3.72	1.16	-13.11	-90.00	-890.00	-200.00	-9.94	5.79	-6.40	60.00	-1020.00	-40.00	-3.66	-3.60	-2.26	390.00	-810.00	340.00	17.62	-15.12	-4.70
-200.00	-1030.00	10.00	-3.48	0.79	-11.46	-70.00	-920.00	-200.00	-8.96	5.79	-5.49	60.00	-1020.00	-40.00	-3.66	-3.60	-2.26	390.00	-810.00	340.00	25.00	-9.45	-0.12
-200.00	-1020.00	10.00	-2.01	-0.49	-10.98	-50.00	-920.00	-220.00	-8.41	5.55	-5.24	40.00	-1020.00	-10.00	-3.66	-3.60	-2.26	390.00	-810.00	360.00	25.00	-9.45	-0.12
-220.00	-1020.00	10.00	-0.30	-1.83	-10.30	-60.00	-920.00	-220.00	-7.50	6.34	-3.96	40.00	-1020.00	-10.00	8.54	8.60	2.07	380.00	-810.00	370.00	32.32	0.61	2.68
-210.00	-1010.00	30.00	1.71	-3.17	-10.24	-60.00	-890.00	-250.00	-6.34	7.26	-2.38	40.00	-1020.00	-10.00	13.78	16.46	9.27	340.00	-810.00	390.00	21.77	7.38	24.39
-210.00	-1030.00	30.00	3.35	-3.72	-10.00	-10.00	-930.00	-250.00	-6.22	7.62	-2.20	90.00	-1000.00	-0.00	13.78	16.46	9.27	300.00	-800.00	410.00	19.21	-5.24	47.62
-210.00	-1050.00	50.00	4.57	-4.21	-9.39	-20.00	-920.00	-270.00	-5.91	8.72	-0.30	70.00	-990.00	-30.00	36.10	-1.46	-20.79	300.00	-800.00	410.00	19.21	-5.24	47.62
-190.00	-1060.00	50.00	4.82	-3.72	-8.11	-50.00	-890.00	-270.00	-4.45	8.54	0.61	70.00	-990.00	-30.00	16.71	-10.30	9.09	170.00	-810.00	470.00	25.18	-9.33	36.46
-170.00	-1070.00	30.00	4.63	-2.68	-6.65	-20.00	-900.00	-280.00	-3.11	8.48	1.40	70.00	-990.00	-30.00	15.49	-10.79	10.85	170.00	-810.00	470.00	28.11	-6.28	35.12
-180.00	-1050.00	10.00	4.39	-1.71	-4.82	-10.00	-910.00	-270.00	-1.83	8.11	2.62	30.00	-1020.00	-30.00	15.49	-10.79	10.85	50.00	-780.00	470.00	28.11	-6.28	35.12
-170.00	-1060.00	-10.00	4.09	-0.61	-2.20	-10.00	-900.00	-280.00	0.00	7.80	4.27	30.00	-1020.00	-30.00	12.20	-9.33	12.93	-10.00	-910.00	490.00	29.51	-1.28	33.84
-160.00	-1070.00	-10.00	4.51	-0.18	-0.18	-30.00	-870.00	-260.00	2.07	8.23	6.34	30.00	-1020.00	-30.00	9.27	-7.32	11.89	-190.00	-890.00	460.00	26.95	10.79	27.74
-160.00	-1050.00	-10.00	5.30	-0.12	1.46	-20.00	-900.00	-260.00	3.78	7.93	7.62	70.00	-1020.00	-40.00	9.27	-7.32	11.89	-370.00	-1870.00	220.00	21.28	12.68	11.16
-150.00	-1050.00	-10.00	5.85	0.49	3.66	-20.00	-870.00	-260.00	5.85	7.87	10.30	90.00	-990.00	-70.00	5.49	-6.16	8.84	430.00	-910.00	410.00	21.28	12.68	11.16
-150.00	-1050.00	-0.00	6.04	1.34	5.79	-0.00	-890.00	-270.00	7.44	7.56	12.26	90.00	-990.00	-70.00	1.52	-1.77	-1.40	430.00	-910.00	410.00	18.90	8.78	8.23
-140.00	-1060.00	20.00	6.10	2.07	8.35	-30.00	-860.00	-250.00	8.90	6.65	13.48	90.00	-990.00	-70.00	-0.73	2.13	-6.71	110.00	-920.00	390.00	17.50	8.54	9.51
-140.00	-1050.00	20.00	5.61	2.62	11.40	-10.00	-860.00	-270.00	9.88	6.34	14.27	190.00	-970.00	-70.00	-0.73	2.13	-6.71	130.00	-990.00	380.00	17.50	8.54	9.51
-130.00	-1040.00	20.00	5.67	2.68	13.72	-20.00	-860.00	-280.00	10.61	6.34	14.70	220.00	-980.00	-50.00	1.40	4.09	-20.43	130.00	-990.00	380.00	11.04	11.83	16.89
-130.00	-1050.00	10.00	6.16	2.62	15.55	-10.00	-880.00	-270.00	12.13	5.73	16.16	220.00	-980.00	-50.00	-8.72	-1.71	-18.90	150.00	-960.00	410.00	11.04	11.83	16.89
-130.00	-1040.00	10.00	7.07	2.74	16.46	10.00	-890.00	-270.00	13.60	4.88	17.20	220.00	-960.00	-60.00	-8.72	-1.71	-18.90	120.00	-980.00	410.00	7.74	12.20	17.56
-130.00	-1040.00	10.00	7.99	3.54	16.46	0.00	-880.00	-260.00	16.10	2.87	18.54	220.00	-960.00	-60.00	-16.10	24.27	12.74	110.00	-940.00	430.00	4.39	12.56	16.77
-110.00	-1050.00	10.00	8.41	4.15	17.44	-10.00	-870.00	-260.00	18.66	-0.37	20.43	220.00	-950.00	-60.00	-16.10	24.27	12.74	110.00	-940.00	430.00	2.26	12.26	15.73
-120.00	-1050.00	20.00	9.45	3.60	18.66	-10.00	-890.00	-270.00	22.01	-3.90	23.96	220.00	-950.00	-60.00	-12.38	39.15	48.72	130.00	-900.00	460.00	1.22	11.52	16.59
-120.00	-1060.00	30.00	10.00	3.05	21.40	-0.00	-890.00	-240.00	26.52	-5.91	28.48	170.00	-900.00	50.00	-12.38	39.15	48.72	160.00	-920.00	460.00	1.22	11.52	16.59
-130.00	-1050.00	30.00	11.04	0.24	24.94	-10.00	-890.00	-250.00	28.17	-4.82	30.98	170.00	-900.00	50.00	-1.10	-7.87	21.95	160.00	-920.00	460.00	0.67	8.78	23.90
-120.00	-1050.00	20.00	12.87	-3.96	29.76	-10.00	-890.00	-250.00	29.63	-4.51	33.05	140.00	-890.00	50.00	-1.10	-7.87	21.95	170.00	-940.00	470.00	0.67	8.78	23.90
-140.00	-1050.00	20.00	14.39	-6.77	34.33	-30.00	-880.00	-250.00	33.66	-7.32	38.17	100.00	-1220.00	300.00	5.49	-4.45	17.50	140.00	-920.00	480.00	0.61	6.59	29.15
-140.00	-1040.00	30.00	16.22	-8.96	34.39	10.00	-850.00	-270.00	39.76	-12.01	46.40	100.00	-1220.00	300.00	38.90	-2.80	82.87	130.00	-900.00	490.00	0.61	6.59	29.15
-140.00	-1040.00	30.00	17.38	-11.46	33.84	-10.00	-870.00	-260.00	47.50	-18.23	57.01	-190.00	-1080.00	140.00	38.90	-2.80	82.87	100.00	-910.00	490.00	2.56	-5.18	50.91
-150.00	-1050.00	40.00	16.59	-13.17	36.40	30.00	-850.00	-280.00	58.05	-26.04	70.24	-190.00	-1080.00	140.00	38.90	-2.80	82.87	100.00	-910.00	490.00	2.56	-5.18	50.91
-150.00	-1050.00	30.00	16.34	-15.30	40.49	0.00	-880.00	-280.00	70.06	-33.48	82.80	-670.00	-1150.00	-60.00	38.90	-2.80	82.87	130.00	-910.00	460.00	4.57	-5.85	53.90
-120.00	-1060.00	20.00	16.10	-17.68	47.07	-70.00	-970.00	-220.00	83.41	-42.74	92.93	-920.00	-1230.00	-300.00	41.89	-18.29	68.54	130.00	-910.00	460.00	5.49	-3.90	54.15
-150.00	-1050.00	30.00	14.63	-18.35	58.17	-50.00	-980.00	-210.00	91.34	-51.40	98.78	-920.00	-1230.00	-300.00	41.89	-18.29	68.54	140.00	-890.00	480.00	5.43	-1.40	54.27
-100.00	-1070.00	10.00	10.98	-16.40	70.18	-20.00	-990.00	-230.00	83.90	-53.35	102.44	300.00	-1140.00	10.00	39.70	-12.13	56.28	160.00	-910.00	470.00	6.59	-0.06	53.78
-150.00	-1070.00	20.00	4.09	-14.21	82.99	-30.00	-960.00	-230.00	86.89	-51.04	111.16	300.00	-1140.00	10.00	31.10	-1.71	25.49	150.00	-920.00	470.00	6.59	-0.06	53.78
-240.00	-1070.00	50.00	-8.54	-12.01	96.22	-60.00	-980.00	-290.00	84.39	-42.62	114.45	400.00	-1110.00	50.00	31.10	-1.71	25.49	150.00	-900.00	490.00	10.12	3.35	53.66
-190.00	-1080.00	80.00	-27.26	-10.12	112.01	-60.00	-940.00	-320.00	111.28	-59.02	143.23	400.00	-1110.00	50.00	31.10	-1.71	25.49	150.00	-900.00	490.00	10.12	3.35	53.66
-190.00	-1110.00	70.00	-42.93	-2.38	132.20	-30.00	-1000.00	-290.00	137.50	-68.90	162.56	-40.00	-1000.00	-20.00	26.71	1.52	13.11	160.00	-900.00	490.00	9.33	3.11	52.44
-200.00	-1130.00	50.00	-18.78	-10.98	153.60	50.00	-1070.00	-260.00	165.43	-90.00	193.66	-40.00	-1000.00	-20.00	21.77	-0.79	7.74	70.00	-940.00	460.00	6.46	7.44	56.65
-180.00	-1150.00	40.00	-20.12	-18.05	191.10	80.00	-1160.00	-260.00	202.74	-114.63	235.18	-40.00	-1000.00	-20.00	21.77	-0.79	7.74	80.00	-970.00	450.00	3.05	12.80	62.38
-150.00	-1190.00	60.00	-15.37	-23.54	233.17	160.00	-1690.00	-230.00	281.22	-135.67	291.34	-110.00	-990.00	10.00	21.77	-0.79	7.74	80.00	-970.00	450.00	1.16	18.96	70.37
-150.00	-1210.00	110.00	-12.74	-28.78	280.37	150.00	-1410.00	-170.00	281.77	-108.05	304.15	-110.00	-990.00	10.00	18.23	-3.35	12.56	70.00	-970.00	460.00	1.16	18.96	70.37
-90.00	-1260.00	120.00	-52.50	-27.80	315.73	240.00	-1550.00	-460.00	246.65	-45.00	276.52	-110.00	-990.00	10.00	18.23	-3.35	12.56	70.00	-970.00	460.00	-1.71	28.29	83.54
-90.00	-1330.00	230.00	-44.45	-28.05	350.49	330.00	-1630.00	-590.00	181.34	12.62	258.96	-140.00	-980.00	40.00	18.23	-3.35	12.56	80.00	-1020.00	490.00	-20.24	61.16	119.82
-20.00	-1570.00	380.00	-52.68	9.21	371.22	330.00	-1670.00	-660.00	113.23	68.41	186.16	-130.00	-990.00	20.00	16.83	-0.12	14.33	170.00	-1060.00	520.00	-72.44	116.34	214.76
-160.00	-1620.00	340.00	-41.46	48.41	362.68	500.00	-1500.00	-600.00	62.38	69.02	133.23	-130.00	-990.00	20.00	11.04	4.27	14.57	100.00	-1000.00	470.00	-72.44	116.34	214.76
50.00	-2000.00	150.00	-18.90	92.74	316.65	540.00	-1670.00	-630.00	24.09	117.44	69.82	-100.00	-1010.00	40.00	11.04	4.27	14.57	80.00	-1050.00	460.00	-105.91	143.66	261.28
10.00	-2000.00	80.00	13.78	113.29	248.41	810.00	-1640.00	-800.00	-23.29	153.60	38.90	-50.00	-1000.00	60.00	11.04	4.27	14.57	80.00	-1050.00	460.00	-105.91	143.66	261.28
180.00	-2000.00	120.00	37.38	113.78	193.35	-180.00	-1720.00	-660.00	-37.62	90.00	-12.74	-50.00	-1000.00	60.00	2.68	3.35	11.71	140.00	-1280.00	400.00	-135.00	118.29	301.65
550.00	-1770.00	300.00	15.85	70.85	94.76	370.00	-2000.00	-740.00	-48.35	6.16	-75.18	-50.00	-1000.00	60.00	2.68	3.35	11.71	140.00	-1280.00	400.00	-38.66	13.90	195.98
350.00	-2000.00	230.00	-10.73	126.89	21.65	-490.00	-2000.00	-450.00	-77.68	-26.71	-132.13	-80.00	-1000.00	60.00	2.68	3.35	11.71	170.00	-1310.00	490.00	-2.20	6.77	89.63
840.00	-2000.00	190.00	-4.70	140.37	-10.49	-310.00	-1690.00	-620.00	-104.63	-28.41	-175.91	-60.00	-1030.00	80.00	2.68	3.35	11.71	170.00	-1310.00	490.00	-2.20	6.77	89.63
590.00	-2000.00	250.00	-1.04	51.95	-53.11	-380.00	-1700.00	-520.00	-136.34	-23.29	-205.37	-60.00	-1030.00	80.00	3.84	3.23	26.95	380.00	-1370.00	690.00	-7.74	-15.12	63.29
600.00	-2000.00	-160.00	9.45	-20.06	-99.02	450.00	60.00	-900.00	-166.59	-13.11	-228.05	-60.00	-1030.00	80.00	3.84	3.23	26.95	380.00	-1370.00	690.00	4.27	-49.51	-0.98
-270.00	-2000.00	-100.00	23.66	-54.82	-150.79	1100.00	-1170.00	-1430.00	-189.76	7.62	-247.56	-90.00	-1020.00	110.00	3.84	3.23	26.95	730.00	-1800.00	240.00	18.41	-58.11	-59.82
160.00	-1790.00	-180.00	27.26	-66.89	-197.20	1150.00	-580.00	-1490.00	-204.76	31.95	-267.26	-90.00	-1020.00	110.00	3.29	2.26	41.65	910.00	-1950.00	170.00	16.22	-54.02	-137.80
-340.00	-810.00	-640.00	19.76	-71.34	-239.21	2000.00	-150.00	-1660.00	-215.61	50.85	-285.73	-90.00	-1020.00	110.00	2.87	2.38	48.29	1050.00	-1850.00	460.00	14.33	-62.56	-224.70
2000.00	870.00	90.00	11.46	-64.76	-278.17	1730.00	-460.00	-1420.00	-223.29	64.70	-300.67	-100.00	-1010.00	90.00	2.87	2.38	48.29	630.00	-2000.00	1260.00	14.33	-62.56	-224.70
2000.00	-1290.00	-120.00	9.09	-45.18	-313.29	1370.00	-240.00	-1270.00	-224.51	75.43	-312.93	-60.00	-1000.00	90.00	2.87	2.38	48.29	630.00	-2000.00	1260.00	14.51	-82.99	-289.51
1560.00	-700.00	-600.00	15.06	-13.23	-369.09	1240.00	-420.00	-970.00	-220.49	83.90	-321.16	-60.00	-1000.00	90.00	1.16	-1.95	54.70	1730.00	-2000.00	900.00	16.65	-97.13	-318.96
1440.00	-530.00	-280.00	41.77	4.45	-404.27	1170.00	-560.00	-730.00	-209.21	86.52	-325.43	-60.00	-1000.00	90.00	1.16	-1.95	54.70	1730.00	-2000.00	900.00	16.65	-97.13	-318.96
1310.00	-690.00	-350.00	41.77	4.45	-404.27	1010.00	-660.00	-560.00	-199.02	88.11	-325.49	-40.00	-1030.00	100.00	1.16	-1.95	54.70	1590.00	-420.00	670.00	16.77	-104.21	-363.78
1520.00	-710.00	-80.00	49.51	3.11	-403.54	840.00	-680.00	-450.00	-195.55	98.90	-317.80	-40.00	-1030.00	100.00	2.93	-2.80	54.21	1360.00	-660.00	510.00	16.77	-104.21	-363.78
1370.00	-640.00	150.00	53.78	12.01	-387.80	730.00	-740.00	-350.00	-188.78	117.93	-302.68	-40.00	-1030.00	100.00	4.39	-4.45	55.00	1360.00	-660.00	510.00	16.22	-99.45	-380.79
1260.00	-480.00	330.00	53.78	12.01	-387.80	700.00	-870.00	-280.00	-179.45	131.65	-284.45	-40.00	-1030.00	100.00	4.39	-4.45	55.00	1700.00	-470.00	440.00	16.22	-99.45	-380.79
1190.00	-590.00	410.00	45.18	34.27	-372.74	600.00	-970.00	-190.00	-176.34	131.04	-257.38	-100.00	-1010.00	80.00	4.39	-4.45	55.00	1020.00	-440.00	180.00	14.15	-87.93	-403.29
1140.00	-710.00	460.00	45.18	34.27	-372.74	510.00	-1080.00	-150.00	-163.17	103.48	-223.60	-100.00	-1010.00	80.00	6.40	-2.32	55.91	1020.00	-440.00	180.00	14.15	-87.93	-403.29
970.00	-860.00	490.00	12.99	34.02	-317.13	410.00	-1240.00	-130.00	-129.21	58.72	-183.35	-100.00	-1010.00	80.00	7.87	-2.56	55.98	780.00	-620.00	90.00	11.95	-81.59	-407.32
760.00	-1050.00	510.00	12.99	34.02	-317.13	310.00	-1440.00	-150.00	-93.90	9.57	-131.95	-130.00	-1010.00	60.00	7.87	-2.56	55.98	570.00	-790.00	120.00	11.10	-72.56	-408.11
610.00	-1230.00	500.00	20.06	-60.79	-120.30	-30.00	-1700.00	-110.00	-57.80	-17.44	-74.21	-140.00	-990.00	50.00	7.07	-0.12	49.45	570.00	-790.00	120.00	11.10	-72.56	-408.11
450.00	-1460.00	510.00	20.06	-60.79	-120.30	-470.00	-1890.00	-90.00	-20.30	-18.60	-22.99	-140.00	-990.00	50.00	7.07	-0.12	49.45	540.00	-880.00	150.00	12.38	-69.15	-404.33
10.00	-1880.00	350.00	23.11	-59.21	-54.39	-850.00	-2000.00	0.00	4.15	-9.94	22.93	-140.00	-990.00	50.00	5.98	1.59	46.77	510.00	-980.00	180.00	12.38	-69.15	-404.33
10.00	-1880.00	350.00	4.45	-5.37	42.68	-1130.00	-2000.00	140.00	16.28	3.23	63.66	-160.00	-1080.00	-0.00	6.28	1.59	34.27	430.00	-1070.00	220.00	27.93	-74.09	-364.63
-330.00	-2000.00	200.00	4.45	-5.37	42.68	-1430.00	-2000.00	310.00	20.91	84.57	132.01	-160.00	-1050.00	50.00	4.94	12.01	34.57	370.00	-1160.00	250.00	27.93	-74.09	-364.63
-990.00	-2000.00	-30.00	4.45	-5.37	42.68	-1720.00	-2000.00	380.00	22.26	180.98	204.15	-160.00	-1050.00	50.00	11.89	6.10	53.23	370.00	-1160.00	250.00	41.52	8.66	-223.17
-990.00	-2000.00	-30.00	-27.99	48.48	75.73	-2000.00	-2000.00	610.00	115.55	121.77	182.44	-170.00	-1010.00	80.00	7.62	14.39	71.83	220.00	-1460.00	360.00	41.52	8.66	-223.17
-1500.00	-2000.00	-230.00	-9.88	254.88	209.02	-2000.00	-1980.00	960.00	368.41	80.18	148.84	-160.00	-1090.00	0.00	-2.07	32.32	103.17	220.00	-1460.00	360.00	34.21	55.24	-199.39
-2000.00	-2000.00	-610.00	-9.88	254.88	209.02	-2000.00	-1560.00	1250.00	156.34	-6.22	177.99	-160.00	-1090.00	0.00	16.04	25.49	148.66	50.00	-1700.00	440.00	34.21	55.24	-199.39
-2000.00	-2000.00	-610.00	-13.29	229.51	270.73	-2000.00	-1470.00	1300.00	-0.85	-46.10	140.37	-180.00	-1090.00	40.00	20.43	23.23	188.66	50.00	-1700.00	440.00	14.27	98.78	-96.83
-2000.00	-1570.00	-500.00	-120.61	48.84	315.67	-2000.00	-1330.00	1290.00	-36.34	-31.28	94.33	-190.00	-1100.00	-80.00	102.68	-18.17	201.10	-400.00	-2000.00	640.00	14.27	98.78	-96.83
-2000.00	-1570.00	-500.00	-120.61	48.84	315.67	-2000.00	-1330.00	1270.00	-84.15	-19.76	86.04	-70.00	-1170.00	-110.00	-23.54	21.59	379.63	-400.00	-2000.00	640.00	0.06	74.27	-22.93
-2000.00	-1570.00	-500.00	-119.09	24.51	213.35	-2000.00	-1100.00	790.00	-83.54	-45.55	77.07	-210.00	-1340.00	-30.00	-23.54	21.59	379.63	-800.00	-2000.00	730.00	-4.82	25.06	36.52
-2000.00	-1060.00	-430.00	-72.07	-14.88	132.50	-1940.00	1010.00	740.00	-71.65	-20.73	75.49	100.00	-1760.00	-0.00	-23.54	21.59	379.63	-1100.00	-2000.00	830.00	-78.35	199.94	165.73
-2000.00	-910.00	-290.00	-62.99	-33.41	90.79	1950.00	230.00	-2000.00	-47.44	-9.57	43.60	-160.00	-1610.00	250.00	0.30	-135.73	394.09	-1400.00	-2000.00	950.00	-208.60	-14.33	239.76
-2000.00	-910.00	-290.00	-76.46	-17.74	80.91	1730.00	-2000.00	-340.00	-29.45	-8.84	23.72	-120.00	-1610.00	80.00	0.30	-135.73	394.09	-1700.00	-2000.00	1100.00	25.06	-88.78	184.02
-1060.00	-2000.00	-410.00	-50.37	-11.34	55.18	-530.00	-2000.00	2000.00	-14.09	-6.28	21.04	90.00	-1570.00	110.00	0.30	-135.73	394.09	-2000.00	-2000.00	740.00	25.06	-88.78	184.02
2000.00	-2000.00	130.00	-15.06	-1.40	26.71	-340.00	-2000.00	660.00	-1.22	-8.66	16.34	50.00	-1870.00	80.00	12.07	-162.20	347.20	-2000.00	-2000.00	740.00	107.62	-13.78	189.57
2000.00	-2000.00	130.00	-7.07	-6.16	10.30	-1000.00	-2000.00	340.00	-2.44	-8.96	20.30	340.00	-1560.00	-350.00	-62.62	-33.23	152.32	-2000.00	-2000.00	420.00	61.89	-25.12	100.00
-2000.00	-1910.00	1010.00	-7.07	-6.16	10.30	270.00	-1010.00	130.00	-3.60	-12.68	22.80	470.00	-2000.00	140.00	-62.62	-33.23	152.32	-2000.00	-1590.00	-110.00	43.29	-1.10	50.06
-1980.00	-1030.00	1210.00	-7.07	-6.16	10.30	450.00	-960.00	70.00	-0.55	-12.56	26.34	-180.00	-2000.00	-380.00	-98.78	27.38	219.33	-2000.00	-1590.00	-110.00	43.29	-1.10	50.06
-1020.00	-1810.00	-30.00	-9.82	6.52	15.79	-660.00	-630.00	-280.00	0.18	-14.63	23.84	810.00	-2000.00	-270.00	-26.28	-13.17	61.16	-2000.00	-1450.00	-10.00	34.09	-1.16	60.30
-720.00	-970.00	-40.00	-9.82	6.52	15.79	-290.00	-750.00	-380.00	6.52	-19.27	19.82	810.00	-2000.00	-270.00	-26.28	-13.17	61.16	-2000.00	-1450.00	-10.00	25.37	7.44	45.55
-270.00	-940.00	500.00	-9.82	6.52	15.79	-230.00	-840.00	-340.00	12.26	-16.65	19.45	500.00	-2000.00	200.00	-31.46	-31.46	47.87	-2000.00	-120.00	1670.00	25.37	7.44	45.55
-230.00	-960.00	-160.00	-6.10	4.94	18.23	-40.00	-750.00	-540.00	12.32	-14.57	17.20	580.00	-2000.00	520.00	-8.17	-36.40	-49.33	920.00	-2000.00	-1560.00	13.54	10.18	32.20
-390.00	-880.00	-420.00	-6.52	5.98	19.88	60.00	-900.00	-320.00	12.07	-10.61	16.59	580.00	-2000.00	520.00	-16.04	-27.80	-91.52	920.00	-2000.00	-1560.00	7.93	6.59	31.22
-320.00	-990.00	-220.00	-6.28	-3.84	32.32	30.00	-950.00	-220.00	11.89	-9.63	14.45	-20.00	-2000.00	560.00	-19.94	-21.59	-123.29	790.00	-1320.00	950.00	2.38	8.29	32.13
-80.00	-1080.00	-220.00	-6.28	-3.84	32.32	60.00	-980.00	-280.00	11.83	-7.99	14.82	1170.00	430.00	320.00	-37.56	-3.72	-168.78	790.00	-1320.00	950.00	1.95	6.40	33.05
-70.00	-1080.00	-160.00	-6.28	-3.84	32.32	-40.00	-870.00	-290.00	12.44	-7.07	16.10	1170.00	430.00	320.00	-48.54	9.02	-217.07	-1050.00	-320.00	530.00	1.95	6.40	33.05
-70.00	-1080.00	-160.00	-19.70	-3.60	54.51	-40.00	-820.00	-310.00	14.21	-9.09	18.23	1140.00	-1180.00	-540.00	-58.54	15.73	-255.49	170.00	-810.00	650.00	2.80	2.26	33.54
-70.00	-1080.00	-160.00	-19.70	-3.60	54.51	-30.00	-750.00	-460.00	15.73	-9.70	23.78	2000.00	-1980.00	220.00	-65.00	15.67	-293.66	170.00	-810.00	650.00	2.01	5.12	33.05
-170.00	-1020.00	-150.00	-19.70	-3.60	54.51	-170.00	-660.00	-380.00	18.17	-10.67	30.24	1630.00	-200.00	-250.00	-72.44	12.01	-330.30	170.00	-920.00	520.00	3.48	6.22	34.45
-170.00	-1020.00	-150.00	-24.51	-1.71	60.73	-50.00	-800.00	-340.00	18.90	-11.22	36.77	1360.00	-820.00	-90.00	-79.57	8.60	-360.61	50.00	-1050.00	290.00	3.48	6.22	34.45
-170.00	-1020.00	-150.00	-27.87	2.56	68.54	-70.00	-930.00	-350.00	19.76	-12.13	43.96	1540.00	-660.00	-270.00	-81.28	8.41	-382.62	200.00	-940.00	510.00	10.18	4.70	44.27
-190.00	-1020.00	-100.00	-27.87	2.56	68.54	-40.00	-840.00	-280.00	21.52	-13.54	49.70	1090.00	-760.00	-160.00	-82.62	14.09	-398.05	100.00	-890.00	490.00	11.83	4.15	51.46
-200.00	-1040.00	-80.00	-27.99	0.43	77.74	-70.00	-760.00	-270.00	24.63	-15.30	55.24	930.00	-620.00	-230.00	-85.73	22.50	-409.21	160.00	-840.00	550.00	11.83	4.15	51.46
-200.00	-1040.00	-80.00	-27.99	0.43	77.74	70.00	-980.00	-280.00	26.95	-15.85	61.71	770.00	-720.00	-280.00	-87.93	29.33	-416.34	160.00	-840.00	550.00	11.59	5.06	54.02
-140.00	-1090.00	-60.00	-27.99	0.43	77.74	10.00	-910.00	-290.00	29.51	-17.87	67.26	670.00	-730.00	-330.00	-89.33	32.68	-418.54	100.00	-890.00	500.00	12.68	5.61	55.43
-140.00	-1090.00	-60.00	-13.35	-14.27	64.21	20.00	-840.00	-320.00	32.62	-22.13	72.99	590.00	-780.00	-350.00	-86.89	34.09	-417.50	100.00	-890.00	500.00	13.05	6.71	56.28
-140.00	-1090.00	-60.00	-13.11	-16.77	71.59	70.00	-910.00	-310.00	35.98	-26.83	80.37	490.00	-880.00	-320.00	-79.39	34.45	-413.41	140.00	-930.00	490.00	14.51	7.20	55.24
-170.00	-1040.00	-70.00	-13.11	-16.77	71.59	50.00	-880.00	-330.00	39.15	-31.95	87.20	420.00	-940.00	-290.00	-66.65	27.01	-404.27	140.00	-930.00	490.00	14.51	7.20	55.24
-170.00	-1040.00	-70.00	-13.11	-16.77	71.59	-20.00	-820.00	-320.00	39.51	-36.22	91.22	280.00	-1000.00	-250.00	-53.78	18.90	-389.94	130.00	-950.00	460.00	14.63	25.85	62.20
-170.00	-1040.00	-70.00	-14.57	-24.21	105.98	-10.00	-870.00	-320.00	41.52	-33.78	96.95	160.00	-1090.00	-210.00	-45.30	18.90	-367.74	130.00	-950.00	460.00	14.63	25.85	62.20
-170.00	-1070.00	-60.00	-14.57	-24.21	105.98	-20.00	-900.00	-320.00	44.51	-36.89	108.78	90.00	-1170.00	-180.00	-30.73	18.29	-332.20	130.00	-900.00	520.00	12.13	24.39	60.30
-180.00	-1100.00	-50.00	-14.57	-24.21	105.98	-10.00	-950.00	-320.00	49.02	-37.38	122.62	-10.00	-1290.00	-170.00	-17.99	24.27	-283.05	100.00	-910.00	520.00	9.09	30.12	62.01
-180.00	-1100.00	-50.00	-20.79	-19.70	145.43	-60.00	-950.00	-290.00	55.30	-36.95	138.48	-90.00	-1440.00	-140.00	-19.09	42.38	-232.74	40.00	-880.00	510.00	1.34	45.79	71.16
-250.00	-1150.00	-120.00	-24.51	-18.96	166.89	-10.00	-1000.00	-290.00	64.39	-38.78	155.12	-210.00	-1620.00	-80.00	-26.65	90.24	-180.55	50.00	-890.00	510.00	1.34	45.79	71.16
-250.00	-1150.00	-120.00	-24.51	-18.96	166.89	-30.00	-1020.00	-290.00	77.56	-38.23	172.44	-330.00	-1820.00	-30.00	-0.12	135.43	-136.46	50.00	-890.00	510.00	-5.12	54.94	73.05
-250.00	-1150.00	-120.00	-24.51	-18.96	166.89	-10.00	-1040.00	-320.00	90.43	-43.35	192.44	-520.00	-2000.00	10.00	11.28	141.52	-74.57	10.00	-950.00	450.00	-17.56	62.68	74.33
-280.00	-1260.00	-0.00	-34.33	-40.06	221.22	-70.00	-1050.00	-280.00	106.52	-56.40	213.23	-860.00	-2000.00	190.00	-1.59	98.41	-10.91	10.00	-950.00	450.00	-17.56	62.68	74.33
-280.00	-1260.00	-0.00	-43.23	-48.48	251.65	110.00	-1190.00	-290.00	125.67	-74.82	233.66	-1210.00	-2000.00	370.00	-15.18	30.79	26.40	40.00	-970.00	490.00	-30.61	73.60	76.40
-280.00	-1260.00	-0.00	-43.23	-48.48	251.65	-10.00	-1180.00	-220.00	147.99	-96.52	257.50	-1620.00	-2000.00	500.00	37.20	-116.22	37.62	220.00	-1070.00	810.00	-45.85	77.38	82.99
-200.00	-1540.00	-0.00	-65.18	-76.46	319.63	10.00	-1220.00	-280.00	181.46	-131.16	285.85	-2000.00	-2000.00	680.00	-61.71	-132.87	200.85	50.00	-980.00	640.00	-59.70	81.89	94.45
-180.00	-1600.00	20.00	-75.98	-105.85	355.91	70.00	-1330.00	-340.00	239.57	-178.90	309.27	-2000.00	-2000.00	1060.00	-154.39	-247.68	237.26	80.00	-990.00	600.00	-75.06	93.23	107.01
-180.00	-1600.00	20.00	-75.98	-105.85	355.91	70.00	-1340.00	-370.00	295.55	-204.09	335.79	-2000.00	-1910.00	940.00	73.60	-183.90	228.66	80.00	-990.00	600.00	-75.06	93.23	107.01
-180.00	-1600.00	20.00	-75.98	-105.85	355.91	80.00	-1350.00	-350.00	274.21	-170.55	381.34	-2000.00	-1500.00	750.00	245.30	63.05	371.10	-20.00	-1000.00	450.00	-101.52	104.39	146.65
-70.00	-1680.00	-80.00	-75.37	-83.35	435.85	110.00	-1370.00	-430.00	230.98	-147.26	382.74	-2000.00	-1370.00	50.00	218.35	79.27	303.48	-20.00	-1000.00	450.00	-101.52	104.39	146.65
-70.00	-1680.00	-80.00	-87.56	-83.23	436.28	130.00	-1350.00	-530.00	191.16	-197.68	358.96	-2000.00	-1200.00	180.00	112.99	105.91	171.95	-40.00	-980.00	510.00	-106.89	113.66	163.90
-70.00	-1680.00	-80.00	-87.56	-83.23	436.28	280.00	-1430.00	-620.00	136.52	-185.91	297.07	-2000.00	-1200.00	160.00	139.09	51.83	185.98	-50.00	-950.00	540.00	-106.28	118.29	182.20
140.00	-2000.00	-100.00	-27.99	-87.87	251.83	400.00	-1550.00	-780.00	43.11	-126.71	179.57	-2000.00	-1890.00	2000.00	131.65	4.39	164.02	10.00	-990.00	520.00	-100.98	128.23	192.13
280.00	-2000.00	-80.00	-27.99	-87.87	251.83	580.00	-1670.00	-860.00	30.73	-131.04	125.55	310.00	1130.00	930.00	80.00	2.68	105.12	100.00	-1090.00	750.00	-100.98	128.23	192.13
280.00	-2000.00	-80.00	13.48	-95.85	197.68	810.00	-1770.00	-1020.00	112.68	-81.65	37.26	-470.00	-2000.00	660.00	64.51	6.04	87.80	360.00	-1340.00	860.00	-92.38	126.77	188.23
280.00	-2000.00	-80.00	13.48	-95.85	197.68	1080.00	-1970.00	-1280.00	-23.41	90.37	-20.98	-610.00	-220.00	-1700.00	51.83	5.00	72.62	360.00	-1340.00	860.00	-82.99	101.04	169.21
750.00	-2000.00	-280.00	28.66	44.21	-34.39	1050.00	-2000.00	-1170.00	-46.59	187.32	-21.46	-1990.00	-1160.00	-960.00	31.83	12.87	57.93	440.00	-1490.00	770.00	-71.95	95.18	166.65
780.00	-2000.00	-280.00	28.66	44.21	-34.39	-630.00	-2000.00	-760.00	-38.84	159.51	-83.05	60.00	-1060.00	0.00	31.10	12.13	54.09	530.00	-1610.00	750.00	-54.82	89.51	185.18
780.00	-2000.00	-280.00	48.05	134.09	-38.41	-380.00	-2000.00	-440.00	-108.48	108.35	-141.28	510.00	-790.00	-180.00	21.52	13.60	44.21	480.00	-1730.00	730.00	-58.23	33.48	144.88
-180.00	-2000.00	-250.00	26.10	71.34	-170.98	-110.00	-2000.00	-730.00	-135.85	89.63	-204.15	-580.00	-520.00	90.00	12.87	12.38	29.21	480.00	-1730.00	730.00	14.76	-90.85	66.89
-180.00	-2000.00	-250.00	26.10	71.34	-170.98	-90.00	-1480.00	-940.00	-126.28	91.34	-263.48	-230.00	-920.00	480.00	13.90	10.61	32.20	570.00	-1870.00	710.00	-3.54	-46.65	-1.89
-350.00	-2000.00	-150.00	43.29	28.23	-232.26	1100.00	-1130.00	-760.00	-129.57	94.57	-305.37	-180.00	-990.00	80.00	11.83	7.50	32.80	310.00	-1780.00	1020.00	-3.54	-46.65	-1.89
-350.00	-2000.00	-150.00	65.24	14.33	-275.37	-650.00	-1140.00	-1250.00	-139.70	93.90	-338.17	-110.00	-1030.00	470.00	5.43	6.65	28.05	310.00	-1780.00	1020.00	-11.22	-36.89	-96.77
230.00	-90.00	-270.00	80.12	10.06	-311.46	1220.00	-1650.00	-980.00	-152.50	96.52	-362.50	-130.00	-1020.00	160.00	2.80	6.65	25.79	660.00	-1600.00	850.00	-13.96	-40.61	-135.12
1060.00	90.00	820.00	87.13	8.60	-347.50	1010.00	-70.00	-890.00	-162.44	105.61	-381.34	60.00	-1050.00	290.00	0.98	8.11	24.76	70.00	-1980.00	660.00	-13.96	-40.61	-135.12
1060.00	90.00	820.00	94.88	6.59	-380.67	1460.00	-690.00	-630.00	-167.56	111.95	-395.91	-180.00	-980.00	170.00	1.16	7.26	28.78	-130.00	-920.00	650.00	-13.05	-45.43	-169.09
2000.00	-670.00	420.00	102.26	7.74	-406.95	1240.00	-560.00	-700.00	-167.32	104.27	-405.55	-150.00	-1020.00	70.00	2.32	2.68	35.30	-130.00	-920.00	650.00	-7.07	-61.89	-196.59
2000.00	-670.00	420.00	107.07	8.90	-425.18	1020.00	90.00	-660.00	-164.70	87.80	-405.12	-100.00	-1040.00	60.00	3.48	-0.12	39.63	450.00	-580.00	160.00	8.05	-87.62	-246.65
1070.00	-20.00	300.00	110.43	1.46	-434.02	900.00	-40.00	-510.00	-160.79	74.21	-397.87	-120.00	-1020.00	200.00	4.82	-1.95	41.34	1010.00	-1180.00	100.00	8.05	-87.62	-246.65
660.00	-290.00	40.00	111.52	-12.93	-431.40	780.00	-200.00	-320.00	-154.27	58.05	-387.93	-110.00	-980.00	260.00	5.91	-2.26	42.07	1200.00	380.00	70.00	6.34	-64.45	-266.65
1050.00	-400.00	60.00	110.18	-25.12	-421.34	700.00	-450.00	-170.00	-147.93	33.72	-373.66	-130.00	-990.00	230.00	5.98	-1.65	43.96	1200.00	380.00	70.00	5.30	-56.10	-268.78
980.00	-540.00	170.00	55.61	-37.20	-402.99	520.00	-670.00	-90.00	-152.13	18.23	-360.67	-90.00	-990.00	210.00	5.37	0.67	44.82	1060.00	190.00	-30.00	5.55	-49.63	-266.28
770.00	-530.00	330.00	55.61	-37.20	-402.99	320.00	-820.00	-70.00	-173.78	21.83	-350.37	-120.00	-970.00	140.00	4.82	3.48	45.73	950.00	50.00	-90.00	11.28	-42.13	-246.89
570.00	-540.00	390.00	50.67	-3.05	-391.83	220.00	-960.00	-70.00	-191.34	50.91	-339.33	-80.00	-1000.00	150.00	3.60	6.22	45.55	670.00	-180.00	-70.00	8.60	-2.80	-159.57
460.00	-730.00	440.00	30.61	-33.29	-315.61	210.00	-1140.00	-80.00	-195.24	96.10	-322.44	-140.00	-1000.00	120.00	3.78	6.34	48.60	350.00	-410.00	-10.00	41.77	-16.89	-111.22
310.00	-1000.00	370.00	30.61	-33.29	-315.61	80.00	-1300.00	-90.00	-181.16	97.32	-299.63	-130.00	-970.00	140.00	5.49	4.21	56.95	190.00	-590.00	80.00	77.13	-60.67	-32.07
110.00	-1170.00	300.00	30.61	-33.29	-315.61	-160.00	-1400.00	-160.00	-156.34	50.61	-266.89	-180.00	-980.00	130.00	6.89	3.66	58.35	-90.00	-910.00	480.00	69.33	-100.30	2.20
-100.00	-1300.00	270.00	47.07	-98.54	-126.71	-250.00	-1550.00	-200.00	-125.30	-11.34	-227.13	-160.00	-970.00	120.00	8.96	5.12	54.51	-90.00	-910.00	480.00	69.33	-100.30	2.20
-280.00	-1470.00	170.00	47.07	-98.54	-126.71	-330.00	-1770.00	-130.00	-90.00	-49.33	-175.85	-160.00	-1010.00	160.00	10.30	3.78	50.91	-90.00	-910.00	480.00	38.35	-16.04	-6.83
-450.00	-1670.00	30.00	47.07	-98.54	-126.71	-560.00	-2000.00	60.00	-53.23	-53.48	-124.70	-140.00	-1000.00	210.00	12.38	2.62	47.80	-460.00	-1230.00	560.00	36.22	1.71	12.13
-640.00	-1750.00	-80.00	36.16	-89.09	-79.45	-1020.00	-2000.00	110.00	-35.49	-54.39	-79.51	-180.00	-1000.00	200.00	12.99	5.98	44.39	-580.00	-1330.00	540.00	36.22	1.71	12.13
-1590.00	-2000.00	-280.00	-34.82	215.37	191.59	-1490.00	-2000.00	60.00	-26.95	-55.67	-39.45	-210.00	-1000.00	180.00	8.96	9.94	38.66	-750.00	-1340.00	640.00	20.73	4.15	0.37
-1590.00	-2000.00	-280.00	-34.82	215.37	191.59	-1680.00	-2000.00	170.00	-9.88	-23.90	1.89	-230.00	-950.00	130.00	3.60	13.54	30.61	-2000.00	-2000.00	1150.00	15.79	5.12	-0.37
-1590.00	-2000.00	-280.00	-34.82	215.37	191.59	-1590.00	-2000.00	290.00	17.62	60.43	75.73	-230.00	-950.00	110.00	1.16	16.59	32.50	-2000.00	-2000.00	1150.00	15.79	5.12	-0.37
-2000.00	-2000.00	-380.00	-81.83	64.39	282.13	-1650.00	-2000.00	510.00	25.24	181.16	185.18	-250.00	-970.00	80.00	-7.62	16.71	14.33	-2000.00	-2000.00	510.00	10.00	7.44	3.72
-2000.00	-2000.00	-380.00	-81.83	64.39	282.13	-1740.00	-2000.00	590.00	53.60	171.83	218.60	-240.00	-970.00	160.00	-12.44	8.84	-6.59	-2000.00	-2000.00	510.00	4.39	7.13	5.30
-2000.00	-2000.00	-380.00	-81.83	64.39	282.13	-2000.00	-1780.00	720.00	226.59	114.33	174.45	-270.00	-1000.00	260.00	-0.79	0.91	19.51	970.00	-650.00	780.00	0.37	4.63	4.88
-2000.00	-2000.00	-410.00	-94.15	8.48	110.12	-2000.00	-1480.00	900.00	198.17	87.56	150.91	-230.00	-1090.00	240.00	5.18	2.32	37.68	340.00	-1230.00	480.00	-1.34	1.77	5.00
-2000.00	-910.00	-280.00	-94.15	8.48	110.12	-2000.00	-1400.00	1080.00	3.78	-5.30	181.89	-220.00	-1090.00	210.00	1.52	6.46	34.09	340.00	-1230.00	480.00	-2.07	0.06	5.06
-2000.00	-910.00	-280.00	-94.15	8.48	110.12	-2000.00	-1260.00	1090.00	11.77	-39.33	119.39	-240.00	-1040.00	170.00	-0.37	5.98	34.45	90.00	-880.00	490.00	-1.77	-1.65	3.60
-2000.00	-910.00	-280.00	-94.15	8.48	110.12	-2000.00	-1130.00	930.00	-49.76	10.85	95.12	-240.00	-1030.00	170.00	2.13	-2.99	43.41	60.00	-910.00	470.00	-1.77	-1.65	3.60
-2000.00	-960.00	-410.00	-30.43	0.43	6.22	-2000.00	-1000.00	360.00	-67.56	-11.34	98.54	-290.00	-1000.00	50.00	-4.94	0.18	50.37	120.00	-910.00	570.00	-0.79	-3.23	1.89
980.00	-2000.00	-240.00	-30.43	0.43	6.22	-2000.00	-790.00	770.00	-93.48	-24.70	102.56	-250.00	-1140.00	70.00	-13.84	16.40	72.13	120.00	-840.00	610.00	0.67	-3.66	0.67
980.00	-2000.00	-240.00	-30.43	0.43	6.22	-1520.00	-110.00	-770.00	-54.70	-21.59	67.68	-270.00	-990.00	80.00	-22.87	27.32	101.59	90.00	-830.00	570.00	2.44	-3.66	0.49
980.00	-2000.00	-240.00	-24.33	4.39	6.04	640.00	-1200.00	-1570.00	-32.93	-11.04	48.11	-250.00	-1060.00	130.00	-30.00	29.51	137.01	80.00	-840.00	520.00	3.90	-2.99	0.37
-840.00	-1190.00	-40.00	-23.72	1.52	9.02	1390.00	-2000.00	610.00	-23.17	-3.84	33.90	-240.00	-1110.00	170.00	-23.05	33.29	189.02	80.00	-860.00	480.00	4.88	-2.07	0.49
-840.00	-1190.00	-40.00	-23.72	1.52	9.02	-50.00	-1330.00	1320.00	-21.10	-8.84	26.77	-210.00	-1230.00	190.00	-14.39	31.52	237.13	80.00	-860.00	480.00	5.06	-1.10	0.24
-840.00	-1190.00	-40.00	-23.72	1.52	9.02	-1470.00	-2000.00	350.00	-18.17	-12.26	24.63	-120.00	-1380.00	360.00	-11.28	26.65	283.72	60.00	-860.00	450.00	3.84	-1.52	4.27
-290.00	-830.00	540.00	-20.55	-0.30	20.12	250.00	-1450.00	550.00	-10.91	-7.50	20.49	50.00	-1590.00	380.00	0.43	10.12	315.79	50.00	-870.00	430.00	3.72	-1.04	5.06
-30.00	-960.00	30.00	-20.55	-0.30	20.12	670.00	-1860.00	790.00	-14.15	-5.67	21.10	50.00	-1730.00	300.00	-2.87	-8.72	298.90	50.00	-890.00	410.00	3.72	-0.55	5.43
-30.00	-960.00	30.00	-20.55	-0.30	20.12	-20.00	-810.00	-160.00	-13.96	-6.28	23.54	170.00	-1970.00	240.00	-15.43	-14.82	278.05	70.00	-910.00	420.00	3.60	-0.37	4.94
-290.00	-920.00	-460.00	-17.50	-0.98	21.16	-290.00	-610.00	-400.00	-5.73	-4.88	21.46	120.00	-1890.00	170.00	-9.39	19.15	241.34	70.00	-930.00	410.00	3.23	-0.49	4.02
-170.00	-1030.00	60.00	-14.39	-2.44	22.99	-550.00	-620.00	-490.00	-6.22	-4.45	21.46	170.00	-2000.00	40.00	-34.57	17.68	224.51	90.00	-940.00	420.00	2.50	-0.30	3.11
-170.00	-1030.00	60.00	-14.39	-2.44	22.99	-120.00	-780.00	-400.00	-5.67	-4.88	22.80	200.00	-2000.00	-30.00	-28.78	-43.60	145.61	90.00	-940.00	420.00	2.50	-0.30	3.11
-170.00	-1060.00	40.00	-14.39	-2.44	22.99	130.00	-910.00	-310.00	-3.84	-4.70	23.29	-40.00	-2000.00	120.00	-45.91	-94.33	57.20	90.00	-940.00	430.00	1.89	-0.30	2.13
-80.00	-1060.00	-20.00	-12.99	-2.74	28.54	-70.00	-750.00	-440.00	-3.84	-4.51	23.23	100.00	-2000.00	170.00	-25.61	-95.91	38.48	110.00	-910.00	460.00	1.04	-0.73	0.55
-80.00	-1060.00	-20.00	-12.50	-2.07	30.79	10.00	-890.00	-210.00	-2.99	-4.02	20.91	230.00	-1640.00	220.00	-6.16	-68.96	15.24	110.00	-950.00	440.00	1.65	-2.38	-0.37
-80.00	-1060.00	-20.00	-12.50	-2.07	30.79	110.00	-1000.00	-190.00	-1.04	-3.48	18.72	-340.00	-1490.00	190.00	-1.77	-37.87	-23.54	110.00	-950.00	440.00	2.20	-2.80	-0.37
-150.00	-1050.00	-80.00	-12.50	-2.07	30.79	60.00	-890.00	-450.00	0.24	-2.50	16.77	100.00	-1140.00	180.00	-36.83	-1.77	-79.33	100.00	-950.00	420.00	2.68	-2.93	0.00
-160.00	-1040.00	-100.00	-10.49	-4.94	32.56	60.00	-860.00	-300.00	2.44	-2.32	15.73	530.00	-320.00	-320.00	-55.91	11.89	-136.34	100.00	-930.00	440.00	3.05	-2.99	0.24
-160.00	-1040.00	-100.00	-10.49	-4.94	32.56	80.00	-840.00	-310.00	3.78	-2.93	16.10	1630.00	-910.00	-390.00	-65.91	17.99	-175.43	100.00	-930.00	440.00	3.29	-2.87	0.55
-160.00	-1040.00	-100.00	-10.49	-4.94	32.56	60.00	-840.00	-390.00	4.51	-4.27	17.32	870.00	-170.00	-360.00	-60.37	9.15	-213.96	90.00	-920.00	450.00	3.29	-2.07	0.61
-140.00	-1040.00	-80.00	-7.87	-5.55	31.89	20.00	-830.00	-340.00	4.15	-5.67	16.95	1270.00	270.00	-250.00	-60.30	-5.18	-247.68	80.00	-910.00	450.00	3.29	-1.89	1.16
-160.00	-1020.00	-80.00	-6.22	-4.09	31.40	0.00	-840.00	-330.00	5.49	-7.01	18.78	780.00	-310.00	-160.00	-58.23	-16.89	-269.45	80.00	-900.00	460.00	3.29	-1.89	1.16
-160.00	-1020.00	-80.00	-6.22	-4.09	31.40	30.00	-820.00	-300.00	5.49	-6.71	16.83	930.00	-100.00	-260.00	-51.46	-19.88	-278.11	80.00	-900.00	460.00	3.11	-1.77	1.40
-160.00	-1020.00	-80.00	-6.22	-4.09	31.40	-30.00	-830.00	-310.00	8.29	-7.13	16.65	820.00	-230.00	-350.00	-48.84	-10.37	-279.09	100.00	-910.00	450.00	1.71	-1.22	0.98
-160.00	-1050.00	-40.00	-2.87	-4.76	27.26	-10.00	-840.00	-300.00	9.63	-8.11	16.16	740.00	-110.00	-410.00	-52.44	5.37	-279.70	100.00	-910.00	450.00	1.71	-1.22	0.98
-160.00	-1050.00	-40.00	-1.77	-5.61	24.45	20.00	-840.00	-320.00	10.85	-9.51	12.44	520.00	-260.00	-350.00	-60.55	18.29	-278.72	100.00	-920.00	450.00	-0.61	-0.43	-0.12
-160.00	-1050.00	-40.00	-1.77	-5.61	24.45	30.00	-890.00	-300.00	10.18	-10.49	11.10	310.00	-450.00	-250.00	-66.77	26.65	-272.32	110.00	-930.00	450.00	-1.65	-0.06	-1.16
-180.00	-1050.00	-60.00	-0.24	-9.70	19.33	40.00	-850.00	-270.00	7.68	-10.79	7.93	140.00	-570.00	-140.00	-63.29	30.06	-263.48	110.00	-930.00	450.00	-1.65	-0.06	-1.16
-190.00	-1040.00	-70.00	2.01	-14.33	16.83	30.00	-900.00	-280.00	7.56	-11.52	7.74	-100.00	-740.00	10.00	-54.27	30.98	-254.39	120.00	-940.00	440.00	-2.01	0.06	-1.77
-190.00	-1040.00	-70.00	2.01	-14.33	16.83	50.00	-1000.00	-290.00	8.29	-12.26	8.66	-330.00	-910.00	170.00	-46.16	29.33	-245.12	110.00	-940.00	450.00	-2.13	0.30	-2.01
-190.00	-1040.00	-70.00	2.74	-13.90	17.50	0.00	-900.00	-340.00	5.61	-11.59	7.62	-510.00	-1070.00	280.00	-42.38	26.10	-231.59	110.00	-930.00	450.00	-2.20	0.37	-2.32
-170.00	-1060.00	-90.00	3.96	-11.34	21.46	-0.00	-880.00	-330.00	4.82	-10.67	7.87	-630.00	-1210.00	330.00	-37.93	25.00	-207.01	110.00	-930.00	450.00	-2.20	0.37	-2.80
-200.00	-1020.00	-110.00	3.96	-11.34	21.46	-30.00	-750.00	-270.00	6.71	-10.67	10.18	-720.00	-1220.00	320.00	-19.82	27.07	-171.65	110.00	-920.00	460.00	-2.20	0.37	-2.80
-200.00	-1020.00	-110.00	5.37	-8.11	22.99	-30.00	-870.00	-290.00	8.23	-10.55	11.28	-760.00	-1190.00	300.00	25.30	26.89	-130.85	100.00	-910.00	470.00	-2.01	0.55	-3.11
-220.00	-1030.00	-90.00	5.37	-8.11	22.99	-20.00	-880.00	-290.00	12.32	-10.79	13.96	-830.00	-1180.00	330.00	-65.18	78.48	-33.96	100.00	-920.00	460.00	-1.71	0.24	-2.74
-220.00	-1030.00	-80.00	8.48	-3.60	20.24	-30.00	-750.00	-230.00	14.33	-10.00	14.51	-900.00	-1250.00	370.00	-45.85	96.83	71.65	100.00	-920.00	460.00	-1.16	-0.06	-2.26
-220.00	-1030.00	-80.00	9.51	-4.27	15.91	-10.00	-880.00	-280.00	15.79	-9.51	14.21	-1010.00	-1320.00	450.00	15.55	51.46	111.71	100.00	-920.00	450.00	-1.16	-0.06	-2.26
-220.00	-1030.00	-80.00	9.51	-4.27	15.91	-30.00	-870.00	-290.00	16.46	-10.43	12.01	-1110.00	-1310.00	460.00	-36.71	50.91	43.54	100.00	-920.00	450.00	-0.49	-0.12	-1.59
-230.00	-1010.00	-90.00	10.85	-7.50	9.27	10.00	-930.00	-250.00	15.73	-11.52	10.73	-1190.00	-1310.00	500.00	-30.00	13.05	-64.57	100.00	-920.00	450.00	-0.49	-0.12	-1.59
-230.00	-1030.00	-60.00	10.85	-7.50	9.27	-30.00	-900.00	-280.00	15.49	-13.48	10.85	-1900.00	-1900.00	500.00	35.43	-11.40	-13.90	100.00	-920.00	450.00	0.55	-0.30	-0.43
-200.00	-1070.00	-60.00	12.38	-5.12	3.90	-40.00	-890.00	-260.00	16.83	-14.39	12.01	-2000.00	-2000.00	2000.00	21.95	15.30	47.26	100.00	-920.00	450.00	0.55	-0.49	-0.24
-200.00	-1070.00	-60.00	12.38	-5.12	3.90	-30.00	-820.00	-310.00	15.43	-12.68	12.50	-2000.00	-1340.00	-50.00	17.01	-0.98	18.66	100.00	-920.00	460.00	0.55	-0.49	-0.24
-210.00	-1080.00	-70.00	13.78	-7.87	11.46	10.00	-890.00	-320.00	16.95	-11.59	13.84	-2000.00	-1370.00	480.00	23.84	-3.41	-5.49	100.00	-910.00	460.00	0.55	-0.67	-0.24
-220.00	-1030.00	-80.00	13.78	-7.87	11.46	-60.00	-800.00	-260.00	18.84	-9.57	13.78	-2000.00	500.00	-460.00	33.48	0.30	-8.17	110.00	-920.00	450.00	0.61	-0.67	-0.06
-220.00	-1030.00	-80.00	14.39	-6.65	11.71	-10.00	-880.00	-300.00	18.05	-9.63	13.11	260.00	-400.00	-1240.00	34.70	1.40	-13.66	110.00	-920.00	450.00	0.73	-0.79	0.12
-260.00	-1060.00	-80.00	13.05	-8.48	12.80	-70.00	-810.00	-280.00	17.50	-10.43	13.48	750.00	-2000.00	-370.00	35.98	-2.62	-7.74	100.00	-920.00	450.00	0.85	-0.85	0.30
-260.00	-1060.00	-80.00	13.05	-8.48	12.80	-30.00	-890.00	-280.00	16.77	-10.49	13.54	160.00	-1230.00	230.00	28.54	-4.51	-6.77	110.00	-930.00	440.00	0.85	-0.85	0.30
-240.00	-1040.00	-90.00	13.05	-8.48	12.80	-30.00	-900.00	-300.00	15.43	-9.88	12.93	-310.00	-1100.00	290.00	19.51	-3.05	-11.95	110.00	-930.00	450.00	1.40	-0.79	0.91
-240.00	-1040.00	-90.00	13.05	-8.72	11.71	-10.00	-900.00	-290.00	13.90	-9.09	11.52	20.00	-1150.00	-180.00	12.07	-0.24	-12.68	100.00	-920.00	450.00	1.40	-0.79	0.91
-230.00	-1110.00	-80.00	13.54	-9.51	8.23	-10.00	-950.00	-250.00	12.68	-8.29	10.12	-210.00	-1030.00	-200.00	5.73	2.13	-8.60	100.00	-920.00	450.00	1.65	-0.73	1.04
-230.00	-1110.00	-80.00	13.54	-9.51	8.23	-20.00	-930.00	-280.00	11.52	-7.44	9.09	-60.00	-1020.00	-180.00	1.40	3.17	-3.72	110.00	-920.00	450.00	1.77	-0.61	1.04
-220.00	-1160.00	-140.00	13.54	-9.51	8.23	-10.00	-920.00	-320.00	10.79	-5.37	8.29	-40.00	-1050.00	30.00	-1.28	3.23	0.18	110.00	-920.00	450.00	1.83	-0.49	1.16
-260.00	-1060.00	-80.00	10.91	-6.83	7.20	-20.00	-920.00	-310.00	9.76	-2.56	7.80	-150.00	-990.00	90.00	-3.54	3.05	2.26	110.00	-920.00	450.00	1.83	-0.43	1.22
-260.00	-1060.00	-80.00	10.91	-6.83	7.20	-50.00	-920.00	-230.00	7.68	-1.34	5.98	-130.00	-1010.00	130.00	-3.23	0.85	3.54	110.00	-920.00	450.00	1.83	-0.43	1.22
-260.00	-1060.00	-80.00	10.91	-6.83	7.20	-40.00	-900.00	-250.00	6.77	-0.91	4.76	-50.00	-1060.00	200.00	-1.40	-0.18	3.23	110.00	-920.00	450.00	1.71	-0.37	1.40
-270.00	-1040.00	-40.00	7.13	-0.67	2.62	-60.00	-890.00	-240.00	5.98	-0.67	4.09	-50.00	-1040.00	180.00	0.30	-0.61	1.59	110.00	-930.00	450.00	1.71	-0.37	1.40
-270.00	-980.00	-50.00	7.13	-0.67	2.62	-80.00	-860.00	-220.00	5.24	-0.49	3.84	-80.00	-1030.00	130.00	1.77	-0.67	-0.79	110.00	-920.00	440.00	1.71	-0.43	1.52
-270.00	-980.00	-50.00	7.13	-0.67	2.62	-110.00	-840.00	-220.00	4.76	-0.43	4.02	-70.00	-1000.00	80.00	3.17	-0.73	-2.93	110.00	-930.00	450.00	1.71	-0.43	1.52
-280.00	-970.00	-50.00	7.56	-6.16	4.33	-100.00	-830.00	-230.00	4.33	-0.24	4.63	-100.00	-970.00	60.00	4.02	-0.55	-4.27	110.00	-920.00	450.00	1.65	-0.24	1.77
-290.00	-960.00	-50.00	7.56	-6.16	4.33	-110.00	-840.00	-220.00	3.96	-0.73	5.18	-110.00	-960.00	40.00	4.45	-0.18	-4.45	110.00	-920.00	450.00	1.77	-0.55	2.01
-290.00	-960.00	-50.00	7.56	-6.16	4.33	-110.00	-860.00	-220.00	2.74	-1.04	4.82	-100.00	-970.00	10.00	4.45	0.43	-3.90	110.00	-930.00	450.00	1.77	-0.55	2.01
-290.00	-960.00	-50.00	7.50	-7.20	4.33	-120.00	-830.00	-230.00	2.07	-1.28	5.61	-110.00	-970.00	10.00	4.15	0.98	-2.62	110.00	-930.00	450.00	1.65	-0.37	2.20
-270.00	-990.00	-60.00	7.13	-8.48	3.90	-110.00	-860.00	-230.00	2.13	-1.59	6.28	-110.00	-970.00	10.00	3.54	1.52	-0.91	110.00	-920.00	450.00	1.65	-0.37	2.20
-290.00	-970.00	-50.00	7.13	-8.48	3.90	-100.00	-880.00	-220.00	2.87	-1.59	6.22	-110.00	-980.00	10.00	2.87	1.59	1.10	110.00	-920.00	450.00	1.71	-0.30	2.32
-290.00	-970.00	-50.00	7.01	-7.93	2.68	-100.00	-880.00	-210.00	2.44	-0.98	5.49	-110.00	-1000.00	10.00	2.20	1.52	2.87	110.00	-920.00	450.00	1.71	-0.30	2.32
-280.00	-1010.00	-80.00	5.67	3.41	-5.91	-90.00	-880.00	-220.00	2.80	-0.85	5.37	-100.00	-990.00	20.00	1.77	1.59	4.02	110.00	-920.00	450.00	1.52	-0.18	2.38
-290.00	-1010.00	-50.00	5.67	3.41	-5.91	-80.00	-890.00	-220.00	2.99	-0.98	5.00	-90.00	-1000.00	30.00	1.95	1.34	4.39	110.00	-920.00	450.00	1.52	-0.18	2.38
-290.00	-1010.00	-50.00	7.38	-4.63	2.62	-80.00	-890.00	-220.00	2.80	-0.79	4.51	-90.00	-1010.00	40.00	2.56	0.98	4.51	110.00	-920.00	450.00	1.46	-0.18	2.38
-290.00	-1000.00	-40.00	7.38	-4.63	2.62	-100.00	-860.00	-220.00	2.38	-0.37	3.96	-90.00	-1000.00	60.00	2.80	0.55	4.51	110.00	-920.00	450.00	1.28	-0.12	2.32
-270.00	-1010.00	-30.00	7.38	-4.63	2.62	-80.00	-890.00	-220.00	2.07	0.06	3.35	-70.00	-1010.00	50.00	2.44	0.30	3.96	110.00	-920.00	450.00	0.73	0.06	1.95
-270.00	-1010.00	-30.00	6.59	-2.74	0.37	-80.00	-890.00	-220.00	2.01	0.79	3.23	-70.00	-1020.00	30.00	1.71	0.30	2.87	110.00	-920.00	450.00	0.67	0.06	1.83
-280.00	-1010.00	-30.00	6.59	-2.74	0.37	-80.00	-890.00	-240.00	0.61	1.28	2.32	-70.00	-1020.00	20.00	1.10	0.37	1.71	110.00	-920.00	450.00	0.67	0.06	1.83
-280.00	-1010.00	-30.00	6.59	-2.74	0.37	-110.00	-900.00	-230.00	-0.30	1.59	1.77	-80.00	-1010.00	10.00	0.37	0.30	0.79	110.00	-920.00	450.00	0.37	0.06	1.46
-280.00	-1010.00	-30.00	4.88	-2.32	0.55	-70.00	-910.00	-230.00	-0.79	1.83	1.65	-90.00	-1000.00	0.00	-0.24	0.18	-0.06	100.00	-920.00	460.00	0.37	0.06	1.46
-270.00	-1020.00	-10.00	4.88	-2.32	0.55	-80.00	-910.00	-230.00	-1.04	1.95	1.28	-90.00	-1000.00	-0.00	-0.37	0.18	-0.73	110.00	-920.00	450.00	0.06	0.06	1.46
-260.00	-1120.00	-170.00	4.33	-2.50	-0.30	-90.00	-910.00	-230.00	-1.22	2.26	0.67	-90.00	-1000.00	20.00	-0.18	0.12	-0.85	110.00	-920.00	450.00	0.06	0.06	1.46
-260.00	-1070.00	-50.00	4.33	-2.56	-1.34	-90.00	-910.00	-220.00	-1.40	2.38	0.18	-100.00	-1000.00	40.00	0.30	-0.06	-0.91	110.00	-920.00	460.00	-0.37	0.24	1.40
-270.00	-1040.00	-30.00	4.33	-2.56	-1.34	-90.00	-900.00	-210.00	-2.01	2.50	-0.73	-100.00	-990.00	50.00	0.85	-0.18	-0.67	110.00	-920.00	460.00	-0.61	0.18	1.46
-280.00	-1020.00	-10.00	3.29	-3.29	-2.56	-100.00	-890.00	-220.00	-2.20	2.26	-1.16	-100.00	-990.00	50.00	1.34	-0.30	-0.30	100.00	-920.00	450.00	-0.61	0.18	1.46
-280.00	-1020.00	-10.00	3.29	-3.29	-2.56	-90.00	-910.00	-210.00	-2.13	1.89	-1.34	-100.00	-990.00	60.00	1.71	-0.37	0.00	100.00	-920.00	450.00	-0.73	0.30	1.40
-280.00	-1020.00	-10.00	3.29	-3.29	-2.56	-100.00	-880.00	-220.00	-2.13	1.89	-1.34	-100.00	-980.00	50.00	1.77	-0.55	0.43	100.00	-920.00	450.00	-0.79	0.12	1.71
-280.00	-1020.00	-20.00	3.90	-2.74	-1.71	-100.00	-880.00	-220.00	-3.23	2.07	-1.04	-100.00	-990.00	50.00	1.71	-0.61	0.61	110.00	-920.00	460.00	-0.91	-0.12	1.71
-280.00	-1020.00	-20.00	3.90	-2.74	-1.71	-100.00	-880.00	-220.00	-2.44	2.50	0.00	-90.00	-990.00	50.00	1.71	-0.79	0.73	100.00	-920.00	450.00	-0.91	-0.12	1.71
-280.00	-1000.00	-20.00	3.90	-2.74	-1.71	-100.00	-880.00	-220.00	-2.44	2.50	0.00	-100.00	-990.00	40.00	1.59	-0.85	0.85	100.00	-920.00	450.00	-0.85	-0.12	1.77
-280.00	-1010.00	-20.00	2.26	-1.89	-0.37	-100.00	-890.00	-220.00	-2.26	1.95	0.55	-90.00	-1000.00	40.00	1.22	-0.73	0.61	100.00	-920.00	450.00	-0.73	-0.18	1.71
-280.00	-1010.00	-20.00	2.26	-1.89	-0.37	-100.00	-870.00	-230.00	-2.20	1.59	1.10	-90.00	-1000.00	30.00	0.55	-0.61	0.06	100.00	-910.00	450.00	-0.73	-0.18	1.71
-290.00	-1010.00	-20.00	1.65	-1.65	0.00	-100.00	-890.00	-240.00	-2.07	1.28	1.34	-80.00	-1000.00	30.00	-0.30	-0.43	-0.61	100.00	-910.00	450.00	-0.61	-0.30	1.77
-280.00	-1010.00	-30.00	1.04	-0.73	0.18	-90.00	-890.00	-240.00	-1.95	1.10	1.52	-90.00	-1010.00	30.00	-1.16	-0.43	-1.28	100.00	-920.00	460.00	-0.61	-0.30	1.77
-280.00	-1010.00	-30.00	1.04	-0.73	0.18	-90.00	-890.00	-240.00	-1.65	0.98	1.40	-80.00	-1010.00	20.00	-1.83	-0.43	-2.01	100.00	-920.00	460.00	-0.43	-0.43	1.40
-270.00	-1040.00	-20.00	1.04	-0.73	0.18	-80.00	-900.00	-240.00	-1.46	0.79	1.34	-80.00	-1010.00	30.00	-2.32	-0.49	-2.62	100.00	-920.00	450.00	-0.43	-0.43	1.40
-270.00	-1040.00	-20.00	1.22	-0.49	0.00	-60.00	-910.00	-220.00	-1.34	0.67	1.22	-90.00	-1010.00	30.00	-2.56	-0.55	-3.29	100.00	-920.00	450.00	-0.37	-0.37	1.28
-270.00	-1040.00	-20.00	1.34	-0.85	-0.18	-70.00	-920.00	-240.00	-1.52	1.04	1.28	-90.00	-1010.00	40.00	-2.80	-0.43	-3.84	100.00	-920.00	450.00	-0.30	-0.43	1.04
-260.00	-1070.00	-0.00	1.34	-0.85	-0.18	-70.00	-920.00	-230.00	-1.83	1.22	1.16	-90.00	-1000.00	50.00	-2.93	-0.49	-4.33	100.00	-920.00	450.00	-0.30	-0.43	1.04
-260.00	-1050.00	0.00	1.52	-0.91	0.18	-70.00	-920.00	-230.00	-2.01	1.22	0.91	-90.00	-1010.00	50.00	-2.93	-0.49	-4.82	100.00	-920.00	450.00	-0.37	-0.24	0.73
-260.00	-1050.00	0.00	1.59	-0.61	0.85	-80.00	-910.00	-230.00	-2.07	1.34	0.67	-90.00	-1000.00	50.00	-2.80	-0.43	-5.18	100.00	-920.00	450.00	-0.37	-0.24	0.73
-270.00	-1040.00	0.00	1.65	-0.24	1.10	-80.00	-910.00	-230.00	-2.13	1.46	0.73	-90.00	-1000.00	40.00	-2.87	-0.30	-5.73	100.00	-920.00	450.00	-0.37	-0.24	0.55
-260.00	-1040.00	-0.00	1.65	-0.24	1.10	-80.00	-900.00	-230.00	-2.13	1.46	0.91	-90.00	-1000.00	40.00	-3.05	-0.12	-6.04	100.00	-920.00	440.00	-0.37	-0.24	0.55
-260.00	-1030.00	-0.00	0.91	0.12	2.38	-90.00	-900.00	-230.00	-2.01	1.59	1.16	-100.00	-1000.00	40.00	-2.99	-0.06	-5.91	100.00	-920.00	440.00	-0.49	-0.24	0.12
-270.00	-1030.00	-10.00	1.04	0.30	2.62	-90.00	-890.00	-240.00	-1.28	1.83	1.59	-90.00	-1000.00	40.00	-2.99	-0.18	-5.73	100.00	-930.00	450.00	-0.49	-0.24	0.12
-260.00	-1030.00	-20.00	1.04	0.30	2.62	-90.00	-890.00	-230.00	-1.40	1.89	1.59	-90.00	-1000.00	30.00	-2.80	-0.12	-5.43	100.00	-930.00	450.00	-0.55	-0.18	0.06
-260.00	-1030.00	-20.00	1.04	0.30	2.62	-90.00	-890.00	-220.00	-2.01	1.89	1.40	-90.00	-1000.00	30.00	-2.44	-0.18	-4.76	100.00	-920.00	450.00	-0.61	-0.18	0.00
-260.00	-1020.00	-20.00	1.28	0.18	4.15	-90.00	-890.00	-230.00	-2.01	1.89	1.89	-90.00	-1000.00	30.00	-1.95	-0.18	-3.96	100.00	-920.00	450.00	-0.73	-0.30	-0.12
-270.00	-1020.00	-20.00	1.46	0.37	4.33	-90.00	-890.00	-230.00	-2.07	1.83	2.13	-90.00	-1000.00	40.00	-1.40	-0.18	-3.23	100.00	-920.00	450.00	-0.85	-0.30	-1.10
-270.00	-1020.00	-20.00	1.46	0.37	4.33	-90.00	-880.00	-240.00	-2.26	1.71	2.38	-80.00	-1000.00	40.00	-0.73	-0.30	-2.44	100.00	-920.00	450.00	-0.85	-0.30	-1.10
-270.00	-1020.00	-20.00	1.46	0.73	4.39	-90.00	-890.00	-230.00	-1.65	1.34	2.62	-80.00	-1000.00	40.00	-0.37	-0.30	-1.95	100.00	-920.00	450.00	-1.28	-0.37	-2.32
-260.00	-1030.00	-10.00	1.34	0.37	4.51	-90.00	-890.00	-230.00	-1.16	1.04	2.87	-80.00	-1000.00	40.00	-0.18	-0.37	-1.59	100.00	-920.00	450.00	-1.59	-0.24	-2.93
-260.00	-1030.00	-10.00	1.34	0.37	4.51	-90.00	-890.00	-240.00	-0.55	0.61	3.17	-80.00	-1000.00	30.00	-0.06	-0.43	-1.28	100.00	-920.00	450.00	-1.59	-0.24	-2.93
-260.00	-1020.00	-0.00	1.52	-0.12	4.02	-90.00	-900.00	-240.00	0.30	0.67	3.84	-70.00	-1000.00	30.00	-0.12	-0.37	-1.16	100.00	-920.00	450.00	-1.77	-0.18	-3.35
-260.00	-1020.00	-0.00	1.89	-0.85	3.78	-90.00	-890.00	-240.00	0.12	0.30	3.90	-80.00	-1000.00	20.00	-0.18	-0.37	-0.98	100.00	-920.00	450.00	-1.89	-0.12	-3.60
-260.00	-1030.00	-10.00	1.89	-0.85	3.78	-90.00	-890.00	-240.00	-0.06	0.12	3.84	-80.00	-1000.00	20.00	-0.24	-0.37	-0.85	100.00	-920.00	450.00	-2.07	0.06	-3.78
-260.00	-1030.00	-10.00	1.89	-0.91	3.78	-80.00	-900.00	-230.00	0.12	0.06	3.96	-80.00	-1000.00	30.00	-0.24	-0.37	-0.79	100.00	-920.00	450.00	-2.38	0.18	-4.02
-260.00	-1030.00	-10.00	1.89	-0.91	3.78	-90.00	-900.00	-230.00	0.37	0.06	4.09	-80.00	-1000.00	30.00	-0.24	-0.30	-0.61	100.00	-920.00	450.00	-2.93	0.61	-4.27
-270.00	-1030.00	-10.00	1.77	-1.04	3.84	-90.00	-890.00	-250.00	0.55	-0.12	4.21	-80.00	-1000.00	30.00	-0.06	-0.43	-0.37	100.00	-920.00	440.00	-2.93	0.61	-4.27
-270.00	-1030.00	-20.00	1.77	-1.40	3.84	-90.00	-900.00	-240.00	0.98	-0.06	4.27	-70.00	-1000.00	40.00	0.18	-0.49	-0.18	100.00	-920.00	440.00	-3.29	0.85	-4.51
-270.00	-1030.00	-20.00	1.77	-1.40	3.84	-90.00	-890.00	-240.00	1.46	0.00	4.39	-80.00	-1000.00	30.00	0.55	-0.37	0.00	100.00	-920.00	440.00	-3.66	0.85	-4.57
-270.00	-1020.00	-20.00	1.59	-1.46	3.84	-80.00	-900.00	-250.00	1.16	-0.24	4.27	-70.00	-1000.00	30.00	1.04	-0.49	0.30	100.00	-930.00	450.00	-3.66	0.85	-4.57
-270.00	-1020.00	-20.00	1.71	-1.52	3.54	-90.00	-900.00	-240.00	0.73	-0.30	3.90	-80.00	-1000.00	30.00	1.16	-0.43	0.30	100.00	-930.00	450.00	-4.02	1.28	-4.70
-280.00	-1030.00	-10.00	1.59	-1.52	3.72	-90.00	-890.00	-240.00	0.67	-0.49	3.72	-70.00	-1000.00	30.00	1.28	-0.43	0.37	110.00	-920.00	450.00	-4.21	1.40	-4.88
-280.00	-1030.00	-10.00	1.59	-1.52	3.72	-90.00	-890.00	-240.00	0.79	-0.67	3.66	-70.00	-1000.00	30.00	1.22	-0.37	0.37	110.00	-920.00	450.00	-4.70	1.89	-4.51
-270.00	-1030.00	-10.00	1.65	-1.28	3.48	-90.00	-890.00	-240.00	0.91	-0.61	3.54	-70.00	-1000.00	30.00	1.16	-0.24	0.30	110.00	-920.00	440.00	-4.88	2.80	-3.29
-270.00	-1030.00	-10.00	1.65	-1.28	3.48	-100.00	-890.00	-240.00	0.98	-0.49	3.35	-70.00	-1000.00	20.00	1.10	-0.37	0.37	110.00	-920.00	440.00	-4.88	2.80	-3.29
-270.00	-1030.00	-20.00	1.59	-1.28	3.54	-90.00	-890.00	-240.00	0.98	-0.55	3.41	-80.00	-1000.00	20.00	0.98	-0.24	0.49	110.00	-920.00	450.00	-4.33	2.74	-3.23
-280.00	-1020.00	-10.00	1.59	-1.28	3.54	-100.00	-900.00	-240.00	1.40	-0.61	3.48	-80.00	-1000.00	30.00	1.10	-0.24	0.61	110.00	-920.00	440.00	-3.66	2.80	-2.74
-280.00	-1020.00	-0.00	1.28	-1.04	3.48	-100.00	-890.00	-230.00	1.46	-0.55	3.29	-80.00	-1000.00	30.00	1.10	-0.37	0.85	120.00	-920.00	450.00	-3.66	2.80	-2.74
-280.00	-1020.00	-0.00	1.28	-1.04	3.48	-100.00	-890.00	-230.00	1.16	-0.67	2.93	-70.00	-1000.00	30.00	1.22	-0.43	1.04	110.00	-930.00	450.00	-3.17	2.56	-2.62
-280.00	-1030.00	-0.00	0.98	-0.98	3.41	-100.00	-880.00	-240.00	1.16	-0.85	2.74	-80.00	-1000.00	30.00	1.10	-0.30	1.28	110.00	-930.00	450.00	-2.68	2.07	-2.56
-280.00	-1030.00	-10.00	0.43	-0.55	3.41	-100.00	-890.00	-230.00	1.28	-0.98	2.74	-80.00	-1000.00	40.00	1.16	-0.18	1.40	130.00	-930.00	450.00	-2.01	1.46	-2.62
-280.00	-1030.00	-10.00	0.43	-0.55	3.41	-100.00	-890.00	-240.00	1.34	-1.10	2.80	-70.00	-1000.00	40.00	1.04	-0.30	1.40	110.00	-930.00	410.00	-1.28	0.91	-2.44
-280.00	-1030.00	-10.00	0.12	-0.30	3.41	-100.00	-890.00	-240.00	1.40	-1.16	2.93	-80.00	-1000.00	30.00	1.04	-0.30	1.46	110.00	-930.00	410.00	-1.28	0.91	-2.44
-280.00	-1030.00	-10.00	0.12	-0.30	3.41	-90.00	-900.00	-240.00	1.59	-1.28	2.99	-80.00	-1000.00	30.00	1.04	-0.30	1.59	120.00	-930.00	420.00	-0.06	0.18	-1.77
