LKNE_MOMENT
File	Frame	X 	Y 	Z 
Trial_7.filtered_40.c3d	1			
 - 	2			
 - 	3	0.000989	0.000083	0.000027
 - 	4	0.000984	0.000100	0.000025
 - 	5	0.001016	0.000116	0.000025
 - 	6	0.001031	0.000118	0.000025
 - 	7	0.001061	0.000118	0.000026
 - 	8	0.001074	0.000112	0.000027
 - 	9	0.001085	0.000101	0.000028
 - 	10	0.001096	0.000093	0.000028
 - 	11	0.001098	0.000080	0.000029
 - 	12	0.001099	0.000067	0.000030
 - 	13	0.001092	0.000055	0.000031
 - 	14	0.001096	0.000045	0.000033
 - 	15	0.001041	0.000039	0.000031
 - 	16	0.001083	0.000048	0.000037
 - 	17	0.001124	0.000060	0.000042
 - 	18	0.001079	0.000066	0.000040
 - 	19	0.001072	0.000068	0.000040
 - 	20	0.001070	0.000074	0.000040
 - 	21	0.001065	0.000071	0.000039
 - 	22	0.001058	0.000071	0.000037
 - 	23	0.001066	0.000081	0.000032
 - 	24	0.001053	0.000090	0.000033
 - 	25	0.001059	0.000104	0.000030
 - 	26	0.001042	0.000100	0.000029
 - 	27	0.001056	0.000114	0.000033
 - 	28	0.001059	0.000109	0.000029
 - 	29	0.001057	0.000115	0.000028
 - 	30	0.001088	0.000127	0.000030
 - 	31	0.001062	0.000092	0.000030
 - 	32	0.001065	0.000067	0.000032
 - 	33	0.001062	0.000045	0.000032
 - 	34	0.001078	0.000032	0.000034
 - 	35	0.001071	0.000021	0.000036
 - 	36	0.001074	0.000015	0.000034
 - 	37	0.001073	0.000013	0.000033
 - 	38	0.001069	0.000009	0.000032
 - 	39	0.001056	-0.000012	0.000036
 - 	40	0.001065	0.000004	0.000032
 - 	41	0.001066	0.000015	0.000035
 - 	42	0.001055	0.000022	0.000032
 - 	43	0.001064	0.000043	0.000026
 - 	44	0.001056	0.000048	0.000032
 - 	45	0.001074	0.000071	0.000032
 - 	46	0.001074	0.000086	0.000031
 - 	47	0.001074	0.000100	0.000030
 - 	48	0.001082	0.000112	0.000029
 - 	49	0.001080	0.000116	0.000029
 - 	50	0.001073	0.000111	0.000030
 - 	51	0.001080	0.000102	0.000031
 - 	52	0.001071	0.000090	0.000032
 - 	53	0.001075	0.000078	0.000033
 - 	54	0.001107	0.000047	0.000039
 - 	55	0.001081	0.000066	0.000035
 - 	56	0.001069	0.000091	0.000031
 - 	57	0.001092	0.000067	0.000035
 - 	58	0.001087	0.000061	0.000035
 - 	59	0.001099	0.000054	0.000035
 - 	60	0.001071	0.000040	0.000034
 - 	61	0.001071	0.000028	0.000034
 - 	62	0.001057	0.000018	0.000034
 - 	63	0.001060	0.000018	0.000034
 - 	64	0.001049	0.000020	0.000034
 - 	65	0.001063	0.000034	0.000034
 - 	66	0.001058	0.000049	0.000033
 - 	67	0.001076	0.000066	0.000034
 - 	68	0.001067	0.000076	0.000034
 - 	69	0.001078	0.000085	0.000034
 - 	70	0.001084	0.000093	0.000034
 - 	71	0.001079	0.000107	0.000033
 - 	72	0.001061	0.000126	0.000030
 - 	73	0.001031	0.000151	0.000025
 - 	74	0.001015	0.000168	0.000020
 - 	75	0.000995	0.000159	0.000018
 - 	76	0.001002	0.000139	0.000019
 - 	77	0.000997	0.000108	0.000020
 - 	78	0.001004	0.000087	0.000022
 - 	79	0.001012	0.000070	0.000023
 - 	80	0.001020	0.000062	0.000024
 - 	81	0.001039	0.000064	0.000026
 - 	82	0.001049	0.000078	0.000027
 - 	83	0.001060	0.000093	0.000029
 - 	84	0.001072	0.000102	0.000028
 - 	85	0.001079	0.000107	0.000029
 - 	86	0.001070	0.000108	0.000028
 - 	87	0.001063	0.000111	0.000026
 - 	88	0.001057	0.000121	0.000024
 - 	89	0.001043	0.000126	0.000022
 - 	90	0.001044	0.000127	0.000021
 - 	91	0.001043	0.000124	0.000020
 - 	92	0.001036	0.000115	0.000020
 - 	93	0.001037	0.000115	0.000020
 - 	94	0.001056	0.000117	0.000020
 - 	95	0.001053	0.000111	0.000021
 - 	96	0.001072	0.000102	0.000024
 - 	97	0.001072	0.000087	0.000026
 - 	98	0.001072	0.000080	0.000028
 - 	99	0.001074	0.000078	0.000029
 - 	100	0.001062	0.000086	0.000030
 - 	101	0.001063	0.000099	0.000030
 - 	102	0.001058	0.000106	0.000030
 - 	103	0.001048	0.000113	0.000029
 - 	104	0.001044	0.000128	0.000028
 - 	105	0.001028	0.000148	0.000026
 - 	106	0.001037	0.000174	0.000024
 - 	107	0.001026	0.000188	0.000023
 - 	108	0.001035	0.000195	0.000022
 - 	109	0.001051	0.000194	0.000023
 - 	110	0.001040	0.000178	0.000023
 - 	111	0.001053	0.000162	0.000024
 - 	112	0.001045	0.000140	0.000025
 - 	113	0.001042	0.000119	0.000025
 - 	114	0.001029	0.000099	0.000026
 - 	115	0.001022	0.000091	0.000026
 - 	116	0.001063	0.000087	0.000028
 - 	117	0.001062	0.000097	0.000027
 - 	118	0.000967	0.000097	0.000020
 - 	119	0.000974	0.000096	0.000020
 - 	120	0.001037	0.000106	0.000024
 - 	121	0.001053	0.000108	0.000026
 - 	122	0.001052	0.000103	0.000027
 - 	123	0.001052	0.000095	0.000029
 - 	124	0.001056	0.000087	0.000032
 - 	125	0.001044	0.000085	0.000033
 - 	126	0.001034	0.000094	0.000033
 - 	127	0.001016	0.000104	0.000032
 - 	128	0.001007	0.000116	0.000030
 - 	129	0.000993	0.000132	0.000027
 - 	130	0.000986	0.000152	0.000023
 - 	131	0.000985	0.000167	0.000021
 - 	132	0.000997	0.000181	0.000020
 - 	133	0.001004	0.000189	0.000020
 - 	134	0.001012	0.000193	0.000020
 - 	135	0.001010	0.000187	0.000020
 - 	136	0.001016	0.000183	0.000021
 - 	137	0.001016	0.000175	0.000021
 - 	138	0.000997	0.000167	0.000020
 - 	139	0.001000	0.000166	0.000018
 - 	140	0.000977	0.000159	0.000017
 - 	141	0.000966	0.000155	0.000015
 - 	142	0.000956	0.000151	0.000014
 - 	143	0.000945	0.000154	0.000013
 - 	144	0.000949	0.000161	0.000013
 - 	145	0.000959	0.000168	0.000014
 - 	146	0.000969	0.000177	0.000014
 - 	147	0.001002	0.000190	0.000016
 - 	148	0.001010	0.000195	0.000018
 - 	149	0.001024	0.000200	0.000020
 - 	150	0.001038	0.000197	0.000021
 - 	151	0.001017	0.000213	0.000018
 - 	152	0.001037	0.000197	0.000021
 - 	153	0.001024	0.000184	0.000021
 - 	154	0.001010	0.000198	0.000020
 - 	155	0.001010	0.000188	0.000021
 - 	156	0.000992	0.000188	0.000021
 - 	157	0.001007	0.000174	0.000024
 - 	158	0.000995	0.000157	0.000024
 - 	159	0.000995	0.000135	0.000025
 - 	160	0.000990	0.000113	0.000025
 - 	161	0.001001	0.000100	0.000025
 - 	162	0.001007	0.000094	0.000025
 - 	163	0.001012	0.000100	0.000025
 - 	164	0.001015	0.000111	0.000024
 - 	165	0.001030	0.000128	0.000024
 - 	166	0.001016	0.000134	0.000024
 - 	167	0.001028	0.000147	0.000024
 - 	168	0.001014	0.000155	0.000023
 - 	169	0.000991	0.000161	0.000024
 - 	170	0.001004	0.000170	0.000025
 - 	171	0.000996	0.000168	0.000026
 - 	172	0.001013	0.000173	0.000027
 - 	173	0.001016	0.000170	0.000027
 - 	174	0.001038	0.000130	0.000031
 - 	175	0.001040	0.000176	0.000024
 - 	176	0.001040	0.000228	0.000016
 - 	177	0.001025	0.000199	0.000015
 - 	178	0.001017	0.000219	0.000009
 - 	179	0.000961	0.000234	0.000003
 - 	180	0.000939	0.000260	-0.000003
 - 	181	0.000893	0.000263	-0.000006
 - 	182	0.000890	0.000257	-0.000006
 - 	183	0.000905	0.000240	-0.000002
 - 	184	0.000925	0.000215	0.000003
 - 	185	0.000961	0.000194	0.000009
 - 	186	0.000993	0.000169	0.000016
 - 	187	0.001018	0.000140	0.000023
 - 	188	0.001040	0.000114	0.000029
 - 	189	0.001060	0.000086	0.000035
 - 	190	0.001083	0.000063	0.000041
 - 	191	0.001081	0.000041	0.000044
 - 	192	0.001101	0.000032	0.000047
 - 	193	0.001100	0.000032	0.000046
 - 	194	0.001109	0.000045	0.000044
 - 	195	0.001111	0.000060	0.000041
 - 	196	0.001114	0.000079	0.000038
 - 	197	0.001110	0.000091	0.000034
 - 	198	0.001114	0.000101	0.000031
 - 	199	0.001101	0.000099	0.000029
 - 	200	0.001093	0.000095	0.000028
 - 	201	0.001084	0.000097	0.000027
 - 	202	0.001074	0.000104	0.000025
 - 	203	0.001066	0.000112	0.000025
 - 	204	0.001038	0.000102	0.000024
 - 	205	0.001054	0.000111	0.000026
 - 	206	0.001077	0.000120	0.000028
 - 	207	0.001066	0.000109	0.000028
 - 	208	0.001076	0.000107	0.000028
 - 	209	0.001080	0.000108	0.000028
 - 	210	0.001093	0.000118	0.000028
 - 	211	0.001105	0.000124	0.000027
 - 	212	0.001111	0.000128	0.000027
 - 	213	0.001116	0.000127	0.000027
 - 	214	0.001103	0.000123	0.000028
 - 	215	0.001107	0.000116	0.000029
 - 	216	0.001083	0.000105	0.000029
 - 	217	0.001072	0.000101	0.000029
 - 	218	0.001058	0.000096	0.000029
 - 	219	0.001054	0.000095	0.000029
 - 	220	0.001051	0.000096	0.000027
 - 	221	0.001038	0.000099	0.000026
 - 	222	0.001052	0.000113	0.000024
 - 	223	0.001045	0.000124	0.000022
 - 	224	0.001051	0.000132	0.000022
 - 	225	0.001056	0.000140	0.000021
 - 	226	0.001042	0.000141	0.000020
 - 	227	0.001053	0.000149	0.000020
 - 	228	0.001044	0.000153	0.000020
 - 	229	0.001035	0.000159	0.000020
 - 	230	0.001034	0.000161	0.000020
 - 	231	0.001021	0.000155	0.000022
 - 	232	0.001025	0.000149	0.000023
 - 	233	0.001011	0.000134	0.000025
 - 	234	0.001022	0.000131	0.000026
 - 	235	0.001019	0.000138	0.000024
 - 	236	0.001018	0.000121	0.000027
 - 	237	0.001012	0.000099	0.000031
 - 	238	0.001024	0.000106	0.000030
 - 	239	0.001026	0.000092	0.000031
 - 	240	0.001027	0.000087	0.000029
 - 	241	0.001031	0.000084	0.000029
 - 	242	0.001052	0.000089	0.000035
 - 	243	0.001059	0.000102	0.000034
 - 	244	0.001050	0.000109	0.000029
 - 	245	0.001051	0.000107	0.000029
 - 	246	0.001072	0.000103	0.000030
 - 	247	0.001066	0.000085	0.000031
 - 	248	0.001088	0.000076	0.000032
 - 	249	0.001094	0.000064	0.000033
 - 	250	0.001129	0.000065	0.000034
 - 	251	0.001146	0.000059	0.000035
 - 	252	0.001186	0.000052	0.000038
 - 	253	0.001202	0.000035	0.000041
 - 	254	0.001233	0.000025	0.000044
 - 	255	0.001248	0.000017	0.000047
 - 	256	0.001259	0.000026	0.000047
 - 	257	0.001249	0.000041	0.000045
 - 	258	0.001235	0.000063	0.000041
 - 	259	0.001188	0.000083	0.000036
 - 	260	0.001138	0.000111	0.000029
 - 	261	0.001060	0.000150	0.000019
 - 	262	0.000997	0.000199	0.000009
 - 	263	0.000925	0.000236	0.000000
 - 	264	0.000907	0.000256	-0.000003
 - 	265	0.000911	0.000255	-0.000003
 - 	266	0.000936	0.000238	0.000001
 - 	267	0.000961	0.000224	0.000004
 - 	268	0.000961	0.000210	0.000005
 - 	269	0.000964	0.000217	0.000002
 - 	270	0.000949	0.000231	-0.000002
 - 	271	0.000924	0.000252	-0.000006
 - 	272	0.000924	0.000272	-0.000009
 - 	273	0.000908	0.000286	-0.000009
 - 	274	0.000910	0.000288	-0.000007
 - 	275	0.000923	0.000290	-0.000003
 - 	276	0.000944	0.000294	0.000001
 - 	277	0.000941	0.000292	0.000005
 - 	278	0.000984	0.000296	0.000009
 - 	279	0.000983	0.000272	0.000013
 - 	280	0.001008	0.000235	0.000019
 - 	281	0.001019	0.000203	0.000021
 - 	282	0.000985	0.000182	0.000017
 - 	283	0.000965	0.000176	0.000013
 - 	284	0.000947	0.000166	0.000010
 - 	285	0.000963	0.000158	0.000010
 - 	286	0.000961	0.000150	0.000009
 - 	287	0.000961	0.000158	0.000007
 - 	288	0.000944	0.000171	0.000005
 - 	289	0.000922	0.000168	0.000007
 - 	290	0.000929	0.000147	0.000012
 - 	291	0.000945	0.000111	0.000020
 - 	292	0.000966	0.000074	0.000027
 - 	293	0.000988	0.000052	0.000031
 - 	294	0.000998	0.000045	0.000031
 - 	295	0.000995	0.000052	0.000028
 - 	296	0.000987	0.000072	0.000023
 - 	297	0.000949	0.000092	0.000017
 - 	298	0.000932	0.000117	0.000011
 - 	299	0.000925	0.000123	0.000009
 - 	300	0.000926	0.000113	0.000010
 - 	301	0.000947	0.000103	0.000013
 - 	302	0.000940	0.000093	0.000016
 - 	303	0.000935	0.000080	0.000019
 - 	304	0.000925	0.000050	0.000024
 - 	305	0.000907	0.000005	0.000030
 - 	306	0.000900	-0.000035	0.000037
 - 	307	0.000881	-0.000064	0.000041
 - 	308	0.000866	-0.000068	0.000041
 - 	309	0.000867	-0.000054	0.000039
 - 	310	0.000852	-0.000034	0.000037
 - 	311	0.000844	-0.000009	0.000035
 - 	312	0.000835	0.000019	0.000031
 - 	313	0.000802	0.000043	0.000026
 - 	314	0.000799	0.000067	0.000020
 - 	315	0.000793	0.000079	0.000018
 - 	316	0.000802	0.000082	0.000017
 - 	317	0.000821	0.000086	0.000017
 - 	318	0.000832	0.000089	0.000017
 - 	319	0.000825	0.000082	0.000017
 - 	320	0.000840	0.000070	0.000020
 - 	321	0.000827	0.000043	0.000024
 - 	322	0.000836	0.000020	0.000028
 - 	323	0.000834	-0.000007	0.000032
 - 	324	0.000842	-0.000032	0.000037
 - 	325	0.000844	-0.000057	0.000042
 - 	326	0.000825	-0.000080	0.000045
 - 	327	0.000823	-0.000092	0.000048
 - 	328	0.000787	-0.000110	0.000051
 - 	329	0.000762	-0.000121	0.000054
 - 	330	0.000701	-0.000142	0.000056
 - 	331	0.000638	-0.000162	0.000058
 - 	332	0.000547	-0.000185	0.000059
 - 	333	0.000446	-0.000211	0.000059
 - 	334	0.000338	-0.000247	0.000061
 - 	335	0.000225	-0.000289	0.000064
 - 	336	0.000112	-0.000332	0.000067
 - 	337	-0.000009	-0.000369	0.000070
 - 	338	-0.000109	-0.000393	0.000072
 - 	339	-0.000225	-0.000414	0.000072
 - 	340	-0.000346	-0.000428	0.000070
 - 	341	-0.000476	-0.000436	0.000066
 - 	342	-0.000633	-0.000438	0.000058
 - 	343	-0.000768	-0.000438	0.000051
 - 	344	-0.000887	-0.000437	0.000044
 - 	345	-0.000995	-0.000440	0.000037
 - 	346	-0.001071	-0.000425	0.000028
 - 	347	-0.001115	-0.000393	0.000017
 - 	348	-0.001135	-0.000347	0.000003
 - 	349	-0.001183	-0.000313	-0.000009
 - 	350	-0.001251	-0.000301	-0.000015
 - 	351	-0.001317	-0.000300	-0.000017
 - 	352	-0.001358	-0.000303	-0.000018
 - 	353	-0.001337	-0.000302	-0.000016
 - 	354	-0.001290	-0.000312	-0.000010
 - 	355	-0.001223	-0.000318	-0.000005
 - 	356	-0.001148	-0.000318	-0.000001
 - 	357	-0.001053	-0.000308	0.000001
 - 	358	-0.000994	-0.000305	0.000003
 - 	359	-0.000933	-0.000289	0.000003
 - 	360	-0.000919	-0.000291	0.000006
 - 	361	-0.000947	-0.000307	0.000010
 - 	362	-0.000956	-0.000324	0.000016
 - 	363	-0.000973	-0.000348	0.000022
 - 	364	-0.000925	-0.000365	0.000028
 - 	365	-0.000879	-0.000389	0.000034
 - 	366	-0.000815	-0.000411	0.000039
 - 	367	-0.000757	-0.000435	0.000043
 - 	368	-0.000732	-0.000491	0.000052
 - 	369	-0.000736	-0.000584	0.000069
 - 	370	-0.000808	-0.000731	0.000097
 - 	371	-0.000900	-0.000901	0.000130
 - 	372	-0.000994	-0.001057	0.000160
 - 	373	-0.001047	-0.001183	0.000183
 - 	374	-0.001064	-0.001259	0.000195
 - 	375	-0.001056	-0.001289	0.000196
 - 	376	-0.001023	-0.001283	0.000191
 - 	377	-0.001005	-0.001272	0.000184
 - 	378	-0.001017	-0.001267	0.000179
 - 	379	-0.001036	-0.001250	0.000171
 - 	380	-0.001055	-0.001215	0.000159
 - 	381	-0.001067	-0.001183	0.000148
 - 	382	-0.001099	-0.001162	0.000136
 - 	383	-0.001125	-0.001156	0.000129
 - 	384	-0.001157	-0.001168	0.000123
 - 	385	-0.001147	-0.001167	0.000118
 - 	386	-0.001087	-0.001135	0.000110
 - 	387	-0.001037	-0.001106	0.000104
 - 	388	-0.001021	-0.001095	0.000103
 - 	389	-0.001063	-0.001088	0.000100
 - 	390	-0.001108	-0.001074	0.000099
 - 	391	-0.001161	-0.001042	0.000094
 - 	392	-0.001158	-0.000998	0.000089
 - 	393	-0.001116	-0.000927	0.000078
 - 	394	-0.001040	-0.000839	0.000066
 - 	395	-0.000991	-0.000769	0.000053
 - 	396	-0.000946	-0.000746	0.000048
 - 	397	-0.000908	-0.000776	0.000050
 - 	398	-0.000900	-0.000854	0.000055
 - 	399	-0.000908	-0.000948	0.000059
 - 	400	-0.000898	-0.001036	0.000060
 - 	401	-0.000891	-0.001103	0.000057
 - 	402	-0.000828	-0.001133	0.000053
 - 	403	-0.000780	-0.001150	0.000048
 - 	404	-0.000775	-0.001166	0.000044
 - 	405	-0.000792	-0.001184	0.000041
 - 	406	-0.000844	-0.001212	0.000040
 - 	407	-0.000919	-0.001248	0.000040
 - 	408	-0.000978	-0.001285	0.000041
 - 	409	-0.001043	-0.001313	0.000040
 - 	410	-0.001095	-0.001332	0.000039
 - 	411	-0.001173	-0.001369	0.000037
 - 	412	-0.001223	-0.001417	0.000038
 - 	413	-0.001296	-0.001491	0.000041
 - 	414	-0.001333	-0.001571	0.000047
 - 	415	-0.001365	-0.001639	0.000053
 - 	416	-0.001358	-0.001677	0.000059
 - 	417	-0.001363	-0.001692	0.000061
 - 	418	-0.001344	-0.001668	0.000060
 - 	419	-0.001322	-0.001604	0.000055
 - 	420	-0.001312	-0.001502	0.000047
 - 	421	-0.001289	-0.001367	0.000036
 - 	422	-0.001272	-0.001210	0.000024
 - 	423	-0.001287	-0.001050	0.000012
 - 	424	-0.001315	-0.000878	-0.000001
 - 	425	-0.001350	-0.000697	-0.000015
 - 	426	-0.001396	-0.000523	-0.000031
 - 	427	-0.001472	-0.000375	-0.000050
 - 	428	-0.001535	-0.000249	-0.000070
 - 	429	-0.001618	-0.000157	-0.000088
 - 	430	-0.001700	-0.000107	-0.000101
 - 	431	-0.001785	-0.000105	-0.000107
 - 	432	-0.001855	-0.000140	-0.000109
 - 	433	-0.001921	-0.000208	-0.000107
 - 	434	-0.001975	-0.000310	-0.000101
 - 	435	-0.002021	-0.000431	-0.000092
 - 	436	-0.002040	-0.000566	-0.000081
 - 	437	-0.002055	-0.000698	-0.000069
 - 	438	-0.002059	-0.000814	-0.000058
 - 	439	-0.002039	-0.000911	-0.000047
 - 	440	-0.002026	-0.000985	-0.000039
 - 	441	-0.002011	-0.001048	-0.000031
 - 	442	-0.002006	-0.001105	-0.000023
 - 	443	-0.002022	-0.001159	-0.000015
 - 	444	-0.002024	-0.001193	-0.000009
 - 	445	-0.002020	-0.001208	-0.000005
 - 	446	-0.001997	-0.001194	-0.000003
 - 	447	-0.001959	-0.001158	-0.000004
 - 	448	-0.001921	-0.001116	-0.000006
 - 	449	-0.001865	-0.001068	-0.000009
 - 	450	-0.001810	-0.001016	-0.000011
 - 	451	-0.001758	-0.000960	-0.000014
 - 	452	-0.001697	-0.000896	-0.000016
 - 	453	-0.001657	-0.000836	-0.000019
 - 	454	-0.001643	-0.000780	-0.000022
 - 	455	-0.001639	-0.000733	-0.000025
 - 	456	-0.001665	-0.000697	-0.000029
 - 	457	-0.001701	-0.000665	-0.000032
 - 	458	-0.001766	-0.000641	-0.000036
 - 	459	-0.001864	-0.000622	-0.000041
 - 	460	-0.001932	-0.000592	-0.000046
 - 	461	-0.002018	-0.000560	-0.000053
 - 	462	-0.002100	-0.000514	-0.000060
 - 	463	-0.002147	-0.000468	-0.000065
 - 	464	-0.002206	-0.000417	-0.000073
 - 	465	-0.002227	-0.000372	-0.000080
 - 	466	-0.002227	-0.000342	-0.000087
 - 	467	-0.002222	-0.000321	-0.000094
 - 	468	-0.002196	-0.000315	-0.000100
 - 	469	-0.002192	-0.000316	-0.000105
 - 	470	-0.002210	-0.000322	-0.000108
 - 	471	-0.002243	-0.000340	-0.000105
 - 	472	-0.002305	-0.000379	-0.000095
 - 	473	-0.002357	-0.000427	-0.000078
 - 	474	-0.002395	-0.000468	-0.000060
 - 	475	-0.002390	-0.000484	-0.000043
 - 	476	-0.002352	-0.000468	-0.000030
 - 	477	-0.002278	-0.000417	-0.000025
 - 	478	-0.002179	-0.000324	-0.000029
 - 	479	-0.002039	-0.000212	-0.000040
 - 	480	-0.001918	-0.000089	-0.000060
 - 	481	-0.001814	0.000038	-0.000089
 - 	482	-0.001716	0.000175	-0.000126
 - 	483	-0.001667	0.000322	-0.000173
 - 	484	-0.001639	0.000471	-0.000226
 - 	485	-0.001647	0.000623	-0.000284
 - 	486	-0.001657	0.000774	-0.000345
 - 	487	-0.001675	0.000923	-0.000409
 - 	488	-0.001687	0.001054	-0.000471
 - 	489	-0.001702	0.001136	-0.000522
 - 	490	-0.001720	0.001156	-0.000555
 - 	491	-0.001773	0.001109	-0.000568
 - 	492	-0.001848	0.001002	-0.000556
 - 	493	-0.001953	0.000858	-0.000525
 - 	494	-0.002089	0.000684	-0.000475
 - 	495	-0.002244	0.000505	-0.000414
 - 	496	-0.002402	0.000324	-0.000344
 - 	497	-0.002585	0.000148	-0.000273
 - 	498	-0.002777	-0.000029	-0.000194
 - 	499	-0.002977	-0.000211	-0.000108
 - 	500	-0.003145	-0.000396	-0.000012
 - 	501	-0.003310	-0.000578	0.000090
 - 	502	-0.003430	-0.000752	0.000202
 - 	503	-0.003562	-0.000904	0.000312
 - 	504	-0.003704	-0.001031	0.000419
 - 	505	-0.003856	-0.001134	0.000524
 - 	506	-0.003981	-0.001218	0.000629
 - 	507	-0.004081	-0.001274	0.000722
 - 	508	-0.004132	-0.001302	0.000801
 - 	509	-0.004129	-0.001320	0.000874
 - 	510	-0.004055	-0.001331	0.000944
 - 	511	-0.003916	-0.001355	0.001028
 - 	512	-0.003704	-0.001381	0.001119
 - 	513	-0.003446	-0.001405	0.001213
 - 	514	-0.003142	-0.001406	0.001293
 - 	515	-0.002825	-0.001372	0.001346
 - 	516	-0.002508	-0.001305	0.001365
 - 	517	-0.002244	-0.001197	0.001335
 - 	518	-0.002016	-0.001070	0.001275
 - 	519	-0.001803	-0.000933	0.001195
 - 	520	-0.001606	-0.000795	0.001101
 - 	521	-0.001417	-0.000666	0.001008
 - 	522	-0.001266	-0.000557	0.000926
 - 	523	-0.001148	-0.000471	0.000859
 - 	524	-0.001066	-0.000405	0.000804
 - 	525	-0.001012	-0.000357	0.000760
 - 	526	-0.000988	-0.000325	0.000720
 - 	527	-0.000969	-0.000303	0.000677
 - 	528	-0.000959	-0.000290	0.000629
 - 	529	-0.000954	-0.000288	0.000581
 - 	530	-0.000930	-0.000298	0.000536
 - 	531	-0.000885	-0.000318	0.000503
 - 	532	-0.000803	-0.000341	0.000477
 - 	533	-0.000693	-0.000369	0.000466
 - 	534	-0.000558	-0.000396	0.000459
 - 	535	-0.000448	-0.000431	0.000463
 - 	536	-0.000366	-0.000473	0.000473
 - 	537	-0.000338	-0.000518	0.000479
 - 	538	-0.000354	-0.000561	0.000473
 - 	539	-0.000407	-0.000606	0.000470
 - 	540	-0.000491	-0.000658	0.000480
 - 	541	-0.000587	-0.000711	0.000505
 - 	542	-0.000669	-0.000762	0.000547
 - 	543	-0.000747	-0.000812	0.000604
 - 	544	-0.000810	-0.000850	0.000661
 - 	545	-0.000882	-0.000881	0.000722
 - 	546	-0.000956	-0.000901	0.000777
 - 	547	-0.001056	-0.000917	0.000831
 - 	548	-0.001159	-0.000932	0.000891
 - 	549	-0.001251	-0.000937	0.000944
 - 	550	-0.001345	-0.000940	0.000993
 - 	551	-0.001422	-0.000933	0.001030
 - 	552	-0.001500	-0.000926	0.001061
 - 	553	-0.001573	-0.000923	0.001093
 - 	554	-0.001644	-0.000923	0.001122
 - 	555	-0.001721	-0.000930	0.001155
 - 	556	-0.001795	-0.000944	0.001192
 - 	557	-0.001885	-0.000958	0.001219
 - 	558	-0.001986	-0.000979	0.001247
 - 	559	-0.002100	-0.001002	0.001269
 - 	560	-0.002230	-0.001031	0.001288
 - 	561	-0.002367	-0.001060	0.001295
 - 	562	-0.002523	-0.001093	0.001293
 - 	563	-0.002676	-0.001127	0.001287
 - 	564	-0.002813	-0.001160	0.001278
 - 	565	-0.002942	-0.001198	0.001276
 - 	566	-0.003060	-0.001244	0.001287
 - 	567	-0.003175	-0.001303	0.001312
 - 	568	-0.003304	-0.001372	0.001346
 - 	569	-0.003440	-0.001450	0.001384
 - 	570	-0.003573	-0.001534	0.001424
 - 	571	-0.003701	-0.001616	0.001454
 - 	572	-0.003830	-0.001691	0.001469
 - 	573	-0.003956	-0.001753	0.001468
 - 	574	-0.004080	-0.001809	0.001461
 - 	575	-0.004217	-0.001862	0.001450
 - 	576	-0.004361	-0.001906	0.001432
 - 	577	-0.004495	-0.001924	0.001394
 - 	578	-0.004629	-0.001927	0.001346
 - 	579	-0.004732	-0.001895	0.001279
 - 	580	-0.004806	-0.001840	0.001203
 - 	581	-0.004874	-0.001754	0.001113
 - 	582	-0.004918	-0.001640	0.001013
 - 	583	-0.004957	-0.001505	0.000908
 - 	584	-0.005003	-0.001360	0.000801
 - 	585	-0.005048	-0.001205	0.000690
 - 	586	-0.005103	-0.001049	0.000580
 - 	587	-0.005173	-0.000890	0.000468
 - 	588	-0.005249	-0.000731	0.000355
 - 	589	-0.005331	-0.000574	0.000241
 - 	590	-0.005405	-0.000425	0.000128
 - 	591	-0.005456	-0.000293	0.000020
 - 	592	-0.005493	-0.000197	-0.000079
 - 	593	-0.005532	-0.000126	-0.000173
 - 	594	-0.005567	-0.000088	-0.000260
 - 	595	-0.005631	-0.000072	-0.000345
 - 	596	-0.005723	-0.000073	-0.000427
 - 	597	-0.005870	-0.000090	-0.000506
 - 	598	-0.006048	-0.000108	-0.000582
 - 	599	-0.006272	-0.000126	-0.000650
 - 	600	-0.006503	-0.000138	-0.000705
 - 	601	-0.006733	-0.000150	-0.000743
 - 	602	-0.006960	-0.000158	-0.000765
 - 	603	-0.007184	-0.000161	-0.000773
 - 	604	-0.007375	-0.000155	-0.000768
 - 	605	-0.007542	-0.000145	-0.000752
 - 	606	-0.007648	-0.000129	-0.000724
 - 	607	-0.007688	-0.000116	-0.000685
 - 	608	-0.007636	-0.000112	-0.000634
 - 	609	-0.007445	-0.000117	-0.000567
 - 	610	-0.007097	-0.000122	-0.000488
 - 	611	-0.006560	-0.000118	-0.000396
 - 	612	-0.005839	-0.000109	-0.000295
 - 	613	-0.004924	-0.000107	-0.000187
 - 	614	-0.003848	-0.000127	-0.000075
 - 	615	-0.002651	-0.000181	0.000035
 - 	616	-0.001398	-0.000278	0.000140
 - 	617	-0.000162	-0.000425	0.000236
 - 	618	0.000955	-0.000606	0.000319
 - 	619	0.001855	-0.000795	0.000381
 - 	620	0.002467	-0.000959	0.000414
 - 	621	0.002740	-0.001067	0.000412
 - 	622	-0.011984	-0.001934	0.000362
 - 	623	-0.011335	-0.001007	0.000191
 - 	624	-0.007884	0.000091	0.000124
 - 	625	-0.003219	0.001549	0.000004
 - 	626	0.001122	0.003345	-0.000217
 - 	627	0.003581	0.004841	-0.000408
 - 	628	0.004191	0.005276	-0.000494
 - 	629	0.003488	0.004783	-0.000537
 - 	630	0.002953	0.003868	-0.000570
 - 	631	0.003963	0.003326	-0.000665
 - 	632	0.006883	0.003742	-0.000828
 - 	633	0.010438	0.005150	-0.001129
 - 	634	0.012913	0.006914	-0.001571
 - 	635	0.014219	0.008764	-0.002199
 - 	636	0.014840	0.010970	-0.002988
 - 	637	0.015696	0.013875	-0.003804
 - 	638	0.016959	0.016602	-0.004455
 - 	639	0.018449	0.018526	-0.005041
 - 	640	0.019660	0.019834	-0.005647
 - 	641	0.020325	0.020883	-0.006195
 - 	642	0.021234	0.022046	-0.006639
 - 	643	0.022439	0.023251	-0.006925
 - 	644	0.023670	0.024316	-0.007159
 - 	645	0.024697	0.024944	-0.007383
 - 	646	0.025304	0.025371	-0.007534
 - 	647	0.025518	0.025622	-0.007555
 - 	648	0.025645	0.025668	-0.007521
 - 	649	0.025923	0.025988	-0.007531
 - 	650	0.025791	0.026271	-0.007568
 - 	651	0.025259	0.026549	-0.007557
 - 	652	0.024739	0.026692	-0.007532
 - 	653	0.024193	0.026601	-0.007465
 - 	654	0.023827	0.026718	-0.007464
 - 	655	0.023590	0.027054	-0.007519
 - 	656	0.023192	0.027357	-0.007629
 - 	657	0.022773	0.027655	-0.007743
 - 	658	0.022454	0.028022	-0.007780
 - 	659	0.022040	0.028077	-0.007784
 - 	660	0.021501	0.027982	-0.007734
 - 	661	0.020890	0.027977	-0.007599
 - 	662	0.020302	0.027810	-0.007461
 - 	663	0.019719	0.027582	-0.007316
 - 	664	0.018898	0.027254	-0.007132
 - 	665	0.018130	0.026815	-0.006867
 - 	666	0.017991	0.026421	-0.006626
 - 	667	0.017904	0.025685	-0.006371
 - 	668	0.017669	0.025021	-0.006078
 - 	669	0.017624	0.024647	-0.005837
 - 	670	0.017792	0.024372	-0.005611
 - 	671	0.017819	0.023877	-0.005344
 - 	672	0.017638	0.023527	-0.005093
 - 	673	0.017520	0.023512	-0.004951
 - 	674	0.017793	0.023601	-0.004829
 - 	675	0.018103	0.023562	-0.004677
 - 	676	0.018016	0.023450	-0.004450
 - 	677	0.017864	0.023418	-0.004232
 - 	678	0.017906	0.023407	-0.004086
 - 	679	0.017988	0.023199	-0.003889
 - 	680	0.017855	0.022908	-0.003658
 - 	681	0.017602	0.022522	-0.003395
 - 	682	0.017646	0.022061	-0.003157
 - 	683	0.017607	0.021549	-0.002961
 - 	684	0.017426	0.021249	-0.002746
 - 	685	0.017325	0.020869	-0.002582
 - 	686	0.017186	0.020394	-0.002433
 - 	687	0.017175	0.019890	-0.002276
 - 	688	0.017077	0.019570	-0.002119
 - 	689	0.016931	0.019393	-0.002025
 - 	690	0.016716	0.019144	-0.001861
 - 	691	0.016579	0.018746	-0.001686
 - 	692	0.016470	0.018274	-0.001588
 - 	693	0.016147	0.017953	-0.001401
 - 	694	0.015795	0.017709	-0.001182
 - 	695	0.015429	0.017240	-0.000970
 - 	696	0.015175	0.016702	-0.000809
 - 	697	0.014706	0.016414	-0.000618
 - 	698	0.014127	0.016217	-0.000370
 - 	699	0.013605	0.015747	-0.000183
 - 	700	0.013121	0.015278	0.000016
 - 	701	0.012624	0.014858	0.000217
 - 	702	0.012016	0.014600	0.000438
 - 	703	0.011548	0.014314	0.000613
 - 	704	0.011203	0.014007	0.000736
 - 	705	0.010831	0.013662	0.000900
 - 	706	0.010161	0.013522	0.001116
 - 	707	0.009641	0.013370	0.001314
 - 	708	0.009337	0.013052	0.001533
 - 	709	0.008967	0.012673	0.001733
 - 	710	0.008355	0.012487	0.001945
 - 	711	0.007650	0.012407	0.002156
 - 	712	0.007132	0.012426	0.002374
 - 	713	0.006691	0.012502	0.002580
 - 	714	0.006235	0.012422	0.002747
 - 	715	0.005704	0.012272	0.002940
 - 	716	0.005214	0.012209	0.003097
 - 	717	0.004908	0.012280	0.003235
 - 	718	0.004786	0.012345	0.003368
 - 	719	0.004444	0.012422	0.003547
 - 	720	0.003927	0.012781	0.003781
 - 	721	0.003880	0.013114	0.003992
 - 	722	0.003935	0.013310	0.004112
 - 	723	0.003746	0.013297	0.004211
 - 	724	0.003389	0.013455	0.004353
 - 	725	0.003306	0.013723	0.004479
 - 	726	0.003638	0.014100	0.004602
 - 	727	0.004046	0.014530	0.004704
 - 	728	0.004431	0.015012	0.004766
 - 	729	0.004828	0.015757	0.004770
 - 	730	0.005192	0.016461	0.004733
 - 	731	0.005509	0.016871	0.004774
 - 	732	0.006014	0.017223	0.004826
 - 	733	0.006455	0.017672	0.004810
 - 	734	0.006821	0.018125	0.004795
 - 	735	0.007487	0.018624	0.004810
 - 	736	0.008398	0.019043	0.004799
 - 	737	0.008906	0.019501	0.004784
 - 	738	0.009410	0.020056	0.004749
 - 	739	0.010145	0.020232	0.004705
 - 	740	0.010608	0.020378	0.004698
 - 	741	0.011371	0.020634	0.004707
 - 	742	0.012240	0.020806	0.004729
 - 	743	0.012987	0.020854	0.004707
 - 	744	0.013637	0.021059	0.004667
 - 	745	0.014134	0.021414	0.004630
 - 	746	0.014786	0.021739	0.004591
 - 	747	0.015633	0.022122	0.004589
 - 	748	0.016584	0.022517	0.004577
 - 	749	0.017363	0.022846	0.004517
 - 	750	0.018335	0.023153	0.004392
 - 	751	0.019225	0.023329	0.004255
 - 	752	0.020063	0.023494	0.004199
 - 	753	0.020886	0.023745	0.004094
 - 	754	0.021765	0.023736	0.003960
 - 	755	0.022592	0.023149	0.003780
 - 	756	0.023100	0.022156	0.003613
 - 	757	0.023536	0.021218	0.003480
 - 	758	0.024151	0.020370	0.003355
 - 	759	0.024980	0.019185	0.003266
 - 	760	0.025661	0.017552	0.003219
 - 	761	0.025994	0.016071	0.003189
 - 	762	0.026300	0.014632	0.003149
 - 	763	0.026346	0.012952	0.003092
 - 	764	0.026140	0.011189	0.003039
 - 	765	0.025677	0.009638	0.003000
 - 	766	0.025354	0.008000	0.002921
 - 	767	0.025092	0.006342	0.002885
 - 	768	0.024631	0.004971	0.002910
 - 	769	0.024220	0.004026	0.002948
 - 	770	0.023861	0.003258	0.003009
 - 	771	0.023288	0.002633	0.003018
 - 	772	0.022636	0.002395	0.002977
 - 	773	0.021808	0.002332	0.002923
 - 	774	0.020344	0.002182	0.002820
 - 	775	0.018787	0.002129	0.002596
 - 	776	0.017581	0.002044	0.002432
 - 	777	0.016582	0.001846	0.002383
 - 	778	0.015338	0.001567	0.002343
 - 	779	0.013960	0.001225	0.002303
 - 	780	-0.002471	-0.001746	0.001333
 - 	781	-0.002642	-0.001671	0.001336
 - 	782	-0.002778	-0.001559	0.001318
 - 	783	-0.002863	-0.001417	0.001283
 - 	784	-0.002903	-0.001264	0.001244
 - 	785	-0.002874	-0.001112	0.001213
 - 	786	-0.002787	-0.000967	0.001191
 - 	787	-0.002640	-0.000838	0.001182
 - 	788	-0.002460	-0.000730	0.001190
 - 	789	-0.002263	-0.000640	0.001201
 - 	790	-0.002052	-0.000570	0.001217
 - 	791	-0.001827	-0.000509	0.001219
 - 	792	-0.001584	-0.000446	0.001186
 - 	793	-0.001312	-0.000379	0.001118
 - 	794	-0.000996	-0.000303	0.001015
 - 	795	-0.000657	-0.000225	0.000894
 - 	796	-0.000317	-0.000149	0.000763
 - 	797	-0.000010	-0.000080	0.000628
 - 	798	0.000231	-0.000027	0.000501
 - 	799	0.000370	0.000003	0.000388
 - 	800	0.000398	-0.000005	0.000309
 - 	801	0.000335	-0.000046	0.000264
 - 	802	0.000203	-0.000115	0.000246
 - 	803	0.000031	-0.000208	0.000255
 - 	804	-0.000162	-0.000320	0.000288
 - 	805	-0.000364	-0.000447	0.000340
 - 	806	-0.000571	-0.000568	0.000382
 - 	807	-0.000763	-0.000682	0.000422
 - 	808	-0.000927	-0.000786	0.000463
 - 	809	-0.001038	-0.000874	0.000504
 - 	810	-0.001116	-0.000948	0.000550
 - 	811	-0.001152	-0.000998	0.000592
 - 	812	-0.001158	-0.001031	0.000640
 - 	813	-0.001149	-0.001051	0.000689
 - 	814	-0.001152	-0.001060	0.000729
 - 	815	-0.001188	-0.001063	0.000757
 - 	816	-0.001264	-0.001064	0.000781
 - 	817	-0.001365	-0.001065	0.000804
 - 	818	-0.001486	-0.001072	0.000837
 - 	819	-0.001616	-0.001086	0.000878
 - 	820	-0.001739	-0.001112	0.000935
 - 	821	-0.001869	-0.001157	0.001019
 - 	822	-0.002004	-0.001212	0.001117
 - 	823	-0.002148	-0.001268	0.001210
 - 	824	-0.002291	-0.001316	0.001282
 - 	825	-0.002422	-0.001350	0.001326
 - 	826	-0.002534	-0.001379	0.001359
 - 	827	-0.002628	-0.001408	0.001387
 - 	828	-0.002700	-0.001439	0.001417
 - 	829	-0.002756	-0.001473	0.001447
 - 	830	-0.002813	-0.001506	0.001465
 - 	831	-0.002862	-0.001549	0.001491
 - 	832	-0.002908	-0.001607	0.001532
 - 	833	-0.002948	-0.001682	0.001589
 - 	834	-0.002987	-0.001774	0.001662
 - 	835	-0.003023	-0.001869	0.001731
 - 	836	-0.003080	-0.001970	0.001798
 - 	837	-0.003156	-0.002061	0.001845
 - 	838	-0.003253	-0.002144	0.001879
 - 	839	-0.003360	-0.002208	0.001894
 - 	840	-0.003463	-0.002239	0.001885
 - 	841	-0.003557	-0.002233	0.001851
 - 	842	-0.003645	-0.002201	0.001801
 - 	843	-0.003731	-0.002155	0.001746
 - 	844	-0.003823	-0.002106	0.001689
 - 	845	-0.003948	-0.002037	0.001615
 - 	846	-0.004114	-0.001914	0.001502
 - 	847	-0.004319	-0.001733	0.001356
 - 	848	-0.004535	-0.001496	0.001181
 - 	849	-0.004780	-0.001239	0.001004
 - 	850	-0.005085	-0.000998	0.000840
 - 	851	-0.005463	-0.000804	0.000701
 - 	852	-0.005907	-0.000673	0.000584
 - 	853	-0.006397	-0.000609	0.000483
 - 	854	-0.006896	-0.000594	0.000379
 - 	855	-0.007373	-0.000620	0.000265
 - 	856	-0.007833	-0.000696	0.000146
 - 	857	-0.008286	-0.000801	0.000023
 - 	858	-0.008736	-0.000900	-0.000099
 - 	859	-0.009181	-0.000954	-0.000220
 - 	860	-0.009614	-0.000971	-0.000334
 - 	861	-0.010032	-0.000958	-0.000441
 - 	862	-0.010443	-0.000908	-0.000539
 - 	863	-0.010842	-0.000843	-0.000626
 - 	864	-0.011202	-0.000757	-0.000705
 - 	865	-0.011476	-0.000666	-0.000771
 - 	866	-0.011640	-0.000574	-0.000824
 - 	867	-0.011668	-0.000475	-0.000864
 - 	868	-0.011548	-0.000373	-0.000890
 - 	869	-0.011290	-0.000270	-0.000904
 - 	870	-0.010895	-0.000159	-0.000908
 - 	871	-0.010325	-0.000029	-0.000902
 - 	872	-0.009575	0.000126	-0.000883
 - 	873	-0.008628	0.000321	-0.000847
 - 	874	-0.007498	0.000546	-0.000789
 - 	875	-0.006207	0.000799	-0.000707
 - 	876	-0.004817	0.001097	-0.000602
 - 	877	-0.003391	0.001446	-0.000482
 - 	878	-0.002022	0.001826	-0.000358
 - 	879	-0.000804	0.002217	-0.000242
 - 	880	0.000194	0.002601	-0.000146
 - 	881	0.000865	0.002923	-0.000081
 - 	882	0.001176	0.003094	-0.000045
 - 	883	0.001158	0.003068	-0.000033
 - 	884	0.000914	0.002858	-0.000034
 - 	885	0.000567	0.002491	-0.000040
 - 	886	0.000227	0.001978	-0.000042
 - 	887	-0.000065	0.001339	-0.000034
 - 	888	-0.000256	0.000614	-0.000012
 - 	889	-0.000375	-0.000116	0.000018
 - 	890	-0.000458	-0.000785	0.000056
 - 	891	-0.000554	-0.001335	0.000096
 - 	892	-0.000652	-0.001732	0.000135
 - 	893	-0.000729	-0.001958	0.000168
 - 	894	-0.000776	-0.002051	0.000192
 - 	895	-0.000757	-0.002053	0.000208
 - 	896	-0.000708	-0.002006	0.000215
 - 	897	-0.000619	-0.001921	0.000210
 - 	898	-0.000542	-0.001797	0.000196
 - 	899	-0.000472	-0.001611	0.000177
 - 	900	-0.000415	-0.001359	0.000156
 - 	901	-0.000373	-0.001055	0.000135
 - 	902	-0.000299	-0.000756	0.000117
 - 	903	-0.000193	-0.000528	0.000109
 - 	904	-0.000064	-0.000375	0.000110
 - 	905	0.000005	-0.000279	0.000109
 - 	906	-0.000054	-0.000183	0.000091
 - 	907	-0.000234	-0.000074	0.000056
 - 	908	-0.000413	0.000007	0.000022
 - 	909	-0.000508	0.000035	0.000004
 - 	910	-0.000535	0.000007	0.000003
 - 	911	-0.000502	-0.000053	0.000013
 - 	912	-0.000418	-0.000132	0.000031
 - 	913	-0.000285	-0.000215	0.000051
 - 	914	-0.000121	-0.000286	0.000067
 - 	915	0.000059	-0.000352	0.000078
 - 	916	0.000260	-0.000412	0.000085
 - 	917	0.000443	-0.000467	0.000088
 - 	918	0.000585	-0.000529	0.000090
 - 	919	0.000675	-0.000609	0.000096
 - 	920	0.000688	-0.000724	0.000107
 - 	921	0.000632	-0.000847	0.000119
 - 	922	0.000541	-0.000938	0.000127
 - 	923	0.000452	-0.000962	0.000128
 - 	924	0.000372	-0.000941	0.000125
 - 	925	0.000326	-0.000883	0.000120
 - 	926	0.000278	-0.000816	0.000115
 - 	927	0.000243	-0.000740	0.000110
 - 	928	0.000226	-0.000657	0.000105
 - 	929	0.000219	-0.000579	0.000101
 - 	930	0.000244	-0.000525	0.000097
 - 	931	0.000298	-0.000542	0.000096
 - 	932	0.000393	-0.000632	0.000097
 - 	933	0.000512	-0.000763	0.000099
 - 	934	0.000646	-0.000890	0.000101
 - 	935	0.000760	-0.000984	0.000100
 - 	936	0.000834	-0.001048	0.000098
 - 	937	0.000863	-0.001068	0.000093
 - 	938	0.000852	-0.001050	0.000086
 - 	939	0.000796	-0.000996	0.000078
 - 	940	0.000720	-0.000915	0.000071
 - 	941	0.000624	-0.000835	0.000067
 - 	942	0.000505	-0.000772	0.000068
 - 	943	0.000402	-0.000728	0.000073
 - 	944	0.000298	-0.000695	0.000079
 - 	945	0.000175	-0.000652	0.000080
 - 	946	0.000023	-0.000610	0.000078
 - 	947	-0.000130	-0.000593	0.000077
 - 	948	-0.000262	-0.000626	0.000081
 - 	949	-0.000374	-0.000694	0.000089
 - 	950	-0.000427	-0.000757	0.000098
 - 	951	-0.000444	-0.000811	0.000105
 - 	952	-0.000413	-0.000856	0.000110
 - 	953	-0.000368	-0.000882	0.000112
 - 	954	-0.000340	-0.000883	0.000108
 - 	955	-0.000359	-0.000864	0.000098
 - 	956	-0.000438	-0.000858	0.000083
 - 	957	-0.000595	-0.000873	0.000064
 - 	958	-0.000808	-0.000913	0.000041
 - 	959	-0.001036	-0.000959	0.000017
 - 	960	-0.001201	-0.000996	-0.000001
 - 	961	-0.001291	-0.001017	-0.000009
 - 	962	-0.001312	-0.001026	-0.000007
 - 	963	-0.001535	-0.000936	-0.000029
 - 	964	-0.000884	-0.000705	0.000014
 - 	965	-0.003265	-0.001903	0.000007
 - 	966	0.000369	-0.000236	0.000041
 - 	967	-0.001518	-0.000970	0.000007
 - 	968	-0.001275	-0.000879	0.000026
 - 	969	-0.001176	-0.000859	0.000029
 - 	970	-0.001057	-0.000830	0.000029
 - 	971	-0.000943	-0.000796	0.000028
 - 	972	-0.000841	-0.000759	0.000028
 - 	973	-0.000752	-0.000732	0.000027
 - 	974	-0.000674	-0.000721	0.000027
 - 	975	-0.000622	-0.000726	0.000026
 - 	976	-0.000591	-0.000761	0.000028
 - 	977	-0.000619	-0.000838	0.000035
 - 	978	-0.000680	-0.000940	0.000044
 - 	979	-0.000763	-0.001023	0.000051
 - 	980	-0.000831	-0.001072	0.000054
 - 	981	-0.000883	-0.001092	0.000054
 - 	982	-0.000894	-0.001095	0.000054
 - 	983	-0.000896	-0.001100	0.000055
 - 	984	-0.000895	-0.001104	0.000058
 - 	985			
 - 	986			
 - 	987			
 - 	988			
 - 	989			
 - 	990			
 - 	991			
 - 	992			
 - 	993			
 - 	994			
 - 	995			
 - 	996			
 - 	997			
 - 	998			
 - 	999			
 - 	1000			
 - 	1001			
 - 	1002			
 - 	1003			
 - 	1004			
 - 	1005			
 - 	1006			
 - 	1007			
 - 	1008			
 - 	1009			
 - 	1010			
 - 	1011			
 - 	1012			
 - 	1013			
 - 	1014			
 - 	1015			
 - 	1016			
 - 	1017			
 - 	1018			
 - 	1019			
 - 	1020			
 - 	1021			
 - 	1022			
 - 	1023			
 - 	1024			
 - 	1025			
 - 	1026			
 - 	1027			
 - 	1028			
 - 	1029			
 - 	1030			
 - 	1031			
 - 	1032			
 - 	1033			
 - 	1034			
 - 	1035			
 - 	1036			
 - 	1037			
 - 	1038			
 - 	1039			
 - 	1040			
 - 	1041			
 - 	1042			
 - 	1043			
 - 	1044			
 - 	1045			
 - 	1046			
 - 	1047			
 - 	1048			
 - 	1049			
 - 	1050			
 - 	1051			
 - 	1052			
 - 	1053			
 - 	1054			
 - 	1055			
 - 	1056			
 - 	1057			
 - 	1058			
 - 	1059			
 - 	1060			
 - 	1061			
 - 	1062			
 - 	1063			
 - 	1064			
 - 	1065			
 - 	1066			
 - 	1067			
 - 	1068			
 - 	1069			
 - 	1070			
 - 	1071			
 - 	1072			
 - 	1073			
 - 	1074			
 - 	1075			
 - 	1076			
 - 	1077			
 - 	1078			
 - 	1079			
 - 	1080			
 - 	1081			
 - 	1082			
 - 	1083			
 - 	1084			
 - 	1085			
 - 	1086			
 - 	1087			
 - 	1088			
 - 	1089			
 - 	1090			
 - 	1091			
 - 	1092			
 - 	1093			
 - 	1094			
 - 	1095			
 - 	1096			
 - 	1097			
 - 	1098			
 - 	1099			
 - 	1100			
 - 	1101			
 - 	1102			
 - 	1103			
 - 	1104			
 - 	1105			
 - 	1106			
 - 	1107			
 - 	1108			
 - 	1109			
 - 	1110			
 - 	1111			
 - 	1112			
 - 	1113			
 - 	1114			
 - 	1115			
 - 	1116			
 - 	1117			
 - 	1118			
 - 	1119			
 - 	1120			
 - 	1121			
 - 	1122			
 - 	1123			
 - 	1124			
 - 	1125			
 - 	1126			
 - 	1127			
 - 	1128			
 - 	1129			
 - 	1130			
 - 	1131			
 - 	1132			
 - 	1133			
 - 	1134			
 - 	1135			
 - 	1136			
 - 	1137			
 - 	1138			
 - 	1139			
 - 	1140			
 - 	1141			
 - 	1142			
 - 	1143			
 - 	1144			
 - 	1145			
 - 	1146			
 - 	1147			
 - 	1148			
 - 	1149			
 - 	1150			
 - 	1151			
 - 	1152			
 - 	1153			
 - 	1154			
 - 	1155			
 - 	1156			
 - 	1157			
 - 	1158			
 - 	1159			
 - 	1160			
 - 	1161			
 - 	1162			
 - 	1163			
 - 	1164			
 - 	1165			
 - 	1166			
 - 	1167			
 - 	1168			
 - 	1169			
 - 	1170			
 - 	1171			
 - 	1172			
 - 	1173			
 - 	1174			
 - 	1175			
 - 	1176			
 - 	1177			
 - 	1178			
 - 	1179			
 - 	1180			
 - 	1181			
