LKNE_MOMENT
File	Frame	X 	Y 	Z 
Trial_12.filtered_40.c3d	1			
 - 	2			
 - 	3			
 - 	4			
 - 	5			
 - 	6			
 - 	7			
 - 	8			
 - 	9			
 - 	10			
 - 	11			
 - 	12			
 - 	13			
 - 	14			
 - 	15			
 - 	16			
 - 	17			
 - 	18			
 - 	19			
 - 	20			
 - 	21			
 - 	22			
 - 	23			
 - 	24			
 - 	25			
 - 	26			
 - 	27			
 - 	28			
 - 	29			
 - 	30			
 - 	31			
 - 	32			
 - 	33			
 - 	34			
 - 	35			
 - 	36			
 - 	37			
 - 	38			
 - 	39			
 - 	40			
 - 	41			
 - 	42			
 - 	43			
 - 	44			
 - 	45			
 - 	46			
 - 	47			
 - 	48			
 - 	49			
 - 	50			
 - 	51			
 - 	52			
 - 	53			
 - 	54			
 - 	55			
 - 	56			
 - 	57			
 - 	58			
 - 	59			
 - 	60			
 - 	61			
 - 	62			
 - 	63			
 - 	64			
 - 	65	-0.002217	-0.000683	-0.000040
 - 	66	-0.002216	-0.000695	-0.000038
 - 	67	-0.002192	-0.000695	-0.000036
 - 	68	-0.002184	-0.000688	-0.000036
 - 	69	-0.002168	-0.000681	-0.000036
 - 	70	-0.002177	-0.000664	-0.000037
 - 	71	-0.002141	-0.000650	-0.000037
 - 	72	-0.002125	-0.000647	-0.000040
 - 	73	-0.002130	-0.000625	-0.000040
 - 	74	-0.002116	-0.000608	-0.000039
 - 	75	-0.002146	-0.000607	-0.000042
 - 	76	-0.002144	-0.000605	-0.000043
 - 	77	-0.002163	-0.000605	-0.000044
 - 	78	-0.002176	-0.000609	-0.000045
 - 	79	-0.002192	-0.000608	-0.000046
 - 	80	-0.002185	-0.000607	-0.000046
 - 	81	-0.002196	-0.000601	-0.000048
 - 	82	-0.002162	-0.000606	-0.000045
 - 	83	-0.002170	-0.000585	-0.000048
 - 	84	-0.002167	-0.000564	-0.000051
 - 	85	-0.002144	-0.000574	-0.000047
 - 	86	-0.002138	-0.000574	-0.000047
 - 	87	-0.002139	-0.000584	-0.000046
 - 	88	-0.002147	-0.000588	-0.000046
 - 	89	-0.002161	-0.000599	-0.000046
 - 	90	-0.002168	-0.000610	-0.000045
 - 	91	-0.002185	-0.000629	-0.000042
 - 	92	-0.002208	-0.000635	-0.000044
 - 	93	-0.002223	-0.000635	-0.000047
 - 	94	-0.002222	-0.000644	-0.000043
 - 	95	-0.002222	-0.000647	-0.000043
 - 	96	-0.002204	-0.000644	-0.000043
 - 	97	-0.002197	-0.000643	-0.000043
 - 	98	-0.002202	-0.000636	-0.000043
 - 	99	-0.002186	-0.000631	-0.000042
 - 	100	-0.002195	-0.000628	-0.000043
 - 	101	-0.002194	-0.000627	-0.000045
 - 	102	-0.002194	-0.000619	-0.000046
 - 	103	-0.002201	-0.000617	-0.000047
 - 	104	-0.002183	-0.000601	-0.000046
 - 	105	-0.002174	-0.000592	-0.000045
 - 	106	-0.002119	-0.000569	-0.000046
 - 	107	-0.002161	-0.000573	-0.000045
 - 	108	-0.002213	-0.000587	-0.000044
 - 	109	-0.002150	-0.000578	-0.000045
 - 	110	-0.002149	-0.000587	-0.000045
 - 	111	-0.002156	-0.000600	-0.000046
 - 	112	-0.002150	-0.000614	-0.000045
 - 	113	-0.002163	-0.000621	-0.000045
 - 	114	-0.002163	-0.000631	-0.000044
 - 	115	-0.002178	-0.000630	-0.000043
 - 	116	-0.002163	-0.000625	-0.000042
 - 	117	-0.002189	-0.000616	-0.000043
 - 	118	-0.002218	-0.000617	-0.000040
 - 	119	-0.002224	-0.000615	-0.000039
 - 	120	-0.002240	-0.000616	-0.000039
 - 	121	-0.002250	-0.000618	-0.000040
 - 	122	-0.002252	-0.000621	-0.000039
 - 	123	-0.002255	-0.000623	-0.000041
 - 	124	-0.002251	-0.000629	-0.000042
 - 	125	-0.002244	-0.000629	-0.000044
 - 	126	-0.002244	-0.000634	-0.000047
 - 	127	-0.002231	-0.000634	-0.000050
 - 	128	-0.002214	-0.000634	-0.000053
 - 	129	-0.002194	-0.000634	-0.000055
 - 	130	-0.002168	-0.000631	-0.000056
 - 	131	-0.002109	-0.000620	-0.000054
 - 	132	-0.002066	-0.000607	-0.000050
 - 	133	-0.002001	-0.000600	-0.000045
 - 	134	-0.001992	-0.000599	-0.000042
 - 	135	-0.002019	-0.000602	-0.000040
 - 	136	-0.002089	-0.000612	-0.000038
 - 	137	-0.002138	-0.000615	-0.000036
 - 	138	-0.002199	-0.000614	-0.000035
 - 	139	-0.002228	-0.000606	-0.000036
 - 	140	-0.002265	-0.000593	-0.000038
 - 	141	-0.002287	-0.000584	-0.000041
 - 	142	-0.002305	-0.000575	-0.000046
 - 	143	-0.002334	-0.000572	-0.000049
 - 	144	-0.002375	-0.000576	-0.000051
 - 	145	-0.002420	-0.000581	-0.000050
 - 	146	-0.002442	-0.000594	-0.000047
 - 	147	-0.002439	-0.000605	-0.000043
 - 	148	-0.002418	-0.000623	-0.000039
 - 	149	-0.002396	-0.000639	-0.000035
 - 	150	-0.002349	-0.000649	-0.000031
 - 	151	-0.002313	-0.000655	-0.000029
 - 	152	-0.002273	-0.000661	-0.000027
 - 	153	-0.002253	-0.000666	-0.000027
 - 	154	-0.002241	-0.000674	-0.000027
 - 	155	-0.002237	-0.000680	-0.000029
 - 	156	-0.002239	-0.000683	-0.000032
 - 	157	-0.002242	-0.000678	-0.000034
 - 	158	-0.002239	-0.000665	-0.000036
 - 	159	-0.002212	-0.000644	-0.000035
 - 	160	-0.002194	-0.000621	-0.000034
 - 	161	-0.002184	-0.000603	-0.000033
 - 	162	-0.002195	-0.000577	-0.000036
 - 	163	-0.002201	-0.000593	-0.000035
 - 	164	-0.002200	-0.000616	-0.000035
 - 	165	-0.002254	-0.000620	-0.000040
 - 	166	-0.002262	-0.000639	-0.000038
 - 	167	-0.002289	-0.000661	-0.000038
 - 	168	-0.002294	-0.000675	-0.000038
 - 	169	-0.002307	-0.000692	-0.000038
 - 	170	-0.002307	-0.000705	-0.000037
 - 	171	-0.002295	-0.000711	-0.000035
 - 	172	-0.002286	-0.000715	-0.000035
 - 	173	-0.002260	-0.000707	-0.000034
 - 	174	-0.002249	-0.000694	-0.000035
 - 	175	-0.002252	-0.000682	-0.000036
 - 	176	-0.002248	-0.000666	-0.000038
 - 	177	-0.002241	-0.000650	-0.000039
 - 	178	-0.002252	-0.000634	-0.000040
 - 	179	-0.002254	-0.000626	-0.000039
 - 	180	-0.002257	-0.000620	-0.000039
 - 	181	-0.002262	-0.000614	-0.000038
 - 	182	-0.002263	-0.000610	-0.000039
 - 	183	-0.002283	-0.000610	-0.000040
 - 	184	-0.002296	-0.000618	-0.000040
 - 	185	-0.002312	-0.000624	-0.000041
 - 	186	-0.002321	-0.000633	-0.000042
 - 	187	-0.002330	-0.000640	-0.000043
 - 	188	-0.002324	-0.000648	-0.000043
 - 	189	-0.002297	-0.000648	-0.000042
 - 	190	-0.002275	-0.000648	-0.000041
 - 	191	-0.002256	-0.000651	-0.000040
 - 	192	-0.002218	-0.000649	-0.000039
 - 	193	-0.002203	-0.000652	-0.000038
 - 	194	-0.002172	-0.000656	-0.000036
 - 	195	-0.002152	-0.000658	-0.000035
 - 	196	-0.002139	-0.000655	-0.000034
 - 	197	-0.002133	-0.000653	-0.000032
 - 	198	-0.002133	-0.000650	-0.000031
 - 	199	-0.002123	-0.000648	-0.000030
 - 	200	-0.002131	-0.000645	-0.000030
 - 	201	-0.002140	-0.000643	-0.000031
 - 	202	-0.002149	-0.000642	-0.000032
 - 	203	-0.002156	-0.000646	-0.000033
 - 	204	-0.002173	-0.000647	-0.000036
 - 	205	-0.002176	-0.000644	-0.000037
 - 	206	-0.002198	-0.000643	-0.000039
 - 	207	-0.002219	-0.000637	-0.000041
 - 	208	-0.002226	-0.000637	-0.000040
 - 	209	-0.002262	-0.000640	-0.000040
 - 	210	-0.002277	-0.000647	-0.000037
 - 	211	-0.002319	-0.000659	-0.000035
 - 	212	-0.002353	-0.000670	-0.000033
 - 	213	-0.002388	-0.000676	-0.000033
 - 	214	-0.002435	-0.000678	-0.000035
 - 	215	-0.002459	-0.000674	-0.000040
 - 	216	-0.002472	-0.000668	-0.000044
 - 	217	-0.002485	-0.000661	-0.000047
 - 	218	-0.002491	-0.000644	-0.000048
 - 	219	-0.002474	-0.000628	-0.000048
 - 	220	-0.002457	-0.000613	-0.000047
 - 	221	-0.002414	-0.000594	-0.000048
 - 	222	-0.002357	-0.000578	-0.000048
 - 	223	-0.002308	-0.000567	-0.000049
 - 	224	-0.002245	-0.000567	-0.000046
 - 	225	-0.002202	-0.000573	-0.000043
 - 	226	-0.002172	-0.000589	-0.000040
 - 	227	-0.002145	-0.000603	-0.000037
 - 	228	-0.002131	-0.000621	-0.000034
 - 	229	-0.002110	-0.000645	-0.000032
 - 	230	-0.002104	-0.000676	-0.000030
 - 	231	-0.002091	-0.000699	-0.000030
 - 	232	-0.002077	-0.000712	-0.000030
 - 	233	-0.002079	-0.000715	-0.000030
 - 	234	-0.002068	-0.000712	-0.000028
 - 	235	-0.002103	-0.000704	-0.000028
 - 	236	-0.002143	-0.000689	-0.000027
 - 	237	-0.002188	-0.000661	-0.000024
 - 	238	-0.002228	-0.000623	-0.000022
 - 	239	-0.002246	-0.000577	-0.000021
 - 	240	-0.002233	-0.000528	-0.000022
 - 	241	-0.002205	-0.000494	-0.000024
 - 	242	-0.002186	-0.000476	-0.000026
 - 	243	-0.002170	-0.000476	-0.000027
 - 	244	-0.002167	-0.000483	-0.000028
 - 	245	-0.002139	-0.000488	-0.000028
 - 	246	-0.002128	-0.000491	-0.000028
 - 	247	-0.002119	-0.000484	-0.000029
 - 	248	-0.002116	-0.000481	-0.000031
 - 	249	-0.002150	-0.000486	-0.000032
 - 	250	-0.002178	-0.000496	-0.000032
 - 	251	-0.002251	-0.000508	-0.000033
 - 	252	-0.002289	-0.000517	-0.000032
 - 	253	-0.002334	-0.000515	-0.000033
 - 	254	-0.002359	-0.000514	-0.000034
 - 	255	-0.002356	-0.000506	-0.000035
 - 	256	-0.002347	-0.000499	-0.000035
 - 	257	-0.002337	-0.000496	-0.000033
 - 	258	-0.002305	-0.000488	-0.000031
 - 	259	-0.002283	-0.000483	-0.000029
 - 	260	-0.002236	-0.000476	-0.000026
 - 	261	-0.002188	-0.000468	-0.000024
 - 	262	-0.002116	-0.000464	-0.000021
 - 	263	-0.002061	-0.000464	-0.000017
 - 	264	-0.001994	-0.000462	-0.000012
 - 	265	-0.001951	-0.000459	-0.000005
 - 	266	-0.001942	-0.000447	-0.000001
 - 	267	-0.001977	-0.000430	0.000002
 - 	268	-0.002061	-0.000410	0.000003
 - 	269	-0.002163	-0.000398	0.000002
 - 	270	-0.002297	-0.000405	-0.000003
 - 	271	-0.002432	-0.000427	-0.000011
 - 	272	-0.002528	-0.000459	-0.000021
 - 	273	-0.002554	-0.000482	-0.000031
 - 	274	-0.002480	-0.000504	-0.000037
 - 	275	-0.002366	-0.000518	-0.000043
 - 	276	-0.002264	-0.000530	-0.000047
 - 	277	-0.002210	-0.000530	-0.000053
 - 	278	-0.002187	-0.000515	-0.000061
 - 	279	-0.002196	-0.000482	-0.000070
 - 	280	-0.002209	-0.000430	-0.000079
 - 	281	-0.002219	-0.000354	-0.000087
 - 	282	-0.002220	-0.000251	-0.000093
 - 	283	-0.002225	-0.000128	-0.000098
 - 	284	-0.002235	-0.000001	-0.000102
 - 	285	-0.002293	0.000115	-0.000105
 - 	286	-0.002393	0.000217	-0.000107
 - 	287	-0.002513	0.000299	-0.000109
 - 	288	-0.002619	0.000354	-0.000110
 - 	289	-0.002687	0.000391	-0.000113
 - 	290	-0.002711	0.000405	-0.000117
 - 	291	-0.002722	0.000402	-0.000123
 - 	292	-0.002714	0.000394	-0.000130
 - 	293	-0.002706	0.000388	-0.000140
 - 	294	-0.002689	0.000398	-0.000153
 - 	295	-0.002671	0.000417	-0.000166
 - 	296	-0.002634	0.000461	-0.000181
 - 	297	-0.002617	0.000505	-0.000197
 - 	298	-0.002575	0.000548	-0.000214
 - 	299	-0.002550	0.000588	-0.000233
 - 	300	-0.002537	0.000626	-0.000252
 - 	301	-0.002532	0.000675	-0.000274
 - 	302	-0.002569	0.000727	-0.000298
 - 	303	-0.002591	0.000772	-0.000322
 - 	304	-0.002612	0.000794	-0.000343
 - 	305	-0.002618	0.000803	-0.000361
 - 	306	-0.002621	0.000806	-0.000379
 - 	307	-0.002600	0.000806	-0.000396
 - 	308	-0.002574	0.000819	-0.000415
 - 	309	-0.002532	0.000833	-0.000434
 - 	310	-0.002483	0.000828	-0.000448
 - 	311	-0.002471	0.000789	-0.000450
 - 	312	-0.002521	0.000717	-0.000438
 - 	313	-0.002614	0.000624	-0.000416
 - 	314	-0.002691	0.000519	-0.000388
 - 	315	-0.002804	0.000393	-0.000355
 - 	316	-0.002911	0.000232	-0.000305
 - 	317	-0.003065	0.000046	-0.000243
 - 	318	-0.003236	-0.000153	-0.000166
 - 	319	-0.003409	-0.000338	-0.000085
 - 	320	-0.003594	-0.000514	0.000004
 - 	321	-0.003767	-0.000676	0.000096
 - 	322	-0.003925	-0.000825	0.000190
 - 	323	-0.004046	-0.000947	0.000280
 - 	324	-0.004146	-0.001032	0.000356
 - 	325	-0.004209	-0.001088	0.000419
 - 	326	-0.004239	-0.001112	0.000466
 - 	327	-0.004254	-0.001110	0.000494
 - 	328	-0.004258	-0.001083	0.000500
 - 	329	-0.004249	-0.001048	0.000495
 - 	330	-0.004223	-0.001003	0.000479
 - 	331	-0.004197	-0.000962	0.000464
 - 	332	-0.004153	-0.000923	0.000449
 - 	333	-0.004102	-0.000891	0.000441
 - 	334	-0.004031	-0.000864	0.000437
 - 	335	-0.003931	-0.000834	0.000435
 - 	336	-0.003784	-0.000792	0.000427
 - 	337	-0.003615	-0.000737	0.000413
 - 	338	-0.003379	-0.000669	0.000395
 - 	339	-0.003132	-0.000591	0.000360
 - 	340	-0.002903	-0.000517	0.000316
 - 	341	-0.002677	-0.000458	0.000278
 - 	342	-0.002477	-0.000415	0.000239
 - 	343	-0.002262	-0.000392	0.000219
 - 	344	-0.002075	-0.000374	0.000199
 - 	345	-0.001924	-0.000357	0.000178
 - 	346	-0.001844	-0.000332	0.000137
 - 	347	-0.001750	-0.000295	0.000087
 - 	348	-0.001657	-0.000251	0.000026
 - 	349	-0.001533	-0.000204	-0.000032
 - 	350	-0.001436	-0.000163	-0.000085
 - 	351	-0.001350	-0.000135	-0.000121
 - 	352	-0.001295	-0.000128	-0.000138
 - 	353	-0.001228	-0.000140	-0.000134
 - 	354	-0.001164	-0.000164	-0.000118
 - 	355	-0.001120	-0.000194	-0.000096
 - 	356	-0.001114	-0.000226	-0.000073
 - 	357	-0.001122	-0.000255	-0.000051
 - 	358	-0.001150	-0.000283	-0.000029
 - 	359	-0.001171	-0.000304	-0.000015
 - 	360	-0.001163	-0.000329	0.000006
 - 	361	-0.001182	-0.000360	0.000026
 - 	362	-0.001221	-0.000389	0.000042
 - 	363	-0.001289	-0.000406	0.000043
 - 	364	-0.001370	-0.000410	0.000033
 - 	365	-0.001444	-0.000409	0.000030
 - 	366	-0.001532	-0.000410	0.000030
 - 	367	-0.001599	-0.000415	0.000042
 - 	368	-0.001667	-0.000419	0.000053
 - 	369	-0.001762	-0.000419	0.000047
 - 	370	-0.001860	-0.000414	0.000028
 - 	371	-0.001974	-0.000412	0.000007
 - 	372	-0.002080	-0.000417	-0.000007
 - 	373	-0.002172	-0.000423	-0.000020
 - 	374	-0.002277	-0.000428	-0.000036
 - 	375	-0.002362	-0.000431	-0.000043
 - 	376	-0.002451	-0.000432	-0.000049
 - 	377	-0.002535	-0.000435	-0.000038
 - 	378	-0.002643	-0.000444	-0.000013
 - 	379	-0.002731	-0.000453	0.000022
 - 	380	-0.002808	-0.000456	0.000049
 - 	381	-0.002887	-0.000453	0.000064
 - 	382	-0.002963	-0.000443	0.000066
 - 	383	-0.003010	-0.000430	0.000067
 - 	384	-0.003062	-0.000417	0.000057
 - 	385	-0.003109	-0.000401	0.000040
 - 	386	-0.003153	-0.000385	0.000016
 - 	387	-0.003220	-0.000373	-0.000014
 - 	388	-0.003276	-0.000378	-0.000021
 - 	389	-0.003313	-0.000389	-0.000020
 - 	390	-0.003372	-0.000416	-0.000005
 - 	391	-0.003439	-0.000445	0.000004
 - 	392	-0.003528	-0.000472	-0.000001
 - 	393	-0.003650	-0.000497	-0.000018
 - 	394	-0.003762	-0.000526	-0.000029
 - 	395	-0.003906	-0.000556	-0.000047
 - 	396	-0.004031	-0.000589	-0.000061
 - 	397	-0.004158	-0.000628	-0.000069
 - 	398	-0.004302	-0.000675	-0.000073
 - 	399	-0.004416	-0.000718	-0.000074
 - 	400	-0.004531	-0.000750	-0.000085
 - 	401	-0.004618	-0.000765	-0.000104
 - 	402	-0.004707	-0.000770	-0.000127
 - 	403	-0.004790	-0.000758	-0.000160
 - 	404	-0.004890	-0.000744	-0.000192
 - 	405	-0.005008	-0.000719	-0.000230
 - 	406	-0.005137	-0.000685	-0.000272
 - 	407	-0.005291	-0.000652	-0.000312
 - 	408	-0.005437	-0.000616	-0.000352
 - 	409	-0.005601	-0.000588	-0.000385
 - 	410	-0.005768	-0.000570	-0.000411
 - 	411	-0.005911	-0.000557	-0.000429
 - 	412	-0.006029	-0.000541	-0.000446
 - 	413	-0.006111	-0.000523	-0.000457
 - 	414	-0.006160	-0.000495	-0.000470
 - 	415	-0.006193	-0.000463	-0.000482
 - 	416	-0.006204	-0.000424	-0.000498
 - 	417	-0.006196	-0.000370	-0.000521
 - 	418	-0.006169	-0.000318	-0.000542
 - 	419	-0.006129	-0.000278	-0.000555
 - 	420	-0.006077	-0.000250	-0.000563
 - 	421	-0.006014	-0.000243	-0.000560
 - 	422	-0.005973	-0.000262	-0.000547
 - 	423	-0.005935	-0.000315	-0.000521
 - 	424	-0.005904	-0.000386	-0.000489
 - 	425	-0.005898	-0.000478	-0.000452
 - 	426	-0.005894	-0.000580	-0.000413
 - 	427	-0.005919	-0.000701	-0.000368
 - 	428	-0.005953	-0.000835	-0.000319
 - 	429	-0.005989	-0.000979	-0.000267
 - 	430	-0.006007	-0.001126	-0.000213
 - 	431	-0.006008	-0.001261	-0.000162
 - 	432	-0.005980	-0.001386	-0.000115
 - 	433	-0.005943	-0.001490	-0.000075
 - 	434	-0.005864	-0.001564	-0.000044
 - 	435	-0.005751	-0.001610	-0.000019
 - 	436	-0.005576	-0.001625	-0.000001
 - 	437	-0.005344	-0.001611	0.000010
 - 	438	-0.005046	-0.001567	0.000014
 - 	439	-0.004657	-0.001486	0.000013
 - 	440	-0.004176	-0.001358	0.000006
 - 	441	-0.003602	-0.001179	-0.000005
 - 	442	-0.002917	-0.000947	-0.000018
 - 	443	-0.002168	-0.000658	-0.000037
 - 	444	-0.001396	-0.000316	-0.000064
 - 	445	-0.000698	0.000057	-0.000100
 - 	446	-0.000157	0.000430	-0.000146
 - 	447	-0.006836	-0.000834	0.000420
 - 	448	-0.009991	-0.002326	0.000726
 - 	449	-0.010322	-0.004857	0.001541
 - 	450	-0.006990	-0.006520	0.002378
 - 	451	-0.001480	-0.006017	0.002610
 - 	452	0.003615	-0.003556	0.002061
 - 	453	0.007476	-0.000644	0.001255
 - 	454	0.010388	0.001204	0.000686
 - 	455	0.011712	0.001862	0.000307
 - 	456	0.011111	0.002152	-0.000151
 - 	457	0.010101	0.002718	-0.000644
 - 	458	0.010348	0.003737	-0.001149
 - 	459	0.012253	0.005094	-0.001713
 - 	460	0.015135	0.006940	-0.002334
 - 	461	0.018005	0.008962	-0.002943
 - 	462	0.020352	0.010464	-0.003455
 - 	463	0.022006	0.011463	-0.003823
 - 	464	0.023045	0.012103	-0.004112
 - 	465	0.023782	0.012316	-0.004310
 - 	466	0.024400	0.012460	-0.004503
 - 	467	0.024651	0.012840	-0.004686
 - 	468	0.024770	0.013088	-0.004818
 - 	469	0.024856	0.013332	-0.004960
 - 	470	0.024849	0.013820	-0.005179
 - 	471	0.024925	0.014328	-0.005352
 - 	472	0.024943	0.014646	-0.005453
 - 	473	0.024949	0.015121	-0.005592
 - 	474	0.025072	0.015711	-0.005768
 - 	475	0.025098	0.016240	-0.005999
 - 	476	0.024909	0.016725	-0.006292
 - 	477	0.024773	0.017199	-0.006537
 - 	478	0.024903	0.017811	-0.006733
 - 	479	0.024960	0.018623	-0.006965
 - 	480	0.024972	0.019412	-0.007277
 - 	481	0.025167	0.019608	-0.007350
 - 	482	0.025428	0.019640	-0.007294
 - 	483	0.025813	0.020187	-0.007380
 - 	484	0.026308	0.020738	-0.007465
 - 	485	0.026871	0.021177	-0.007541
 - 	486	0.027113	0.021444	-0.007620
 - 	487	0.026961	0.021774	-0.007697
 - 	488	0.027213	0.022130	-0.007711
 - 	489	0.027529	0.022487	-0.007609
 - 	490	0.027595	0.022748	-0.007496
 - 	491	0.027591	0.023363	-0.007562
 - 	492	0.027621	0.024097	-0.007585
 - 	493	0.027570	0.024423	-0.007515
 - 	494	0.026995	0.024433	-0.007402
 - 	495	0.026397	0.024587	-0.007321
 - 	496	0.026067	0.024748	-0.007180
 - 	497	0.025801	0.024855	-0.007004
 - 	498	0.025295	0.024979	-0.006822
 - 	499	0.024623	0.025050	-0.006636
 - 	500	0.023818	0.025006	-0.006554
 - 	501	0.023279	0.025098	-0.006509
 - 	502	0.022879	0.025148	-0.006312
 - 	503	0.022252	0.025123	-0.006066
 - 	504	0.021695	0.025225	-0.005855
 - 	505	0.021149	0.025086	-0.005583
 - 	506	0.020324	0.024810	-0.005442
 - 	507	0.019465	0.024846	-0.005305
 - 	508	0.018944	0.024924	-0.004986
 - 	509	0.018477	0.024703	-0.004752
 - 	510	0.017874	0.024472	-0.004594
 - 	511	0.017222	0.024237	-0.004369
 - 	512	0.016504	0.023968	-0.004075
 - 	513	0.015738	0.023711	-0.003875
 - 	514	0.015054	0.023556	-0.003703
 - 	515	0.014541	0.023247	-0.003374
 - 	516	0.014052	0.022618	-0.003014
 - 	517	0.013610	0.022299	-0.002655
 - 	518	0.013162	0.022054	-0.002316
 - 	519	0.012607	0.021745	-0.002144
 - 	520	0.011974	0.021573	-0.001961
 - 	521	0.011303	0.021473	-0.001656
 - 	522	0.010760	0.021042	-0.001306
 - 	523	0.010190	0.020644	-0.001122
 - 	524	0.009703	0.020579	-0.001024
 - 	525	0.009260	0.020725	-0.000891
 - 	526	0.008834	0.020869	-0.000805
 - 	527	0.008418	0.020903	-0.000704
 - 	528	0.008078	0.020831	-0.000499
 - 	529	0.007611	0.020567	-0.000253
 - 	530	0.007204	0.020089	-0.000057
 - 	531	0.007105	0.019829	0.000079
 - 	532	0.007091	0.019506	0.000295
 - 	533	0.006881	0.018996	0.000504
 - 	534	0.006731	0.018683	0.000541
 - 	535	0.006584	0.018641	0.000622
 - 	536	0.006236	0.018763	0.000851
 - 	537	0.005896	0.018852	0.000964
 - 	538	0.005843	0.019024	0.000952
 - 	539	0.006014	0.019341	0.001021
 - 	540	0.006161	0.019256	0.001135
 - 	541	0.006143	0.018864	0.001354
 - 	542	0.006164	0.018690	0.001620
 - 	543	0.006332	0.018545	0.001860
 - 	544	0.006434	0.018295	0.001983
 - 	545	0.006427	0.018215	0.002127
 - 	546	0.006533	0.018109	0.002340
 - 	547	0.006570	0.017824	0.002490
 - 	548	0.006334	0.017943	0.002578
 - 	549	0.005952	0.018305	0.002724
 - 	550	0.005600	0.018650	0.002790
 - 	551	0.005233	0.018753	0.002780
 - 	552	0.005018	0.018974	0.002786
 - 	553	0.004944	0.019229	0.002897
 - 	554	0.004941	0.019218	0.003017
 - 	555	0.004826	0.019399	0.003038
 - 	556	0.004780	0.019398	0.003084
 - 	557	0.004560	0.019170	0.003221
 - 	558	0.004173	0.018947	0.003300
 - 	559	0.003756	0.018880	0.003366
 - 	560	0.003685	0.018780	0.003406
 - 	561	0.003576	0.018607	0.003430
 - 	562	0.003280	0.018531	0.003508
 - 	563	0.002929	0.018491	0.003573
 - 	564	0.002524	0.018525	0.003601
 - 	565	0.002184	0.018695	0.003631
 - 	566	0.002056	0.018951	0.003711
 - 	567	0.002144	0.019072	0.003810
 - 	568	0.002150	0.019074	0.003871
 - 	569	0.002159	0.019069	0.003917
 - 	570	0.002092	0.019054	0.003982
 - 	571	0.001965	0.019001	0.004036
 - 	572	0.001773	0.018842	0.004082
 - 	573	0.001671	0.018653	0.004115
 - 	574	0.001698	0.018568	0.004165
 - 	575	0.001687	0.018576	0.004238
 - 	576	0.001803	0.018601	0.004330
 - 	577	0.001869	0.018674	0.004350
 - 	578	0.001580	0.018668	0.004332
 - 	579	0.001461	0.018827	0.004398
 - 	580	0.001621	0.018969	0.004455
 - 	581	0.001773	0.019204	0.004465
 - 	582	0.001935	0.019464	0.004504
 - 	583	0.002016	0.019664	0.004495
 - 	584	0.001766	0.019985	0.004443
 - 	585	0.001549	0.020259	0.004488
 - 	586	0.001836	0.020271	0.004513
 - 	587	0.001990	0.020172	0.004372
 - 	588	0.001842	0.019995	0.004307
 - 	589	0.001838	0.019929	0.004324
 - 	590	0.002026	0.020206	0.004358
 - 	591	0.002331	0.020239	0.004328
 - 	592	0.002517	0.019862	0.004222
 - 	593	0.002780	0.019676	0.004175
 - 	594	0.003268	0.019652	0.004134
 - 	595	0.003589	0.019668	0.004091
 - 	596	0.003844	0.019539	0.004012
 - 	597	0.004291	0.019317	0.003802
 - 	598	0.004946	0.018980	0.003636
 - 	599	0.005588	0.018631	0.003517
 - 	600	0.006225	0.018518	0.003371
 - 	601	0.006923	0.018266	0.003255
 - 	602	0.007621	0.017725	0.003033
 - 	603	0.008135	0.017102	0.002803
 - 	604	0.008517	0.016544	0.002673
 - 	605	0.009004	0.016093	0.002503
 - 	606	0.009613	0.015564	0.002259
 - 	607	0.010479	0.014772	0.002046
 - 	608	0.011001	0.013727	0.001794
 - 	609	0.011145	0.012548	0.001476
 - 	610	0.011360	0.011088	0.001201
 - 	611	0.011412	0.009727	0.000927
 - 	612	0.011784	0.008636	0.000790
 - 	613	0.012180	0.007530	0.000837
 - 	614	0.012169	0.006482	0.000742
 - 	615	0.012195	0.005858	0.000559
 - 	616	0.012300	0.005173	0.000636
 - 	617	0.012465	0.004144	0.000790
 - 	618	0.012772	0.003076	0.000994
 - 	619	0.013051	0.002362	0.001218
 - 	620	0.012428	0.001865	0.001237
 - 	621	0.011574	0.001660	0.001142
 - 	622	0.010723	0.001596	0.001122
 - 	623	0.009770	0.001363	0.001211
 - 	624	0.009007	0.001366	0.001230
 - 	625	0.008299	0.001040	0.001288
 - 	626	0.007065	0.000450	0.001308
 - 	627	-0.003046	-0.001470	0.000751
 - 	628	-0.002973	-0.001493	0.000818
 - 	629	-0.002894	-0.001488	0.000871
 - 	630	-0.002847	-0.001460	0.000907
 - 	631	-0.002846	-0.001408	0.000924
 - 	632	-0.002864	-0.001342	0.000930
 - 	633	-0.002885	-0.001268	0.000928
 - 	634	-0.002887	-0.001204	0.000930
 - 	635	-0.002890	-0.001160	0.000943
 - 	636	-0.002876	-0.001141	0.000973
 - 	637	-0.002823	-0.001138	0.001018
 - 	638	-0.002734	-0.001143	0.001072
 - 	639	-0.002616	-0.001131	0.001112
 - 	640	-0.002476	-0.001098	0.001128
 - 	641	-0.002298	-0.001026	0.001104
 - 	642	-0.002102	-0.000925	0.001047
 - 	643	-0.001891	-0.000797	0.000960
 - 	644	-0.001679	-0.000656	0.000855
 - 	645	-0.001490	-0.000511	0.000738
 - 	646	-0.001340	-0.000375	0.000611
 - 	647	-0.001256	-0.000262	0.000492
 - 	648	-0.001218	-0.000173	0.000380
 - 	649	-0.001224	-0.000111	0.000280
 - 	650	-0.001258	-0.000070	0.000188
 - 	651	-0.001327	-0.000064	0.000125
 - 	652	-0.001432	-0.000088	0.000084
 - 	653	-0.001575	-0.000148	0.000078
 - 	654	-0.001738	-0.000229	0.000090
 - 	655	-0.001918	-0.000316	0.000104
 - 	656	-0.002076	-0.000400	0.000115
 - 	657	-0.002195	-0.000480	0.000129
 - 	658	-0.002271	-0.000561	0.000153
 - 	659	-0.002319	-0.000638	0.000179
 - 	660	-0.002367	-0.000697	0.000183
 - 	661	-0.002425	-0.000733	0.000155
 - 	662	-0.002485	-0.000756	0.000120
 - 	663	-0.002564	-0.000775	0.000088
 - 	664	-0.002639	-0.000790	0.000066
 - 	665	-0.002723	-0.000803	0.000061
 - 	666	-0.002802	-0.000815	0.000081
 - 	667	-0.002861	-0.000833	0.000145
 - 	668	-0.002890	-0.000847	0.000237
 - 	669	-0.002903	-0.000851	0.000329
 - 	670	-0.002919	-0.000851	0.000417
 - 	671	-0.002958	-0.000847	0.000481
 - 	672	-0.003004	-0.000842	0.000533
 - 	673	-0.003046	-0.000839	0.000578
 - 	674	-0.003091	-0.000845	0.000629
 - 	675	-0.003137	-0.000862	0.000690
 - 	676	-0.003179	-0.000892	0.000763
 - 	677	-0.003217	-0.000930	0.000837
 - 	678	-0.003255	-0.000976	0.000908
 - 	679	-0.003284	-0.001023	0.000968
 - 	680	-0.003312	-0.001071	0.001011
 - 	681	-0.003344	-0.001118	0.001031
 - 	682	-0.003395	-0.001163	0.001027
 - 	683	-0.003451	-0.001204	0.001001
 - 	684	-0.003523	-0.001243	0.000959
 - 	685	-0.003596	-0.001269	0.000899
 - 	686	-0.003671	-0.001268	0.000808
 - 	687	-0.003738	-0.001231	0.000690
 - 	688	-0.003799	-0.001156	0.000548
 - 	689	-0.003852	-0.001046	0.000396
 - 	690	-0.003878	-0.000930	0.000283
 - 	691	-0.003860	-0.000832	0.000231
 - 	692	-0.003781	-0.000789	0.000271
 - 	693	-0.003664	-0.000809	0.000390
 - 	694	-0.003536	-0.000875	0.000550
 - 	695	-0.003430	-0.000972	0.000724
 - 	696	-0.003360	-0.001060	0.000863
 - 	697	-0.003335	-0.001131	0.000964
 - 	698	-0.003347	-0.001163	0.001006
 - 	699	-0.003391	-0.001161	0.001005
 - 	700	-0.003444	-0.001130	0.000972
 - 	701	-0.003508	-0.001078	0.000917
 - 	702	-0.003573	-0.001022	0.000856
 - 	703	-0.003642	-0.000968	0.000798
 - 	704	-0.003708	-0.000935	0.000760
 - 	705	-0.003766	-0.000920	0.000738
 - 	706	-0.003809	-0.000922	0.000729
 - 	707	-0.003840	-0.000929	0.000719
 - 	708	-0.003879	-0.000930	0.000697
 - 	709	-0.003933	-0.000917	0.000657
 - 	710	-0.004004	-0.000888	0.000597
 - 	711	-0.004094	-0.000858	0.000530
 - 	712	-0.004199	-0.000834	0.000461
 - 	713	-0.004319	-0.000831	0.000402
 - 	714	-0.004449	-0.000852	0.000353
 - 	715	-0.004587	-0.000883	0.000305
 - 	716	-0.004731	-0.000918	0.000255
 - 	717	-0.004883	-0.000941	0.000193
 - 	718	-0.005050	-0.000942	0.000116
 - 	719	-0.005221	-0.000928	0.000033
 - 	720	-0.005384	-0.000883	-0.000063
 - 	721	-0.005535	-0.000809	-0.000167
 - 	722	-0.005684	-0.000714	-0.000273
 - 	723	-0.005832	-0.000612	-0.000374
 - 	724	-0.005986	-0.000518	-0.000463
 - 	725	-0.006141	-0.000438	-0.000538
 - 	726	-0.006300	-0.000387	-0.000594
 - 	727	-0.006460	-0.000364	-0.000633
 - 	728	-0.006630	-0.000366	-0.000660
 - 	729	-0.006818	-0.000387	-0.000676
 - 	730	-0.007025	-0.000443	-0.000678
 - 	731	-0.007247	-0.000538	-0.000667
 - 	732	-0.007478	-0.000666	-0.000645
 - 	733	-0.007715	-0.000806	-0.000616
 - 	734	-0.007949	-0.000941	-0.000585
 - 	735	-0.008164	-0.001044	-0.000558
 - 	736	-0.008338	-0.001091	-0.000539
 - 	737	-0.008448	-0.001073	-0.000527
 - 	738	-0.008481	-0.000989	-0.000521
 - 	739	-0.008394	-0.000864	-0.000514
 - 	740	-0.008160	-0.000721	-0.000499
 - 	741	-0.007744	-0.000598	-0.000469
 - 	742	-0.007118	-0.000503	-0.000422
 - 	743	-0.006259	-0.000419	-0.000357
 - 	744	-0.005169	-0.000326	-0.000278
 - 	745	-0.003867	-0.000205	-0.000189
 - 	746	-0.002392	-0.000064	-0.000093
 - 	747	-0.000829	0.000064	0.000010
 - 	748	0.000701	0.000158	0.000114
 - 	749	0.002059	0.000233	0.000207
 - 	750	0.003113	0.000292	0.000275
 - 	751	0.003761	0.000343	0.000311
 - 	752	0.003956	0.000384	0.000311
 - 	753	0.003727	0.000419	0.000277
 - 	754	0.003161	0.000469	0.000216
 - 	755	0.002395	0.000542	0.000139
 - 	756	0.001546	0.000652	0.000053
 - 	757	0.000747	0.000803	-0.000032
 - 	758	0.000073	0.001005	-0.000114
 - 	759	-0.000461	0.001211	-0.000188
 - 	760	-0.000891	0.001334	-0.000245
 - 	761	-0.001254	0.001332	-0.000277
 - 	762	-0.001553	0.001192	-0.000282
 - 	763	-0.001777	0.000936	-0.000260
 - 	764	-0.001920	0.000587	-0.000210
 - 	765	-0.001994	0.000170	-0.000137
 - 	766	-0.002011	-0.000282	-0.000049
 - 	767	-0.001990	-0.000731	0.000045
 - 	768	-0.001950	-0.001137	0.000140
 - 	769	-0.001915	-0.001459	0.000223
 - 	770	-0.001879	-0.001678	0.000289
 - 	771	-0.001838	-0.001797	0.000336
 - 	772	-0.001783	-0.001817	0.000362
 - 	773	-0.001712	-0.001757	0.000367
 - 	774	-0.001621	-0.001631	0.000352
 - 	775	-0.001509	-0.001462	0.000322
 - 	776	-0.001381	-0.001282	0.000285
 - 	777	-0.001240	-0.001114	0.000248
 - 	778	-0.001095	-0.000967	0.000211
 - 	779	-0.000954	-0.000850	0.000177
 - 	780	-0.000819	-0.000757	0.000144
 - 	781	-0.000704	-0.000680	0.000112
 - 	782	-0.000607	-0.000626	0.000084
 - 	783	-0.000532	-0.000589	0.000061
 - 	784	-0.000464	-0.000574	0.000049
 - 	785	-0.000402	-0.000557	0.000044
 - 	786	-0.000342	-0.000529	0.000046
 - 	787	-0.000301	-0.000473	0.000050
 - 	788	-0.000268	-0.000402	0.000058
 - 	789	-0.000232	-0.000330	0.000074
 - 	790	-0.000189	-0.000278	0.000096
 - 	791	-0.000135	-0.000277	0.000128
 - 	792	-0.000072	-0.000342	0.000171
 - 	793	-0.000022	-0.000452	0.000214
 - 	794	0.000017	-0.000568	0.000249
 - 	795	0.000016	-0.000654	0.000265
 - 	796	-0.000019	-0.000709	0.000268
 - 	797	-0.000086	-0.000739	0.000260
 - 	798	-0.000167	-0.000752	0.000246
 - 	799	-0.000252	-0.000751	0.000226
 - 	800	-0.000325	-0.000735	0.000200
 - 	801	-0.000381	-0.000706	0.000171
 - 	802	-0.000409	-0.000674	0.000141
 - 	803	-0.000431	-0.000646	0.000115
 - 	804	-0.000456	-0.000638	0.000095
 - 	805	-0.000481	-0.000657	0.000086
 - 	806	-0.000508	-0.000695	0.000086
 - 	807	-0.000544	-0.000733	0.000092
 - 	808	-0.000574	-0.000753	0.000102
 - 	809	-0.000599	-0.000726	0.000107
 - 	810	-0.000626	-0.000679	0.000110
 - 	811	-0.000666	-0.000623	0.000107
 - 	812	-0.000717	-0.000591	0.000104
 - 	813	-0.000790	-0.000573	0.000098
 - 	814	-0.000861	-0.000575	0.000093
 - 	815	-0.000932	-0.000589	0.000090
 - 	816	-0.000988	-0.000605	0.000086
 - 	817	-0.001025	-0.000618	0.000083
 - 	818	-0.001044	-0.000625	0.000079
 - 	819	-0.001058	-0.000624	0.000075
 - 	820	-0.001068	-0.000626	0.000073
 - 	821	-0.001073	-0.000627	0.000072
 - 	822	-0.001078	-0.000625	0.000071
 - 	823	-0.001078	-0.000624	0.000072
 - 	824	-0.001082	-0.000616	0.000074
 - 	825	-0.001082	-0.000601	0.000076
 - 	826	-0.001071	-0.000588	0.000081
 - 	827	-0.001064	-0.000572	0.000086
 - 	828	-0.001063	-0.000562	0.000092
 - 	829	-0.001091	-0.000561	0.000096
 - 	830	-0.001134	-0.000562	0.000096
 - 	831	-0.001192	-0.000586	0.000094
 - 	832	-0.001251	-0.000656	0.000091
 - 	833	-0.001292	-0.000788	0.000088
 - 	834	-0.001317	-0.000984	0.000083
 - 	835	-0.001327	-0.001201	0.000077
 - 	836	-0.001333	-0.001355	0.000071
 - 	837	-0.001339	-0.001395	0.000060
 - 	838	-0.001344	-0.001354	0.000050
 - 	839	-0.001353	-0.001274	0.000042
 - 	840	-0.001359	-0.001195	0.000040
 - 	841	-0.001364	-0.001135	0.000044
 - 	842	-0.001367	-0.001093	0.000053
 - 	843	-0.001373	-0.001064	0.000062
 - 	844	-0.001378	-0.001044	0.000070
 - 	845	-0.001377	-0.001032	0.000077
 - 	846	-0.001370	-0.001026	0.000083
 - 	847	-0.001349	-0.001029	0.000090
 - 	848	-0.001334	-0.001036	0.000095
 - 	849	-0.001320	-0.001041	0.000099
 - 	850	-0.001318	-0.001054	0.000103
 - 	851	-0.001315	-0.001059	0.000105
 - 	852	-0.001319	-0.001061	0.000103
 - 	853	-0.001329	-0.001056	0.000097
 - 	854	-0.001360	-0.001047	0.000087
 - 	855	-0.001414	-0.001037	0.000076
 - 	856	-0.001482	-0.001028	0.000064
 - 	857	-0.001551	-0.001011	0.000050
 - 	858	-0.001601	-0.000983	0.000031
 - 	859	-0.001644	-0.000947	0.000009
 - 	860	-0.001693	-0.000895	-0.000018
 - 	861	-0.001767	-0.000827	-0.000045
 - 	862	-0.001870	-0.000729	-0.000075
 - 	863	-0.001991	-0.000598	-0.000101
 - 	864	-0.002116	-0.000418	-0.000123
 - 	865	-0.002210	-0.000197	-0.000139
 - 	866	-0.002241	0.000018	-0.000148
 - 	867	-0.002204	0.000157	-0.000150
 - 	868	-0.002119	0.000208	-0.000145
 - 	869	-0.002023	0.000181	-0.000130
 - 	870	-0.001942	0.000108	-0.000108
 - 	871	-0.001877	-0.000001	-0.000079
 - 	872	-0.001831	-0.000128	-0.000046
 - 	873	-0.001810	-0.000268	-0.000006
 - 	874	-0.001825	-0.000404	0.000035
 - 	875	-0.001865	-0.000525	0.000078
 - 	876	-0.001922	-0.000605	0.000113
 - 	877	-0.001955	-0.000630	0.000135
 - 	878	-0.001933	-0.000598	0.000139
 - 	879	-0.001864	-0.000516	0.000121
 - 	880	-0.001771	-0.000405	0.000087
 - 	881	-0.001684	-0.000274	0.000039
 - 	882	-0.001618	-0.000129	-0.000020
 - 	883	-0.001574	0.000021	-0.000085
 - 	884	-0.001554	0.000171	-0.000156
 - 	885	-0.001557	0.000330	-0.000231
 - 	886	-0.001576	0.000507	-0.000311
 - 	887	-0.001589	0.000693	-0.000397
 - 	888	-0.001579	0.000882	-0.000487
 - 	889	-0.001561	0.001086	-0.000576
 - 	890	-0.001548	0.001285	-0.000657
 - 	891	-0.001551	0.001416	-0.000714
 - 	892	-0.001579	0.001445	-0.000740
 - 	893	-0.001641	0.001354	-0.000724
 - 	894	-0.001742	0.001161	-0.000669
 - 	895	-0.001866	0.000898	-0.000581
 - 	896	-0.002027	0.000585	-0.000464
 - 	897	-0.002207	0.000255	-0.000329
 - 	898	-0.002404	-0.000082	-0.000177
 - 	899	-0.002609	-0.000392	-0.000021
 - 	900	-0.002811	-0.000659	0.000134
 - 	901	-0.003010	-0.000857	0.000272
 - 	902	-0.003206	-0.001012	0.000399
 - 	903	-0.003396	-0.001138	0.000516
 - 	904	-0.003545	-0.001230	0.000619
 - 	905	-0.003659	-0.001288	0.000706
 - 	906	-0.003712	-0.001324	0.000785
 - 	907	-0.003676	-0.001335	0.000853
 - 	908	-0.003548	-0.001325	0.000912
 - 	909	-0.003329	-0.001295	0.000962
 - 	910	-0.003060	-0.001248	0.001004
 - 	911	-0.002757	-0.001180	0.001034
 - 	912	-0.002454	-0.001124	0.001067
 - 	913	-0.002177	-0.001106	0.001120
 - 	914	-0.001927	-0.001090	0.001162
 - 	915	-0.001684	-0.001033	0.001163
 - 	916	-0.001446	-0.000932	0.001107
 - 	917	-0.001232	-0.000825	0.001024
 - 	918	-0.001038	-0.000720	0.000922
 - 	919	-0.000884	-0.000623	0.000807
 - 	920	-0.000803	-0.000543	0.000685
 - 	921	-0.000810	-0.000477	0.000560
 - 	922	-0.000841	-0.000414	0.000435
 - 	923	-0.000862	-0.000342	0.000307
 - 	924	-0.000894	-0.000276	0.000189
 - 	925	-0.000965	-0.000247	0.000112
 - 	926	-0.001042	-0.000241	0.000062
 - 	927	-0.001108	-0.000252	0.000030
 - 	928	-0.001182	-0.000276	0.000008
 - 	929	-0.001269	-0.000320	0.000009
 - 	930	-0.001348	-0.000377	0.000031
 - 	931	-0.001388	-0.000436	0.000067
 - 	932	-0.001393	-0.000494	0.000116
 - 	933	-0.001361	-0.000537	0.000163
 - 	934	-0.001310	-0.000555	0.000194
 - 	935	-0.001263	-0.000544	0.000199
 - 	936	-0.001224	-0.000537	0.000211
 - 	937	-0.001192	-0.000559	0.000258
 - 	938	-0.001183	-0.000601	0.000324
 - 	939	-0.001235	-0.000619	0.000349
 - 	940	-0.001355	-0.000587	0.000301
 - 	941	-0.001527	-0.000498	0.000182
 - 	942	-0.001694	-0.000351	0.000006
 - 	943	-0.001841	-0.000150	-0.000215
 - 	944	-0.001938	0.000091	-0.000460
 - 	945	-0.002015	0.000334	-0.000692
 - 	946	-0.002077	0.000540	-0.000874
 - 	947	-0.002146	0.000661	-0.000959
 - 	948	-0.002263	0.000649	-0.000907
 - 	949	-0.002391	0.000490	-0.000709
 - 	950	-0.002498	0.000224	-0.000414
 - 	951	-0.002603	-0.000053	-0.000128
 - 	952	-0.002727	-0.000254	0.000062
 - 	953	-0.002850	-0.000370	0.000152
 - 	954	-0.002922	-0.000432	0.000181
 - 	955	-0.002882	-0.000464	0.000183
 - 	956	-0.002704	-0.000488	0.000194
 - 	957			
 - 	958			
 - 	959			
 - 	960			
 - 	961			
 - 	962			
 - 	963			
 - 	964			
 - 	965			
 - 	966			
 - 	967			
 - 	968			
 - 	969			
 - 	970			
 - 	971			
 - 	972			
 - 	973			
 - 	974			
 - 	975			
 - 	976			
 - 	977			
 - 	978			
 - 	979			
 - 	980			
 - 	981			
 - 	982			
 - 	983			
 - 	984			
 - 	985			
 - 	986			
 - 	987			
 - 	988			
 - 	989			
 - 	990			
 - 	991			
 - 	992			
 - 	993			
 - 	994			
 - 	995			
 - 	996			
 - 	997			
 - 	998			
 - 	999			
 - 	1000			
 - 	1001			
 - 	1002			
 - 	1003			
 - 	1004			
 - 	1005			
 - 	1006			
 - 	1007			
 - 	1008			
 - 	1009			
 - 	1010			
 - 	1011			
 - 	1012			
 - 	1013			
 - 	1014			
 - 	1015			
 - 	1016			
 - 	1017			
 - 	1018			
 - 	1019			
 - 	1020			
 - 	1021			
 - 	1022			
 - 	1023			
 - 	1024			
 - 	1025			
 - 	1026			
 - 	1027			
 - 	1028			
 - 	1029			
 - 	1030			
 - 	1031			
 - 	1032			
 - 	1033			
 - 	1034			
 - 	1035			
 - 	1036			
 - 	1037			
 - 	1038			
 - 	1039			
 - 	1040			
 - 	1041			
 - 	1042			
 - 	1043			
 - 	1044			
 - 	1045			
 - 	1046			
 - 	1047			
 - 	1048			
 - 	1049			
 - 	1050			
 - 	1051			
 - 	1052			
 - 	1053			
 - 	1054			
 - 	1055			
 - 	1056			
 - 	1057			
 - 	1058			
 - 	1059			
 - 	1060			
 - 	1061			
 - 	1062			
 - 	1063			
 - 	1064			
 - 	1065			
 - 	1066			
 - 	1067			
 - 	1068			
 - 	1069			
 - 	1070			
 - 	1071			
 - 	1072			
 - 	1073			
 - 	1074			
 - 	1075			
 - 	1076			
 - 	1077			
 - 	1078			
 - 	1079			
 - 	1080			
 - 	1081			
 - 	1082			
 - 	1083			
 - 	1084			
 - 	1085			
 - 	1086			
 - 	1087			
 - 	1088			
 - 	1089			
 - 	1090			
 - 	1091			
 - 	1092			
 - 	1093			
 - 	1094			
 - 	1095			
 - 	1096			
 - 	1097			
 - 	1098			
 - 	1099			
 - 	1100			
 - 	1101			
 - 	1102			
 - 	1103			
 - 	1104			
 - 	1105			
 - 	1106			
 - 	1107			
 - 	1108			
 - 	1109			
 - 	1110			
 - 	1111			
 - 	1112			
 - 	1113			
 - 	1114			
 - 	1115			
 - 	1116			
 - 	1117			
 - 	1118			
 - 	1119			
 - 	1120			
 - 	1121			
 - 	1122			
 - 	1123			
 - 	1124			
 - 	1125			
 - 	1126			
 - 	1127			
 - 	1128			
 - 	1129			
 - 	1130			
 - 	1131			
 - 	1132			
 - 	1133			
 - 	1134			
 - 	1135			
 - 	1136			
 - 	1137			
 - 	1138			
 - 	1139			
 - 	1140			
 - 	1141			
 - 	1142			
 - 	1143			
 - 	1144			
 - 	1145			
 - 	1146			
 - 	1147			
 - 	1148			
 - 	1149			
 - 	1150			
 - 	1151			
 - 	1152			
 - 	1153			
 - 	1154			
 - 	1155			
 - 	1156			
 - 	1157			
 - 	1158			
 - 	1159			
 - 	1160			
 - 	1161			
 - 	1162			
 - 	1163			
 - 	1164			
 - 	1165			
 - 	1166			
 - 	1167			
 - 	1168			
 - 	1169			
 - 	1170			
 - 	1171			
 - 	1172			
 - 	1173			
 - 	1174			
 - 	1175			
 - 	1176			
 - 	1177			
 - 	1178			
 - 	1179			
 - 	1180			
 - 	1181			
 - 	1182			
 - 	1183			
 - 	1184			
 - 	1185			
 - 	1186			
 - 	1187			
 - 	1188			
 - 	1189			
 - 	1190			
 - 	1191			
 - 	1192			
 - 	1193			
 - 	1194			
 - 	1195			
 - 	1196			
 - 	1197			
 - 	1198			
 - 	1199			
 - 	1200			
 - 	1201			
 - 	1202			
 - 	1203			
 - 	1204			
 - 	1205			
 - 	1206			
 - 	1207			
 - 	1208			
 - 	1209			
 - 	1210			
 - 	1211			
 - 	1212			
 - 	1213			
 - 	1214			
 - 	1215			
 - 	1216			
 - 	1217			
 - 	1218			
 - 	1219			
 - 	1220			
 - 	1221			
 - 	1222			
 - 	1223			
 - 	1224			
 - 	1225			
 - 	1226			
 - 	1227			
 - 	1228			
 - 	1229			
 - 	1230			
 - 	1231			
 - 	1232			
 - 	1233			
 - 	1234			
 - 	1235			
