RKNE_MOMENT
File	Frame	X 	Y 	Z 
Trial_10.filtered_40.c3d	1			
 - 	2			
 - 	3	0.002412	0.000595	-0.000043
 - 	4	0.002422	0.000583	-0.000043
 - 	5	0.002421	0.000575	-0.000042
 - 	6	0.002415	0.000573	-0.000042
 - 	7	0.002403	0.000574	-0.000042
 - 	8	0.002389	0.000579	-0.000042
 - 	9	0.002365	0.000582	-0.000041
 - 	10	0.002344	0.000583	-0.000040
 - 	11	0.002335	0.000577	-0.000039
 - 	12	0.002321	0.000567	-0.000036
 - 	13	0.002326	0.000557	-0.000035
 - 	14	0.002341	0.000550	-0.000034
 - 	15	0.002362	0.000546	-0.000035
 - 	16	0.002386	0.000549	-0.000037
 - 	17	0.002422	0.000554	-0.000040
 - 	18	0.002439	0.000566	-0.000042
 - 	19	0.002448	0.000573	-0.000046
 - 	20	0.002463	0.000579	-0.000049
 - 	21	0.002473	0.000587	-0.000049
 - 	22	0.002469	0.000589	-0.000049
 - 	23	0.002474	0.000590	-0.000047
 - 	24	0.002459	0.000591	-0.000045
 - 	25	0.002448	0.000589	-0.000043
 - 	26	0.002429	0.000586	-0.000041
 - 	27	0.002422	0.000577	-0.000040
 - 	28	0.002406	0.000564	-0.000038
 - 	29	0.002407	0.000549	-0.000038
 - 	30	0.002404	0.000533	-0.000038
 - 	31	0.002411	0.000520	-0.000037
 - 	32	0.002407	0.000515	-0.000037
 - 	33	0.002407	0.000516	-0.000037
 - 	34	0.002413	0.000519	-0.000037
 - 	35	0.002420	0.000522	-0.000036
 - 	36	0.002427	0.000528	-0.000036
 - 	37	0.002430	0.000538	-0.000038
 - 	38	0.002435	0.000548	-0.000040
 - 	39	0.002446	0.000558	-0.000042
 - 	40	0.002449	0.000569	-0.000045
 - 	41	0.002462	0.000577	-0.000047
 - 	42	0.002464	0.000584	-0.000048
 - 	43	0.002457	0.000585	-0.000047
 - 	44	0.002452	0.000584	-0.000046
 - 	45	0.002435	0.000579	-0.000043
 - 	46	0.002433	0.000575	-0.000040
 - 	47	0.002407	0.000568	-0.000038
 - 	48	0.002399	0.000562	-0.000036
 - 	49	0.002381	0.000555	-0.000035
 - 	50	0.002367	0.000547	-0.000035
 - 	51	0.002375	0.000541	-0.000035
 - 	52	0.002374	0.000533	-0.000036
 - 	53	0.002392	0.000527	-0.000038
 - 	54	0.002413	0.000518	-0.000039
 - 	55	0.002419	0.000512	-0.000040
 - 	56	0.002438	0.000512	-0.000042
 - 	57	0.002432	0.000518	-0.000044
 - 	58	0.002433	0.000527	-0.000045
 - 	59	0.002429	0.000533	-0.000046
 - 	60	0.002423	0.000538	-0.000045
 - 	61	0.002415	0.000542	-0.000043
 - 	62	0.002412	0.000543	-0.000042
 - 	63	0.002407	0.000544	-0.000040
 - 	64	0.002410	0.000543	-0.000039
 - 	65	0.002406	0.000546	-0.000039
 - 	66	0.002419	0.000551	-0.000038
 - 	67	0.002423	0.000550	-0.000039
 - 	68	0.002403	0.000575	-0.000038
 - 	69	0.002446	0.000549	-0.000039
 - 	70	0.002444	0.000550	-0.000041
 - 	71	0.002448	0.000551	-0.000038
 - 	72	0.002442	0.000553	-0.000041
 - 	73	0.002432	0.000551	-0.000038
 - 	74	0.002443	0.000514	-0.000034
 - 	75	0.002414	0.000538	-0.000037
 - 	76	0.002409	0.000532	-0.000038
 - 	77	0.002409	0.000527	-0.000037
 - 	78	0.002421	0.000525	-0.000038
 - 	79	0.002434	0.000526	-0.000039
 - 	80	0.002450	0.000526	-0.000040
 - 	81	0.002463	0.000523	-0.000040
 - 	82	0.002475	0.000523	-0.000040
 - 	83	0.002471	0.000525	-0.000039
 - 	84	0.002471	0.000533	-0.000039
 - 	85	0.002453	0.000547	-0.000041
 - 	86	0.002437	0.000557	-0.000041
 - 	87	0.002429	0.000564	-0.000041
 - 	88	0.002415	0.000565	-0.000040
 - 	89	0.002407	0.000565	-0.000039
 - 	90	0.002400	0.000563	-0.000038
 - 	91	0.002397	0.000557	-0.000037
 - 	92	0.002390	0.000544	-0.000036
 - 	93	0.002395	0.000529	-0.000034
 - 	94	0.002398	0.000515	-0.000032
 - 	95	0.002409	0.000504	-0.000032
 - 	96	0.002419	0.000500	-0.000033
 - 	97	0.002423	0.000504	-0.000034
 - 	98	0.002438	0.000506	-0.000037
 - 	99	0.002440	0.000509	-0.000039
 - 	100	0.002438	0.000513	-0.000042
 - 	101	0.002440	0.000518	-0.000044
 - 	102	0.002437	0.000524	-0.000044
 - 	103	0.002439	0.000530	-0.000045
 - 	104	0.002436	0.000536	-0.000044
 - 	105	0.002425	0.000542	-0.000044
 - 	106	0.002440	0.000550	-0.000043
 - 	107	0.002426	0.000557	-0.000041
 - 	108	0.002424	0.000564	-0.000040
 - 	109	0.002420	0.000567	-0.000038
 - 	110	0.002403	0.000568	-0.000037
 - 	111	0.002401	0.000563	-0.000034
 - 	112	0.002387	0.000555	-0.000032
 - 	113	0.002391	0.000547	-0.000031
 - 	114	0.002386	0.000538	-0.000031
 - 	115	0.002389	0.000524	-0.000032
 - 	116	0.002410	0.000510	-0.000034
 - 	117	0.002435	0.000497	-0.000037
 - 	118	0.002463	0.000487	-0.000040
 - 	119	0.002495	0.000483	-0.000043
 - 	120	0.002529	0.000480	-0.000044
 - 	121	0.002538	0.000482	-0.000045
 - 	122	0.002527	0.000491	-0.000044
 - 	123	0.002506	0.000504	-0.000043
 - 	124	0.002471	0.000518	-0.000042
 - 	125	0.002444	0.000525	-0.000041
 - 	126	0.002423	0.000528	-0.000040
 - 	127	0.002409	0.000526	-0.000039
 - 	128	0.002396	0.000520	-0.000037
 - 	129	0.002399	0.000516	-0.000036
 - 	130	0.002390	0.000511	-0.000036
 - 	131	0.002398	0.000507	-0.000036
 - 	132	0.002402	0.000499	-0.000036
 - 	133	0.002407	0.000489	-0.000035
 - 	134	0.002426	0.000476	-0.000036
 - 	135	0.002466	0.000463	-0.000036
 - 	136	0.002490	0.000450	-0.000037
 - 	137	0.002534	0.000445	-0.000038
 - 	138	0.002540	0.000444	-0.000040
 - 	139	0.002559	0.000447	-0.000041
 - 	140	0.002568	0.000459	-0.000042
 - 	141	0.002557	0.000472	-0.000043
 - 	142	0.002542	0.000489	-0.000043
 - 	143	0.002522	0.000504	-0.000042
 - 	144	0.002511	0.000510	-0.000043
 - 	145	0.002498	0.000511	-0.000041
 - 	146	0.002490	0.000509	-0.000039
 - 	147	0.002491	0.000507	-0.000037
 - 	148	0.002491	0.000507	-0.000036
 - 	149	0.002487	0.000509	-0.000035
 - 	150	0.002467	0.000508	-0.000034
 - 	151	0.002458	0.000504	-0.000032
 - 	152	0.002436	0.000497	-0.000030
 - 	153	0.002425	0.000488	-0.000029
 - 	154	0.002418	0.000482	-0.000030
 - 	155	0.002409	0.000476	-0.000031
 - 	156	0.002390	0.000474	-0.000033
 - 	157	0.002381	0.000476	-0.000035
 - 	158	0.002369	0.000477	-0.000038
 - 	159	0.002371	0.000478	-0.000039
 - 	160	0.002357	0.000478	-0.000041
 - 	161	0.002348	0.000479	-0.000042
 - 	162	0.002343	0.000481	-0.000042
 - 	163	0.002335	0.000482	-0.000042
 - 	164	0.002318	0.000482	-0.000042
 - 	165	0.002324	0.000484	-0.000042
 - 	166	0.002301	0.000489	-0.000042
 - 	167	0.002315	0.000497	-0.000043
 - 	168	0.002315	0.000505	-0.000043
 - 	169	0.002320	0.000509	-0.000042
 - 	170	0.002334	0.000509	-0.000041
 - 	171	0.002354	0.000503	-0.000040
 - 	172	0.002360	0.000491	-0.000037
 - 	173	0.002380	0.000478	-0.000036
 - 	174	0.002401	0.000466	-0.000035
 - 	175	0.002419	0.000458	-0.000036
 - 	176	0.002436	0.000452	-0.000036
 - 	177	0.002453	0.000447	-0.000036
 - 	178	0.002461	0.000446	-0.000037
 - 	179	0.002463	0.000449	-0.000038
 - 	180	0.002456	0.000457	-0.000039
 - 	181	0.002441	0.000467	-0.000041
 - 	182	0.002442	0.000476	-0.000042
 - 	183	0.002420	0.000481	-0.000042
 - 	184	0.002428	0.000480	-0.000041
 - 	185	0.002430	0.000477	-0.000039
 - 	186	0.002438	0.000472	-0.000037
 - 	187	0.002453	0.000472	-0.000035
 - 	188	0.002478	0.000476	-0.000033
 - 	189	0.002486	0.000485	-0.000030
 - 	190	0.002517	0.000490	-0.000029
 - 	191	0.002515	0.000494	-0.000028
 - 	192	0.002537	0.000493	-0.000028
 - 	193	0.002534	0.000490	-0.000029
 - 	194	0.002555	0.000482	-0.000031
 - 	195	0.002546	0.000473	-0.000032
 - 	196	0.002540	0.000451	-0.000032
 - 	197	0.002523	0.000424	-0.000030
 - 	198	0.002489	0.000394	-0.000024
 - 	199	0.002456	0.000367	-0.000017
 - 	200	0.002399	0.000342	-0.000008
 - 	201	0.002356	0.000328	-0.000001
 - 	202	0.002335	0.000328	0.000003
 - 	203	0.002315	0.000340	0.000002
 - 	204	0.002330	0.000362	-0.000004
 - 	205	0.002350	0.000389	-0.000013
 - 	206	0.002406	0.000419	-0.000025
 - 	207	0.002448	0.000441	-0.000035
 - 	208	0.002430	0.000441	-0.000037
 - 	209	0.002373	0.000422	-0.000034
 - 	210	0.002335	0.000395	-0.000033
 - 	211	0.002336	0.000372	-0.000037
 - 	212	0.002382	0.000354	-0.000046
 - 	213	0.002401	0.000331	-0.000054
 - 	214	0.002395	0.000302	-0.000056
 - 	215	0.002339	0.000267	-0.000053
 - 	216	0.002257	0.000238	-0.000045
 - 	217	0.002157	0.000224	-0.000034
 - 	218	0.002075	0.000231	-0.000025
 - 	219	0.002021	0.000256	-0.000019
 - 	220	0.002000	0.000294	-0.000016
 - 	221	0.001987	0.000337	-0.000012
 - 	222	0.001958	0.000382	-0.000006
 - 	223	0.001941	0.000418	-0.000000
 - 	224	0.001916	0.000436	0.000005
 - 	225	0.001885	0.000438	0.000008
 - 	226	0.001864	0.000423	0.000009
 - 	227	0.001838	0.000398	0.000009
 - 	228	0.001821	0.000367	0.000007
 - 	229	0.001813	0.000328	0.000002
 - 	230	0.001813	0.000282	-0.000004
 - 	231	0.001814	0.000234	-0.000012
 - 	232	0.001784	0.000194	-0.000018
 - 	233	0.001757	0.000165	-0.000023
 - 	234	0.001678	0.000156	-0.000023
 - 	235	0.001564	0.000163	-0.000018
 - 	236	0.001427	0.000180	-0.000011
 - 	237	0.001297	0.000190	-0.000003
 - 	238	0.001200	0.000186	0.000001
 - 	239	0.001122	0.000167	0.000004
 - 	240	0.001064	0.000132	0.000003
 - 	241	0.000994	0.000085	0.000001
 - 	242	0.000961	0.000031	-0.000006
 - 	243	0.000941	-0.000021	-0.000015
 - 	244	0.000939	-0.000057	-0.000023
 - 	245	0.000926	-0.000074	-0.000027
 - 	246	0.000923	-0.000069	-0.000027
 - 	247	0.000887	-0.000052	-0.000022
 - 	248	0.000843	-0.000033	-0.000017
 - 	249	0.000803	-0.000019	-0.000014
 - 	250	0.000754	-0.000016	-0.000012
 - 	251	0.000700	-0.000021	-0.000012
 - 	252	0.000663	-0.000034	-0.000016
 - 	253	0.000594	-0.000056	-0.000023
 - 	254	0.000518	-0.000093	-0.000038
 - 	255	0.000449	-0.000142	-0.000058
 - 	256	0.000355	-0.000196	-0.000078
 - 	257	0.000269	-0.000240	-0.000094
 - 	258	0.000134	-0.000267	-0.000100
 - 	259	0.000003	-0.000280	-0.000099
 - 	260	-0.000142	-0.000277	-0.000089
 - 	261	-0.000272	-0.000264	-0.000076
 - 	262	-0.000399	-0.000249	-0.000061
 - 	263	-0.000519	-0.000232	-0.000047
 - 	264	-0.000601	-0.000208	-0.000033
 - 	265	-0.000689	-0.000181	-0.000019
 - 	266	-0.000713	-0.000151	-0.000008
 - 	267	-0.000737	-0.000118	0.000004
 - 	268	-0.000738	-0.000083	0.000014
 - 	269	-0.000732	-0.000045	0.000023
 - 	270	-0.000740	-0.000009	0.000031
 - 	271	-0.000755	0.000019	0.000039
 - 	272	-0.000781	0.000038	0.000044
 - 	273	-0.000798	0.000051	0.000048
 - 	274	-0.000801	0.000054	0.000048
 - 	275	-0.000822	0.000048	0.000047
 - 	276	-0.000790	0.000037	0.000043
 - 	277	-0.000792	0.000017	0.000039
 - 	278	-0.000780	-0.000008	0.000034
 - 	279	-0.000755	-0.000042	0.000027
 - 	280	-0.000752	-0.000091	0.000019
 - 	281	-0.000720	-0.000151	0.000006
 - 	282	-0.000693	-0.000214	-0.000008
 - 	283	-0.000665	-0.000267	-0.000019
 - 	284	-0.000632	-0.000301	-0.000028
 - 	285	-0.000600	-0.000316	-0.000033
 - 	286	-0.000542	-0.000325	-0.000038
 - 	287	-0.000486	-0.000336	-0.000041
 - 	288	-0.000416	-0.000353	-0.000046
 - 	289	-0.000344	-0.000369	-0.000050
 - 	290	-0.000269	-0.000380	-0.000052
 - 	291	-0.000181	-0.000381	-0.000053
 - 	292	-0.000093	-0.000375	-0.000053
 - 	293	0.000001	-0.000367	-0.000054
 - 	294	0.000099	-0.000363	-0.000056
 - 	295	0.000215	-0.000369	-0.000061
 - 	296	0.000320	-0.000385	-0.000065
 - 	297	0.000426	-0.000410	-0.000069
 - 	298	0.000529	-0.000443	-0.000071
 - 	299	0.000625	-0.000481	-0.000072
 - 	300	0.000699	-0.000524	-0.000072
 - 	301	0.000763	-0.000562	-0.000069
 - 	302	0.000791	-0.000588	-0.000066
 - 	303	0.000774	-0.000599	-0.000062
 - 	304	0.000744	-0.000593	-0.000057
 - 	305	0.000659	-0.000583	-0.000050
 - 	306	0.000575	-0.000574	-0.000043
 - 	307	0.000445	-0.000574	-0.000033
 - 	308	0.000339	-0.000575	-0.000025
 - 	309	0.000235	-0.000575	-0.000017
 - 	310	0.000148	-0.000580	-0.000012
 - 	311	0.000092	-0.000592	-0.000009
 - 	312	0.000044	-0.000613	-0.000009
 - 	313	0.000040	-0.000635	-0.000012
 - 	314	0.000028	-0.000661	-0.000016
 - 	315	0.000042	-0.000685	-0.000020
 - 	316	0.000052	-0.000703	-0.000021
 - 	317	0.000064	-0.000713	-0.000020
 - 	318	0.000083	-0.000717	-0.000018
 - 	319	0.000104	-0.000717	-0.000015
 - 	320	0.000135	-0.000713	-0.000012
 - 	321	0.000170	-0.000707	-0.000008
 - 	322	0.000190	-0.000698	-0.000004
 - 	323	0.000215	-0.000680	-0.000001
 - 	324	0.000234	-0.000661	0.000002
 - 	325	0.000238	-0.000650	0.000006
 - 	326	0.000240	-0.000655	0.000010
 - 	327	0.000241	-0.000677	0.000013
 - 	328	0.000251	-0.000699	0.000017
 - 	329	0.000249	-0.000716	0.000020
 - 	330	0.000257	-0.000725	0.000021
 - 	331	0.000268	-0.000724	0.000021
 - 	332	0.000271	-0.000713	0.000020
 - 	333	0.000281	-0.000692	0.000018
 - 	334	0.000290	-0.000668	0.000015
 - 	335	0.000283	-0.000647	0.000011
 - 	336	0.000274	-0.000631	0.000008
 - 	337	0.000234	-0.000615	0.000006
 - 	338	0.000196	-0.000602	0.000003
 - 	339	0.000147	-0.000592	0.000002
 - 	340	0.000084	-0.000583	0.000004
 - 	341	0.000020	-0.000577	0.000008
 - 	342	-0.000057	-0.000578	0.000015
 - 	343	-0.000139	-0.000585	0.000024
 - 	344	-0.000233	-0.000596	0.000033
 - 	345	-0.000304	-0.000608	0.000042
 - 	346	-0.000374	-0.000621	0.000050
 - 	347	-0.000430	-0.000638	0.000056
 - 	348	-0.000464	-0.000658	0.000059
 - 	349	-0.000480	-0.000685	0.000060
 - 	350	-0.000473	-0.000714	0.000057
 - 	351	-0.000449	-0.000742	0.000053
 - 	352	-0.000405	-0.000764	0.000047
 - 	353	-0.000361	-0.000772	0.000040
 - 	354	-0.000324	-0.000772	0.000036
 - 	355	-0.000291	-0.000767	0.000032
 - 	356	-0.000255	-0.000761	0.000030
 - 	357	-0.000220	-0.000752	0.000029
 - 	358	-0.000204	-0.000745	0.000028
 - 	359	-0.000182	-0.000736	0.000027
 - 	360	-0.000170	-0.000728	0.000027
 - 	361	-0.000180	-0.000723	0.000028
 - 	362	-0.000189	-0.000720	0.000030
 - 	363	-0.000207	-0.000718	0.000033
 - 	364	-0.000254	-0.000716	0.000036
 - 	365	-0.000293	-0.000714	0.000039
 - 	366	-0.000347	-0.000715	0.000042
 - 	367	-0.000390	-0.000718	0.000044
 - 	368	-0.000431	-0.000719	0.000045
 - 	369	-0.000460	-0.000726	0.000047
 - 	370	-0.000484	-0.000738	0.000049
 - 	371	-0.000507	-0.000755	0.000053
 - 	372	-0.000528	-0.000768	0.000058
 - 	373	-0.000549	-0.000774	0.000064
 - 	374	-0.000576	-0.000784	0.000069
 - 	375	-0.000605	-0.000798	0.000075
 - 	376	-0.000639	-0.000824	0.000081
 - 	377	-0.000695	-0.000860	0.000087
 - 	378	-0.000753	-0.000899	0.000092
 - 	379	-0.000822	-0.000922	0.000095
 - 	380	-0.000893	-0.000912	0.000093
 - 	381	-0.000950	-0.000873	0.000088
 - 	382	-0.001007	-0.000816	0.000079
 - 	383	-0.001046	-0.000758	0.000070
 - 	384	-0.001068	-0.000706	0.000061
 - 	385	-0.001059	-0.000669	0.000053
 - 	386	-0.001053	-0.000652	0.000047
 - 	387	-0.001007	-0.000648	0.000041
 - 	388	-0.000995	-0.000660	0.000038
 - 	389	-0.000953	-0.000681	0.000036
 - 	390	-0.000942	-0.000709	0.000036
 - 	391	-0.000922	-0.000731	0.000036
 - 	392	-0.000918	-0.000738	0.000038
 - 	393	-0.000915	-0.000725	0.000038
 - 	394	-0.000914	-0.000700	0.000038
 - 	395	-0.000916	-0.000669	0.000036
 - 	396	-0.000928	-0.000635	0.000036
 - 	397	-0.000947	-0.000602	0.000036
 - 	398	-0.000950	-0.000571	0.000036
 - 	399	-0.000949	-0.000535	0.000037
 - 	400	-0.000956	-0.000495	0.000037
 - 	401	-0.000959	-0.000464	0.000038
 - 	402	-0.000940	-0.000449	0.000040
 - 	403	-0.000940	-0.000448	0.000044
 - 	404	-0.000917	-0.000457	0.000047
 - 	405	-0.000883	-0.000475	0.000048
 - 	406	-0.000845	-0.000503	0.000048
 - 	407	-0.000809	-0.000536	0.000049
 - 	408	-0.000761	-0.000571	0.000050
 - 	409	-0.000744	-0.000594	0.000051
 - 	410	-0.000723	-0.000588	0.000050
 - 	411	-0.000717	-0.000546	0.000048
 - 	412	-0.000723	-0.000472	0.000045
 - 	413	-0.000742	-0.000383	0.000045
 - 	414	-0.000785	-0.000287	0.000046
 - 	415	-0.000852	-0.000188	0.000047
 - 	416	-0.000914	-0.000089	0.000049
 - 	417	-0.000968	-0.000010	0.000052
 - 	418	-0.001018	0.000042	0.000056
 - 	419	-0.001041	0.000069	0.000059
 - 	420	-0.001047	0.000078	0.000059
 - 	421	-0.001075	0.000069	0.000057
 - 	422	-0.001081	0.000044	0.000051
 - 	423	-0.001096	0.000013	0.000045
 - 	424	-0.001107	-0.000015	0.000042
 - 	425	-0.001099	-0.000034	0.000039
 - 	426	-0.001103	-0.000046	0.000037
 - 	427	-0.001058	-0.000053	0.000032
 - 	428	-0.001043	-0.000055	0.000026
 - 	429	-0.001003	-0.000051	0.000021
 - 	430	-0.000985	-0.000042	0.000019
 - 	431	-0.000989	-0.000029	0.000021
 - 	432	-0.001003	-0.000015	0.000026
 - 	433	-0.001055	-0.000000	0.000037
 - 	434	-0.001108	0.000011	0.000051
 - 	435	-0.001155	0.000010	0.000065
 - 	436	-0.001180	-0.000001	0.000077
 - 	437	-0.001170	-0.000016	0.000084
 - 	438	-0.001129	-0.000027	0.000084
 - 	439	-0.001062	-0.000039	0.000078
 - 	440	-0.000954	-0.000055	0.000062
 - 	441	-0.000841	-0.000070	0.000040
 - 	442	-0.000705	-0.000077	0.000013
 - 	443	-0.000608	-0.000077	-0.000011
 - 	444	-0.000523	-0.000081	-0.000035
 - 	445	-0.000504	-0.000085	-0.000052
 - 	446	-0.000505	-0.000075	-0.000064
 - 	447	-0.000545	-0.000048	-0.000069
 - 	448	-0.000609	-0.000017	-0.000071
 - 	449	-0.000721	0.000007	-0.000069
 - 	450	-0.000868	0.000013	-0.000069
 - 	451	-0.001047	-0.000004	-0.000072
 - 	452	-0.001228	-0.000046	-0.000084
 - 	453	-0.001414	-0.000122	-0.000109
 - 	454	-0.001594	-0.000228	-0.000150
 - 	455	-0.001730	-0.000350	-0.000208
 - 	456	-0.001816	-0.000480	-0.000282
 - 	457	-0.001830	-0.000622	-0.000376
 - 	458	-0.001823	-0.000786	-0.000492
 - 	459	-0.001785	-0.000976	-0.000631
 - 	460	-0.001748	-0.001176	-0.000783
 - 	461	-0.001721	-0.001368	-0.000937
 - 	462	-0.001682	-0.001546	-0.001092
 - 	463	-0.001621	-0.001693	-0.001238
 - 	464	-0.001523	-0.001794	-0.001364
 - 	465	-0.001394	-0.001836	-0.001454
 - 	466	-0.001248	-0.001820	-0.001501
 - 	467	-0.001082	-0.001753	-0.001504
 - 	468	-0.000917	-0.001645	-0.001465
 - 	469	-0.000730	-0.001508	-0.001390
 - 	470	-0.000530	-0.001356	-0.001292
 - 	471	-0.000308	-0.001200	-0.001180
 - 	472	-0.000081	-0.001041	-0.001061
 - 	473	0.000119	-0.000879	-0.000932
 - 	474	0.000307	-0.000713	-0.000795
 - 	475	0.000455	-0.000546	-0.000649
 - 	476	0.000555	-0.000384	-0.000503
 - 	477	0.000636	-0.000238	-0.000371
 - 	478	0.000672	-0.000107	-0.000251
 - 	479	0.000665	0.000011	-0.000143
 - 	480	0.000625	0.000116	-0.000044
 - 	481	0.000555	0.000208	0.000043
 - 	482	0.000466	0.000282	0.000111
 - 	483	0.000367	0.000333	0.000153
 - 	484	0.000251	0.000361	0.000170
 - 	485	0.000126	0.000364	0.000163
 - 	486	-0.000015	0.000342	0.000135
 - 	487	-0.000173	0.000297	0.000091
 - 	488	-0.000344	0.000238	0.000041
 - 	489	-0.000522	0.000172	-0.000005
 - 	490	-0.000692	0.000105	-0.000045
 - 	491	-0.000847	0.000037	-0.000082
 - 	492	-0.000983	-0.000032	-0.000116
 - 	493	-0.001105	-0.000098	-0.000146
 - 	494	-0.001207	-0.000154	-0.000165
 - 	495	-0.001300	-0.000196	-0.000168
 - 	496	-0.001391	-0.000220	-0.000151
 - 	497	-0.001503	-0.000227	-0.000117
 - 	498	-0.001632	-0.000218	-0.000069
 - 	499	-0.001780	-0.000197	-0.000014
 - 	500	-0.001967	-0.000167	0.000046
 - 	501	-0.002192	-0.000127	0.000110
 - 	502	-0.002451	-0.000078	0.000178
 - 	503	-0.002716	-0.000027	0.000239
 - 	504	-0.002987	0.000019	0.000285
 - 	505	-0.003220	0.000060	0.000315
 - 	506	-0.003428	0.000091	0.000329
 - 	507	-0.003611	0.000112	0.000331
 - 	508	-0.003765	0.000126	0.000327
 - 	509	-0.003895	0.000138	0.000324
 - 	510	-0.004012	0.000151	0.000324
 - 	511	-0.004106	0.000164	0.000326
 - 	512	-0.004178	0.000177	0.000328
 - 	513	-0.004217	0.000187	0.000328
 - 	514	-0.004242	0.000186	0.000321
 - 	515	-0.004271	0.000171	0.000304
 - 	516	-0.004311	0.000141	0.000275
 - 	517	-0.004374	0.000100	0.000239
 - 	518	-0.004459	0.000057	0.000203
 - 	519	-0.004549	0.000019	0.000170
 - 	520	-0.004628	-0.000013	0.000141
 - 	521	-0.004672	-0.000037	0.000116
 - 	522	-0.004683	-0.000057	0.000092
 - 	523	-0.004667	-0.000068	0.000069
 - 	524	-0.004632	-0.000072	0.000047
 - 	525	-0.004586	-0.000067	0.000028
 - 	526	-0.004533	-0.000058	0.000011
 - 	527	-0.004484	-0.000050	-0.000003
 - 	528	-0.004441	-0.000046	-0.000015
 - 	529	-0.004423	-0.000045	-0.000021
 - 	530	-0.004418	-0.000044	-0.000021
 - 	531	-0.004433	-0.000046	-0.000016
 - 	532	-0.004430	-0.000060	-0.000008
 - 	533	-0.004417	-0.000092	-0.000001
 - 	534	-0.004380	-0.000145	0.000003
 - 	535	-0.004339	-0.000220	0.000002
 - 	536	-0.004292	-0.000308	-0.000002
 - 	537	-0.004248	-0.000389	-0.000006
 - 	538	-0.004243	-0.000443	-0.000007
 - 	539	-0.004274	-0.000465	-0.000008
 - 	540	-0.004377	-0.000456	-0.000011
 - 	541	-0.004538	-0.000415	-0.000018
 - 	542	-0.004767	-0.000350	-0.000030
 - 	543	-0.005040	-0.000276	-0.000047
 - 	544	-0.005343	-0.000206	-0.000067
 - 	545	-0.005626	-0.000150	-0.000090
 - 	546	-0.005853	-0.000117	-0.000114
 - 	547	-0.005973	-0.000103	-0.000137
 - 	548	-0.005955	-0.000099	-0.000159
 - 	549	-0.005798	-0.000093	-0.000179
 - 	550	-0.005494	-0.000079	-0.000198
 - 	551	-0.005044	-0.000058	-0.000215
 - 	552	-0.004450	-0.000040	-0.000227
 - 	553	-0.003756	-0.000034	-0.000231
 - 	554	-0.002983	-0.000038	-0.000227
 - 	555	-0.002175	-0.000046	-0.000212
 - 	556	-0.001333	-0.000049	-0.000190
 - 	557	-0.000496	-0.000045	-0.000162
 - 	558	0.000287	-0.000036	-0.000129
 - 	559	0.000947	-0.000003	-0.000096
 - 	560	0.001446	0.000065	-0.000066
 - 	561	0.001781	0.000161	-0.000040
 - 	562	-0.003702	-0.002683	0.000379
 - 	563	-0.002527	-0.002321	0.000279
 - 	564	-0.000508	-0.001954	0.000176
 - 	565	0.001338	-0.001652	0.000141
 - 	566	0.002132	-0.001581	0.000120
 - 	567	0.002156	-0.001725	0.000066
 - 	568	0.001816	-0.001725	0.000045
 - 	569	0.001424	-0.001750	0.000018
 - 	570	0.001026	-0.001683	0.000032
 - 	571	0.001057	-0.001632	0.000101
 - 	572	0.001844	-0.001595	0.000143
 - 	573	0.003263	-0.001513	0.000071
 - 	574	0.005021	-0.001274	0.000036
 - 	575	0.006754	-0.001018	0.000080
 - 	576	0.007914	-0.000334	0.000186
 - 	577	0.008302	0.000833	0.000306
 - 	578	0.008158	0.002264	0.000470
 - 	579	0.008039	0.004061	0.000652
 - 	580	0.007785	0.006433	0.000828
 - 	581	0.007496	0.009608	0.000996
 - 	582	0.008501	0.013008	0.001106
 - 	583	0.010488	0.015007	0.001384
 - 	584	0.011583	0.015395	0.001737
 - 	585	0.010873	0.015301	0.002101
 - 	586	0.010115	0.015620	0.002364
 - 	587	0.010421	0.016376	0.002542
 - 	588	0.011229	0.017121	0.002689
 - 	589	0.011800	0.017734	0.002816
 - 	590	0.012133	0.018355	0.003026
 - 	591	0.012598	0.018923	0.003249
 - 	592	0.013006	0.019222	0.003381
 - 	593	0.013155	0.019533	0.003483
 - 	594	0.013112	0.019918	0.003559
 - 	595	0.013082	0.020094	0.003661
 - 	596	0.013302	0.020180	0.003766
 - 	597	0.013636	0.020257	0.003836
 - 	598	0.013622	0.020330	0.003891
 - 	599	0.013511	0.020615	0.003976
 - 	600	0.013544	0.021118	0.004097
 - 	601	0.013620	0.021675	0.004179
 - 	602	0.013518	0.022214	0.004222
 - 	603	0.013289	0.022607	0.004268
 - 	604	0.013159	0.022927	0.004276
 - 	605	0.013160	0.023364	0.004262
 - 	606	0.013125	0.024098	0.004232
 - 	607	0.012720	0.025120	0.004252
 - 	608	0.012201	0.026055	0.004221
 - 	609	0.011863	0.027016	0.004123
 - 	610	0.011440	0.028161	0.004086
 - 	611	0.010836	0.029388	0.004071
 - 	612	0.010045	0.030242	0.003971
 - 	613	0.009398	0.030679	0.003820
 - 	614	0.008867	0.031051	0.003628
 - 	615	0.008408	0.031606	0.003438
 - 	616	0.007834	0.032122	0.003261
 - 	617	0.007257	0.032107	0.002995
 - 	618	0.006898	0.031939	0.002688
 - 	619	0.006692	0.031974	0.002436
 - 	620	0.006400	0.032102	0.002167
 - 	621	0.005924	0.031953	0.001811
 - 	622	0.005492	0.031707	0.001443
 - 	623	0.005049	0.031466	0.001141
 - 	624	0.004230	0.031126	0.000889
 - 	625	0.003190	0.030721	0.000630
 - 	626	0.002439	0.030360	0.000368
 - 	627	0.001888	0.030046	0.000133
 - 	628	0.001255	0.029556	-0.000101
 - 	629	0.000643	0.029027	-0.000346
 - 	630	0.000062	0.028740	-0.000648
 - 	631	-0.000743	0.028627	-0.000889
 - 	632	-0.001768	0.028293	-0.001105
 - 	633	-0.002821	0.027826	-0.001339
 - 	634	-0.003529	0.027339	-0.001545
 - 	635	-0.004107	0.026840	-0.001695
 - 	636	-0.004740	0.026292	-0.001829
 - 	637	-0.005136	0.025733	-0.001999
 - 	638	-0.005346	0.025452	-0.002206
 - 	639	-0.005579	0.025328	-0.002422
 - 	640	-0.005841	0.025174	-0.002608
 - 	641	-0.005736	0.024951	-0.002803
 - 	642	-0.005548	0.024944	-0.003010
 - 	643	-0.005515	0.024824	-0.003187
 - 	644	-0.005516	0.024629	-0.003331
 - 	645	-0.005620	0.024602	-0.003444
 - 	646	-0.005884	0.024522	-0.003535
 - 	647	-0.006062	0.024544	-0.003659
 - 	648	-0.005990	0.024693	-0.003824
 - 	649	-0.006008	0.024850	-0.003963
 - 	650	-0.006332	0.024842	-0.004090
 - 	651	-0.006519	0.024815	-0.004188
 - 	652	-0.006705	0.024809	-0.004274
 - 	653	-0.007062	0.024828	-0.004374
 - 	654	-0.007527	0.024824	-0.004499
 - 	655	-0.007911	0.024704	-0.004609
 - 	656	-0.008206	0.024562	-0.004729
 - 	657	-0.008703	0.024285	-0.004833
 - 	658	-0.009242	0.024001	-0.004910
 - 	659	-0.009566	0.024117	-0.005049
 - 	660	-0.009949	0.024149	-0.005202
 - 	661	-0.010360	0.023989	-0.005363
 - 	662	-0.010576	0.023856	-0.005517
 - 	663	-0.010685	0.023859	-0.005604
 - 	664	-0.010953	0.023748	-0.005656
 - 	665	-0.011290	0.023594	-0.005737
 - 	666	-0.011754	0.023549	-0.005826
 - 	667	-0.012366	0.023533	-0.005848
 - 	668	-0.012690	0.023443	-0.005860
 - 	669	-0.012870	0.023213	-0.005900
 - 	670	-0.013119	0.023000	-0.005928
 - 	671	-0.013468	0.022996	-0.005993
 - 	672	-0.013796	0.023021	-0.006088
 - 	673	-0.013913	0.023039	-0.006152
 - 	674	-0.014094	0.023067	-0.006227
 - 	675	-0.014338	0.022981	-0.006316
 - 	676	-0.014632	0.022834	-0.006379
 - 	677	-0.014999	0.022665	-0.006415
 - 	678	-0.015203	0.022532	-0.006476
 - 	679	-0.015240	0.022514	-0.006590
 - 	680	-0.015403	0.022381	-0.006696
 - 	681	-0.015628	0.022196	-0.006794
 - 	682	-0.015584	0.022242	-0.006905
 - 	683	-0.015588	0.022371	-0.007010
 - 	684	-0.015906	0.022438	-0.007091
 - 	685	-0.016330	0.022534	-0.007181
 - 	686	-0.016429	0.022538	-0.007276
 - 	687	-0.016336	0.022691	-0.007329
 - 	688	-0.016413	0.022994	-0.007419
 - 	689	-0.016673	0.023137	-0.007547
 - 	690	-0.016723	0.023389	-0.007657
 - 	691	-0.016566	0.023692	-0.007741
 - 	692	-0.016574	0.023871	-0.007834
 - 	693	-0.016694	0.023846	-0.007982
 - 	694	-0.016703	0.023888	-0.008125
 - 	695	-0.016461	0.024108	-0.008224
 - 	696	-0.016383	0.024290	-0.008274
 - 	697	-0.016195	0.024549	-0.008326
 - 	698	-0.015870	0.024778	-0.008361
 - 	699	-0.015645	0.024949	-0.008395
 - 	700	-0.015480	0.025105	-0.008421
 - 	701	-0.015323	0.025285	-0.008449
 - 	702	-0.015229	0.025453	-0.008444
 - 	703	-0.015071	0.025858	-0.008461
 - 	704	-0.014941	0.026325	-0.008533
 - 	705	-0.014908	0.026862	-0.008610
 - 	706	-0.014793	0.027421	-0.008635
 - 	707	-0.014428	0.027892	-0.008639
 - 	708	-0.014033	0.028284	-0.008626
 - 	709	-0.013859	0.028514	-0.008587
 - 	710	-0.013803	0.028447	-0.008522
 - 	711	-0.013632	0.028318	-0.008488
 - 	712	-0.013354	0.028205	-0.008508
 - 	713	-0.013116	0.027994	-0.008492
 - 	714	-0.012833	0.027690	-0.008457
 - 	715	-0.012500	0.027230	-0.008402
 - 	716	-0.012009	0.026660	-0.008349
 - 	717	-0.011363	0.025987	-0.008262
 - 	718	-0.011026	0.025217	-0.008101
 - 	719	-0.010810	0.024630	-0.007876
 - 	720	-0.010293	0.024261	-0.007629
 - 	721	-0.009851	0.023775	-0.007479
 - 	722	-0.009293	0.023161	-0.007386
 - 	723	-0.008562	0.022577	-0.007160
 - 	724	-0.007759	0.021911	-0.006867
 - 	725	-0.006937	0.021060	-0.006559
 - 	726	-0.005959	0.020310	-0.006258
 - 	727	-0.004992	0.019605	-0.005945
 - 	728	-0.004104	0.018739	-0.005581
 - 	729	-0.003187	0.017862	-0.005196
 - 	730	-0.002339	0.017162	-0.004847
 - 	731	-0.001626	0.016403	-0.004488
 - 	732	-0.000596	0.015507	-0.004124
 - 	733	0.000346	0.014639	-0.003753
 - 	734	0.000929	0.013887	-0.003387
 - 	735	0.001441	0.013014	-0.002989
 - 	736	0.002093	0.012199	-0.002598
 - 	737	0.002910	0.011199	-0.002258
 - 	738	0.003349	0.010067	-0.001887
 - 	739	0.003377	0.008984	-0.001498
 - 	740	0.003673	0.008000	-0.001196
 - 	741	0.004168	0.007038	-0.000977
 - 	742	0.004235	0.006034	-0.000729
 - 	743	0.004538	0.005067	-0.000538
 - 	744	0.004716	0.004166	-0.000445
 - 	745	0.004429	0.003578	-0.000336
 - 	746	0.003580	0.003065	-0.000187
 - 	747	0.002602	0.002495	-0.000097
 - 	748	0.002065	0.002066	-0.000089
 - 	749	0.001870	0.001683	-0.000061
 - 	750	0.001401	0.001159	-0.000053
 - 	751	0.000755	0.000680	-0.000056
 - 	752	0.000432	0.000467	0.000027
 - 	753	0.000326	0.000301	0.000093
 - 	754	0.000002	-0.000031	0.000140
 - 	755	-0.001514	-0.000398	-0.000312
 - 	756	-0.001624	-0.000438	-0.000324
 - 	757	-0.001729	-0.000510	-0.000354
 - 	758	-0.001822	-0.000615	-0.000404
 - 	759	-0.001916	-0.000747	-0.000473
 - 	760	-0.002014	-0.000900	-0.000559
 - 	761	-0.002120	-0.001065	-0.000660
 - 	762	-0.002231	-0.001236	-0.000773
 - 	763	-0.002348	-0.001411	-0.000900
 - 	764	-0.002465	-0.001583	-0.001039
 - 	765	-0.002572	-0.001733	-0.001177
 - 	766	-0.002646	-0.001847	-0.001302
 - 	767	-0.002670	-0.001915	-0.001405
 - 	768	-0.002639	-0.001939	-0.001485
 - 	769	-0.002566	-0.001919	-0.001538
 - 	770	-0.002461	-0.001861	-0.001566
 - 	771	-0.002339	-0.001764	-0.001562
 - 	772	-0.002218	-0.001625	-0.001518
 - 	773	-0.002105	-0.001446	-0.001427
 - 	774	-0.002004	-0.001238	-0.001295
 - 	775	-0.001909	-0.001016	-0.001131
 - 	776	-0.001815	-0.000787	-0.000942
 - 	777	-0.001729	-0.000557	-0.000729
 - 	778	-0.001657	-0.000336	-0.000504
 - 	779	-0.001597	-0.000133	-0.000281
 - 	780	-0.001558	0.000045	-0.000072
 - 	781	-0.001534	0.000191	0.000104
 - 	782	-0.001532	0.000296	0.000236
 - 	783	-0.001549	0.000369	0.000328
 - 	784	-0.001596	0.000417	0.000395
 - 	785	-0.001678	0.000441	0.000437
 - 	786	-0.001796	0.000441	0.000452
 - 	787	-0.001931	0.000423	0.000445
 - 	788	-0.002079	0.000391	0.000423
 - 	789	-0.002221	0.000355	0.000392
 - 	790	-0.002349	0.000321	0.000365
 - 	791	-0.002449	0.000302	0.000357
 - 	792	-0.002506	0.000295	0.000366
 - 	793	-0.002528	0.000295	0.000383
 - 	794	-0.002536	0.000291	0.000396
 - 	795	-0.002532	0.000280	0.000403
 - 	796	-0.002528	0.000255	0.000395
 - 	797	-0.002510	0.000218	0.000373
 - 	798	-0.002494	0.000170	0.000339
 - 	799	-0.002491	0.000112	0.000295
 - 	800	-0.002507	0.000046	0.000242
 - 	801	-0.002542	-0.000026	0.000181
 - 	802	-0.002601	-0.000107	0.000106
 - 	803	-0.002687	-0.000194	0.000024
 - 	804	-0.002793	-0.000283	-0.000059
 - 	805	-0.002928	-0.000373	-0.000138
 - 	806	-0.003085	-0.000457	-0.000207
 - 	807	-0.003266	-0.000532	-0.000260
 - 	808	-0.003459	-0.000597	-0.000299
 - 	809	-0.003668	-0.000650	-0.000322
 - 	810	-0.003881	-0.000690	-0.000332
 - 	811	-0.004082	-0.000723	-0.000336
 - 	812	-0.004259	-0.000758	-0.000344
 - 	813	-0.004407	-0.000804	-0.000362
 - 	814	-0.004536	-0.000862	-0.000389
 - 	815	-0.004647	-0.000923	-0.000417
 - 	816	-0.004741	-0.000983	-0.000439
 - 	817	-0.004816	-0.001038	-0.000456
 - 	818	-0.004868	-0.001088	-0.000469
 - 	819	-0.004911	-0.001131	-0.000475
 - 	820	-0.004957	-0.001159	-0.000471
 - 	821	-0.005020	-0.001166	-0.000453
 - 	822	-0.005102	-0.001153	-0.000423
 - 	823	-0.005213	-0.001127	-0.000386
 - 	824	-0.005347	-0.001090	-0.000342
 - 	825	-0.005503	-0.001037	-0.000292
 - 	826	-0.005653	-0.000957	-0.000234
 - 	827	-0.005768	-0.000847	-0.000172
 - 	828	-0.005846	-0.000722	-0.000114
 - 	829	-0.005913	-0.000598	-0.000065
 - 	830	-0.005939	-0.000495	-0.000031
 - 	831	-0.005935	-0.000423	-0.000012
 - 	832	-0.005873	-0.000373	-0.000001
 - 	833	-0.005784	-0.000330	0.000008
 - 	834	-0.005673	-0.000295	0.000014
 - 	835	-0.005545	-0.000286	0.000010
 - 	836	-0.005387	-0.000313	-0.000008
 - 	837	-0.005167	-0.000361	-0.000040
 - 	838	-0.004840	-0.000408	-0.000088
 - 	839	-0.004423	-0.000435	-0.000147
 - 	840	-0.004025	-0.000433	-0.000208
 - 	841	-0.003719	-0.000395	-0.000258
 - 	842	-0.003548	-0.000335	-0.000287
 - 	843	-0.003553	-0.000269	-0.000292
 - 	844	-0.003687	-0.000208	-0.000275
 - 	845	-0.003922	-0.000160	-0.000246
 - 	846	-0.004211	-0.000113	-0.000209
 - 	847	-0.004521	-0.000052	-0.000172
 - 	848	-0.004829	0.000022	-0.000137
 - 	849	-0.005089	0.000095	-0.000107
 - 	850	-0.005294	0.000159	-0.000080
 - 	851	-0.005435	0.000211	-0.000056
 - 	852	-0.005515	0.000254	-0.000033
 - 	853	-0.005547	0.000277	-0.000012
 - 	854	-0.005530	0.000275	0.000009
 - 	855	-0.005455	0.000237	0.000028
 - 	856	-0.005318	0.000151	0.000048
 - 	857	-0.005154	0.000028	0.000068
 - 	858	-0.004973	-0.000096	0.000089
 - 	859	-0.004811	-0.000185	0.000110
 - 	860	-0.004630	-0.000258	0.000130
 - 	861	-0.004385	-0.000332	0.000150
 - 	862	-0.004030	-0.000412	0.000167
 - 	863	-0.003545	-0.000498	0.000180
 - 	864	-0.002937	-0.000593	0.000190
 - 	865	-0.002210	-0.000698	0.000194
 - 	866	-0.001389	-0.000802	0.000194
 - 	867	-0.000521	-0.000871	0.000192
 - 	868	0.000415	-0.000869	0.000185
 - 	869	0.001427	-0.000782	0.000170
 - 	870	0.002494	-0.000606	0.000143
 - 	871	0.003546	-0.000338	0.000107
 - 	872	0.004501	0.000027	0.000065
 - 	873	0.005288	0.000484	0.000022
 - 	874	0.005834	0.001020	-0.000019
 - 	875	0.006083	0.001600	-0.000056
 - 	876	0.006025	0.002177	-0.000092
 - 	877	0.005709	0.002712	-0.000126
 - 	878			
 - 	879			
 - 	880			
 - 	881			
 - 	882			
 - 	883			
 - 	884			
 - 	885			
 - 	886			
 - 	887			
 - 	888			
 - 	889			
 - 	890			
 - 	891			
 - 	892			
 - 	893			
 - 	894			
 - 	895			
 - 	896			
 - 	897			
 - 	898			
 - 	899			
 - 	900			
 - 	901			
 - 	902			
 - 	903			
 - 	904			
 - 	905			
 - 	906			
 - 	907			
 - 	908			
 - 	909			
 - 	910			
 - 	911			
 - 	912			
 - 	913			
 - 	914			
 - 	915			
 - 	916			
 - 	917			
 - 	918			
 - 	919			
 - 	920			
 - 	921			
 - 	922			
 - 	923			
 - 	924			
 - 	925			
 - 	926			
 - 	927			
 - 	928			
 - 	929			
 - 	930			
 - 	931			
 - 	932			
 - 	933			
 - 	934			
 - 	935			
 - 	936			
 - 	937			
 - 	938			
 - 	939			
 - 	940			
 - 	941			
 - 	942			
 - 	943			
 - 	944			
 - 	945			
 - 	946			
 - 	947			
 - 	948			
 - 	949			
 - 	950			
 - 	951			
 - 	952			
 - 	953			
 - 	954			
 - 	955			
 - 	956			
 - 	957			
 - 	958			
 - 	959			
 - 	960			
 - 	961			
 - 	962			
 - 	963			
 - 	964			
 - 	965			
 - 	966			
 - 	967			
 - 	968			
 - 	969			
 - 	970			
 - 	971			
 - 	972			
 - 	973			
 - 	974			
 - 	975			
 - 	976			
 - 	977			
 - 	978			
 - 	979			
 - 	980			
 - 	981			
 - 	982			
 - 	983			
 - 	984			
 - 	985			
 - 	986			
 - 	987			
 - 	988			
 - 	989			
 - 	990			
 - 	991			
 - 	992			
 - 	993			
 - 	994			
 - 	995			
 - 	996			
 - 	997			
 - 	998			
 - 	999			
 - 	1000			
 - 	1001			
 - 	1002			
 - 	1003			
 - 	1004			
 - 	1005			
 - 	1006			
 - 	1007			
 - 	1008			
 - 	1009			
 - 	1010			
 - 	1011			
 - 	1012			
 - 	1013			
 - 	1014			
 - 	1015			
 - 	1016			
 - 	1017			
 - 	1018			
 - 	1019			
 - 	1020			
 - 	1021			
 - 	1022			
 - 	1023			
 - 	1024			
 - 	1025			
 - 	1026			
 - 	1027			
 - 	1028			
 - 	1029			
 - 	1030			
 - 	1031			
 - 	1032			
 - 	1033			
 - 	1034			
 - 	1035			
 - 	1036			
 - 	1037			
 - 	1038			
 - 	1039			
 - 	1040			
 - 	1041			
 - 	1042			
 - 	1043			
 - 	1044			
 - 	1045			
 - 	1046			
 - 	1047			
 - 	1048			
 - 	1049			
 - 	1050			
