RKNE_MOMENT
File	Frame	X 	Y 	Z 
Trial_3.filtered_40.c3d	1			
 - 	2			
 - 	3	-0.001352	-0.000408	0.000032
 - 	4	-0.001342	-0.000406	0.000033
 - 	5	-0.001316	-0.000405	0.000034
 - 	6	-0.001303	-0.000403	0.000035
 - 	7	-0.001288	-0.000401	0.000035
 - 	8	-0.001285	-0.000399	0.000034
 - 	9	-0.001303	-0.000396	0.000032
 - 	10	-0.001321	-0.000396	0.000030
 - 	11	-0.001311	-0.000408	0.000021
 - 	12	-0.001383	-0.000399	0.000028
 - 	13	-0.001413	-0.000398	0.000035
 - 	14	-0.001411	-0.000412	0.000028
 - 	15	-0.001412	-0.000420	0.000029
 - 	16	-0.001414	-0.000422	0.000030
 - 	17	-0.001406	-0.000416	0.000030
 - 	18	-0.001391	-0.000408	0.000031
 - 	19	-0.001366	-0.000404	0.000032
 - 	20	-0.001347	-0.000404	0.000032
 - 	21	-0.001322	-0.000401	0.000033
 - 	22	-0.001327	-0.000388	0.000032
 - 	23	-0.001315	-0.000372	0.000032
 - 	24	-0.001336	-0.000352	0.000031
 - 	25	-0.001353	-0.000334	0.000031
 - 	26	-0.001369	-0.000320	0.000030
 - 	27	-0.001389	-0.000312	0.000029
 - 	28	-0.001394	-0.000314	0.000029
 - 	29	-0.001398	-0.000324	0.000029
 - 	30	-0.001383	-0.000346	0.000028
 - 	31	-0.001378	-0.000368	0.000029
 - 	32	-0.001363	-0.000387	0.000029
 - 	33	-0.001343	-0.000404	0.000029
 - 	34	-0.001343	-0.000418	0.000030
 - 	35	-0.001343	-0.000428	0.000030
 - 	36	-0.001354	-0.000433	0.000030
 - 	37	-0.001353	-0.000432	0.000030
 - 	38	-0.001362	-0.000426	0.000030
 - 	39	-0.001359	-0.000439	0.000028
 - 	40	-0.001377	-0.000396	0.000029
 - 	41	-0.001386	-0.000356	0.000031
 - 	42	-0.001361	-0.000375	0.000030
 - 	43	-0.001347	-0.000377	0.000031
 - 	44	-0.001334	-0.000377	0.000031
 - 	45	-0.001327	-0.000370	0.000032
 - 	46	-0.001327	-0.000356	0.000030
 - 	47	-0.001333	-0.000344	0.000030
 - 	48	-0.001333	-0.000338	0.000029
 - 	49	-0.001349	-0.000336	0.000029
 - 	50	-0.001342	-0.000342	0.000028
 - 	51	-0.001355	-0.000348	0.000028
 - 	52	-0.001372	-0.000357	0.000027
 - 	53	-0.001377	-0.000368	0.000026
 - 	54	-0.001403	-0.000376	0.000025
 - 	55	-0.001410	-0.000382	0.000025
 - 	56	-0.001416	-0.000387	0.000026
 - 	57	-0.001366	-0.000420	0.000026
 - 	58	-0.001394	-0.000407	0.000029
 - 	59	-0.001429	-0.000386	0.000032
 - 	60	-0.001353	-0.000405	0.000031
 - 	61	-0.001335	-0.000393	0.000032
 - 	62	-0.001332	-0.000380	0.000033
 - 	63	-0.001326	-0.000370	0.000033
 - 	64	-0.001327	-0.000367	0.000032
 - 	65	-0.001332	-0.000368	0.000031
 - 	66	-0.001332	-0.000378	0.000030
 - 	67	-0.001345	-0.000392	0.000029
 - 	68	-0.001332	-0.000408	0.000027
 - 	69	-0.001332	-0.000411	0.000026
 - 	70	-0.001347	-0.000390	0.000024
 - 	71	-0.001356	-0.000357	0.000023
 - 	72	-0.001371	-0.000323	0.000022
 - 	73	-0.001379	-0.000299	0.000022
 - 	74	-0.001396	-0.000292	0.000023
 - 	75	-0.001402	-0.000300	0.000024
 - 	76	-0.001412	-0.000319	0.000026
 - 	77	-0.001423	-0.000343	0.000027
 - 	78	-0.001411	-0.000374	0.000028
 - 	79	-0.001420	-0.000395	0.000032
 - 	80	-0.001405	-0.000427	0.000031
 - 	81	-0.001393	-0.000450	0.000030
 - 	82	-0.001412	-0.000444	0.000032
 - 	83	-0.001398	-0.000439	0.000031
 - 	84	-0.001392	-0.000422	0.000030
 - 	85	-0.001392	-0.000400	0.000029
 - 	86	-0.001375	-0.000373	0.000027
 - 	87	-0.001373	-0.000348	0.000025
 - 	88	-0.001369	-0.000328	0.000023
 - 	89	-0.001370	-0.000317	0.000022
 - 	90	-0.001365	-0.000322	0.000022
 - 	91	-0.001364	-0.000341	0.000022
 - 	92	-0.001365	-0.000367	0.000024
 - 	93	-0.001358	-0.000391	0.000026
 - 	94	-0.001348	-0.000408	0.000030
 - 	95	-0.001341	-0.000423	0.000031
 - 	96	-0.001335	-0.000438	0.000033
 - 	97	-0.001334	-0.000452	0.000036
 - 	98	-0.001333	-0.000463	0.000036
 - 	99	-0.001344	-0.000468	0.000037
 - 	100	-0.001349	-0.000467	0.000036
 - 	101	-0.001374	-0.000455	0.000035
 - 	102	-0.001370	-0.000437	0.000033
 - 	103	-0.001388	-0.000411	0.000031
 - 	104	-0.001379	-0.000383	0.000029
 - 	105	-0.001370	-0.000360	0.000028
 - 	106	-0.001365	-0.000337	0.000026
 - 	107	-0.001343	-0.000326	0.000026
 - 	108	-0.001340	-0.000317	0.000027
 - 	109	-0.001315	-0.000316	0.000028
 - 	110	-0.001305	-0.000321	0.000028
 - 	111	-0.001305	-0.000332	0.000028
 - 	112	-0.001320	-0.000348	0.000027
 - 	113	-0.001328	-0.000368	0.000027
 - 	114	-0.001344	-0.000393	0.000027
 - 	115	-0.001356	-0.000417	0.000029
 - 	116	-0.001371	-0.000443	0.000031
 - 	117	-0.001380	-0.000465	0.000034
 - 	118	-0.001386	-0.000482	0.000036
 - 	119	-0.001410	-0.000487	0.000037
 - 	120	-0.001416	-0.000483	0.000036
 - 	121	-0.001425	-0.000470	0.000035
 - 	122	-0.001410	-0.000456	0.000033
 - 	123	-0.001398	-0.000435	0.000032
 - 	124	-0.001379	-0.000413	0.000031
 - 	125	-0.001370	-0.000384	0.000029
 - 	126	-0.001355	-0.000358	0.000028
 - 	127	-0.001334	-0.000332	0.000027
 - 	128	-0.001337	-0.000314	0.000027
 - 	129	-0.001322	-0.000310	0.000027
 - 	130	-0.001336	-0.000315	0.000028
 - 	131	-0.001346	-0.000333	0.000029
 - 	132	-0.001349	-0.000363	0.000030
 - 	133	-0.001362	-0.000400	0.000032
 - 	134	-0.001370	-0.000438	0.000032
 - 	135	-0.001383	-0.000462	0.000033
 - 	136	-0.001384	-0.000473	0.000033
 - 	137	-0.001387	-0.000473	0.000033
 - 	138	-0.001392	-0.000467	0.000032
 - 	139	-0.001379	-0.000459	0.000031
 - 	140	-0.001366	-0.000449	0.000030
 - 	141	-0.001351	-0.000436	0.000030
 - 	142	-0.001338	-0.000415	0.000029
 - 	143	-0.001328	-0.000388	0.000029
 - 	144	-0.001337	-0.000363	0.000028
 - 	145	-0.001317	-0.000350	0.000029
 - 	146	-0.001321	-0.000342	0.000030
 - 	147	-0.001317	-0.000339	0.000032
 - 	148	-0.001322	-0.000339	0.000033
 - 	149	-0.001329	-0.000340	0.000033
 - 	150	-0.001345	-0.000340	0.000032
 - 	151	-0.001361	-0.000344	0.000030
 - 	152	-0.001388	-0.000354	0.000028
 - 	153	-0.001400	-0.000372	0.000027
 - 	154	-0.001404	-0.000392	0.000026
 - 	155	-0.001424	-0.000403	0.000026
 - 	156	-0.001405	-0.000410	0.000026
 - 	157	-0.001412	-0.000412	0.000026
 - 	158	-0.001394	-0.000412	0.000027
 - 	159	-0.001389	-0.000410	0.000027
 - 	160	-0.001375	-0.000406	0.000029
 - 	161	-0.001362	-0.000399	0.000030
 - 	162	-0.001344	-0.000389	0.000030
 - 	163	-0.001333	-0.000378	0.000031
 - 	164	-0.001313	-0.000369	0.000033
 - 	165	-0.001306	-0.000365	0.000034
 - 	166	-0.001299	-0.000364	0.000035
 - 	167	-0.001309	-0.000366	0.000035
 - 	168	-0.001322	-0.000372	0.000033
 - 	169	-0.001331	-0.000379	0.000032
 - 	170	-0.001347	-0.000380	0.000030
 - 	171	-0.001361	-0.000380	0.000030
 - 	172	-0.001371	-0.000382	0.000029
 - 	173	-0.001372	-0.000390	0.000030
 - 	174	-0.001384	-0.000402	0.000031
 - 	175	-0.001389	-0.000415	0.000032
 - 	176	-0.001387	-0.000426	0.000032
 - 	177	-0.001397	-0.000426	0.000032
 - 	178	-0.001403	-0.000424	0.000030
 - 	179	-0.001409	-0.000422	0.000030
 - 	180	-0.001401	-0.000421	0.000029
 - 	181	-0.001399	-0.000414	0.000029
 - 	182	-0.001379	-0.000403	0.000030
 - 	183	-0.001366	-0.000392	0.000032
 - 	184	-0.001347	-0.000383	0.000034
 - 	185	-0.001317	-0.000378	0.000036
 - 	186	-0.001299	-0.000371	0.000037
 - 	187	-0.001306	-0.000361	0.000038
 - 	188	-0.001305	-0.000349	0.000036
 - 	189	-0.001337	-0.000329	0.000034
 - 	190	-0.001357	-0.000307	0.000032
 - 	191	-0.001398	-0.000284	0.000030
 - 	192	-0.001417	-0.000272	0.000029
 - 	193	-0.001459	-0.000269	0.000029
 - 	194	-0.001478	-0.000278	0.000030
 - 	195	-0.001499	-0.000293	0.000030
 - 	196	-0.001512	-0.000310	0.000030
 - 	197	-0.001509	-0.000330	0.000030
 - 	198	-0.001499	-0.000352	0.000031
 - 	199	-0.001474	-0.000379	0.000031
 - 	200	-0.001448	-0.000410	0.000032
 - 	201	-0.001413	-0.000445	0.000032
 - 	202	-0.001377	-0.000484	0.000032
 - 	203	-0.001354	-0.000519	0.000032
 - 	204	-0.001333	-0.000546	0.000033
 - 	205	-0.001335	-0.000557	0.000033
 - 	206	-0.001334	-0.000551	0.000035
 - 	207	-0.001339	-0.000530	0.000036
 - 	208	-0.001339	-0.000497	0.000036
 - 	209	-0.001348	-0.000455	0.000035
 - 	210	-0.001353	-0.000409	0.000032
 - 	211	-0.001363	-0.000355	0.000028
 - 	212	-0.001371	-0.000307	0.000023
 - 	213	-0.001382	-0.000275	0.000020
 - 	214	-0.001408	-0.000264	0.000019
 - 	215	-0.001418	-0.000271	0.000019
 - 	216	-0.001444	-0.000293	0.000021
 - 	217	-0.001461	-0.000324	0.000022
 - 	218	-0.001463	-0.000363	0.000023
 - 	219	-0.001466	-0.000402	0.000023
 - 	220	-0.001446	-0.000444	0.000024
 - 	221	-0.001418	-0.000488	0.000024
 - 	222	-0.001379	-0.000529	0.000025
 - 	223	-0.001348	-0.000556	0.000025
 - 	224	-0.001306	-0.000565	0.000026
 - 	225	-0.001260	-0.000565	0.000027
 - 	226	-0.001211	-0.000560	0.000030
 - 	227	-0.001178	-0.000547	0.000032
 - 	228	-0.001142	-0.000531	0.000033
 - 	229	-0.001129	-0.000514	0.000034
 - 	230	-0.001139	-0.000501	0.000035
 - 	231	-0.001152	-0.000493	0.000036
 - 	232	-0.001177	-0.000493	0.000036
 - 	233	-0.001205	-0.000500	0.000037
 - 	234	-0.001238	-0.000511	0.000038
 - 	235	-0.001273	-0.000525	0.000040
 - 	236	-0.001285	-0.000544	0.000040
 - 	237	-0.001298	-0.000561	0.000041
 - 	238	-0.001308	-0.000570	0.000039
 - 	239	-0.001299	-0.000568	0.000036
 - 	240	-0.001304	-0.000545	0.000030
 - 	241	-0.001291	-0.000515	0.000023
 - 	242	-0.001281	-0.000478	0.000015
 - 	243	-0.001254	-0.000441	0.000007
 - 	244	-0.001232	-0.000406	0.000001
 - 	245	-0.001190	-0.000377	-0.000001
 - 	246	-0.001163	-0.000358	-0.000001
 - 	247	-0.001111	-0.000354	0.000001
 - 	248	-0.001079	-0.000359	0.000004
 - 	249	-0.001055	-0.000368	0.000007
 - 	250	-0.001030	-0.000384	0.000011
 - 	251	-0.001038	-0.000400	0.000014
 - 	252	-0.001026	-0.000419	0.000017
 - 	253	-0.001045	-0.000432	0.000020
 - 	254	-0.001047	-0.000435	0.000024
 - 	255	-0.001069	-0.000431	0.000027
 - 	256	-0.001098	-0.000426	0.000029
 - 	257	-0.001137	-0.000415	0.000031
 - 	258	-0.001175	-0.000394	0.000031
 - 	259	-0.001218	-0.000357	0.000031
 - 	260	-0.001257	-0.000312	0.000029
 - 	261	-0.001284	-0.000259	0.000027
 - 	262	-0.001313	-0.000191	0.000025
 - 	263	-0.001322	-0.000118	0.000020
 - 	264	-0.001349	-0.000056	0.000014
 - 	265	-0.001363	-0.000021	0.000007
 - 	266	-0.001367	-0.000005	-0.000002
 - 	267	-0.001376	0.000010	-0.000009
 - 	268	-0.001360	0.000029	-0.000015
 - 	269	-0.001341	0.000056	-0.000019
 - 	270	-0.001304	0.000079	-0.000019
 - 	271	-0.001254	0.000093	-0.000016
 - 	272	-0.001186	0.000104	-0.000012
 - 	273	-0.001148	0.000120	-0.000006
 - 	274	-0.001104	0.000137	-0.000001
 - 	275	-0.001078	0.000157	0.000003
 - 	276	-0.001069	0.000171	0.000008
 - 	277	-0.001059	0.000179	0.000010
 - 	278	-0.001049	0.000173	0.000013
 - 	279	-0.001049	0.000174	0.000012
 - 	280	-0.001055	0.000183	0.000011
 - 	281	-0.001091	0.000207	0.000008
 - 	282	-0.001103	0.000224	0.000006
 - 	283	-0.001118	0.000235	0.000005
 - 	284	-0.001110	0.000237	0.000006
 - 	285	-0.001060	0.000231	0.000009
 - 	286	-0.000986	0.000225	0.000012
 - 	287	-0.000935	0.000226	0.000014
 - 	288	-0.000877	0.000229	0.000015
 - 	289	-0.000827	0.000235	0.000015
 - 	290	-0.000794	0.000247	0.000016
 - 	291	-0.000742	0.000256	0.000017
 - 	292	-0.000687	0.000262	0.000018
 - 	293	-0.000624	0.000262	0.000020
 - 	294	-0.000559	0.000265	0.000022
 - 	295	-0.000491	0.000283	0.000025
 - 	296	-0.000413	0.000318	0.000028
 - 	297	-0.000352	0.000371	0.000033
 - 	298	-0.000292	0.000437	0.000038
 - 	299	-0.000236	0.000512	0.000047
 - 	300	-0.000205	0.000594	0.000058
 - 	301	-0.000175	0.000669	0.000072
 - 	302	-0.000143	0.000728	0.000086
 - 	303	-0.000108	0.000775	0.000100
 - 	304	-0.000062	0.000799	0.000113
 - 	305	0.000018	0.000797	0.000123
 - 	306	0.000113	0.000763	0.000125
 - 	307	0.000219	0.000698	0.000118
 - 	308	0.000321	0.000604	0.000099
 - 	309	0.000425	0.000480	0.000068
 - 	310	0.000493	0.000331	0.000025
 - 	311	0.000529	0.000166	-0.000030
 - 	312	0.000513	-0.000006	-0.000093
 - 	313	0.000431	-0.000183	-0.000162
 - 	314	0.000288	-0.000362	-0.000235
 - 	315	0.000079	-0.000546	-0.000312
 - 	316	-0.000181	-0.000731	-0.000393
 - 	317	-0.000488	-0.000916	-0.000474
 - 	318	-0.000821	-0.001099	-0.000554
 - 	319	-0.001171	-0.001282	-0.000634
 - 	320	-0.001526	-0.001460	-0.000713
 - 	321	-0.001853	-0.001632	-0.000794
 - 	322	-0.002137	-0.001784	-0.000873
 - 	323	-0.002337	-0.001900	-0.000945
 - 	324	-0.002423	-0.001981	-0.001009
 - 	325	-0.002391	-0.002030	-0.001066
 - 	326	-0.002240	-0.002057	-0.001119
 - 	327	-0.001969	-0.002064	-0.001164
 - 	328	-0.001603	-0.002061	-0.001208
 - 	329	-0.001153	-0.002049	-0.001253
 - 	330	-0.000665	-0.002025	-0.001297
 - 	331	-0.000145	-0.001986	-0.001341
 - 	332	0.000371	-0.001918	-0.001372
 - 	333	0.000852	-0.001809	-0.001376
 - 	334	0.001284	-0.001647	-0.001340
 - 	335	0.001651	-0.001428	-0.001249
 - 	336	0.001945	-0.001158	-0.001102
 - 	337	0.002168	-0.000852	-0.000908
 - 	338	0.002316	-0.000529	-0.000680
 - 	339	0.002425	-0.000209	-0.000442
 - 	340	0.002460	0.000092	-0.000206
 - 	341	0.002460	0.000363	0.000011
 - 	342	0.002412	0.000592	0.000197
 - 	343	0.002320	0.000774	0.000346
 - 	344	0.002188	0.000904	0.000449
 - 	345	0.002005	0.000985	0.000513
 - 	346	0.001802	0.001022	0.000539
 - 	347	0.001554	0.001027	0.000545
 - 	348	0.001306	0.001001	0.000533
 - 	349	0.001038	0.000950	0.000509
 - 	350	0.000763	0.000879	0.000480
 - 	351	0.000485	0.000798	0.000454
 - 	352	0.000198	0.000708	0.000434
 - 	353	-0.000090	0.000610	0.000415
 - 	354	-0.000369	0.000503	0.000390
 - 	355	-0.000640	0.000393	0.000364
 - 	356	-0.000886	0.000287	0.000339
 - 	357	-0.001093	0.000196	0.000321
 - 	358	-0.001291	0.000126	0.000319
 - 	359	-0.001447	0.000069	0.000320
 - 	360	-0.001634	0.000025	0.000327
 - 	361	-0.001800	-0.000014	0.000329
 - 	362	-0.001988	-0.000045	0.000330
 - 	363	-0.002182	-0.000071	0.000324
 - 	364	-0.002391	-0.000088	0.000318
 - 	365	-0.002611	-0.000094	0.000315
 - 	366	-0.002819	-0.000089	0.000315
 - 	367	-0.003021	-0.000083	0.000310
 - 	368	-0.003203	-0.000078	0.000301
 - 	369	-0.003351	-0.000072	0.000288
 - 	370	-0.003495	-0.000064	0.000276
 - 	371	-0.003619	-0.000045	0.000271
 - 	372	-0.003751	-0.000014	0.000275
 - 	373	-0.003849	0.000030	0.000287
 - 	374	-0.003957	0.000081	0.000304
 - 	375	-0.004028	0.000130	0.000318
 - 	376	-0.004104	0.000175	0.000328
 - 	377	-0.004179	0.000214	0.000334
 - 	378	-0.004237	0.000241	0.000330
 - 	379	-0.004301	0.000269	0.000328
 - 	380	-0.004367	0.000306	0.000332
 - 	381	-0.004410	0.000359	0.000340
 - 	382	-0.004454	0.000419	0.000346
 - 	383	-0.004457	0.000482	0.000349
 - 	384	-0.004444	0.000547	0.000349
 - 	385	-0.004395	0.000609	0.000345
 - 	386	-0.004339	0.000646	0.000333
 - 	387	-0.004270	0.000641	0.000314
 - 	388	-0.004235	0.000585	0.000290
 - 	389	-0.004214	0.000483	0.000267
 - 	390	-0.004212	0.000356	0.000246
 - 	391	-0.004195	0.000226	0.000229
 - 	392	-0.004153	0.000107	0.000213
 - 	393	-0.004067	0.000010	0.000196
 - 	394	-0.003975	-0.000057	0.000178
 - 	395	-0.003860	-0.000099	0.000156
 - 	396	-0.003762	-0.000116	0.000128
 - 	397	-0.003706	-0.000108	0.000091
 - 	398	-0.003703	-0.000076	0.000044
 - 	399	-0.003791	-0.000018	-0.000008
 - 	400	-0.003937	0.000056	-0.000064
 - 	401	-0.004167	0.000142	-0.000120
 - 	402	-0.004456	0.000228	-0.000174
 - 	403	-0.004759	0.000303	-0.000225
 - 	404	-0.005050	0.000360	-0.000269
 - 	405	-0.005282	0.000395	-0.000302
 - 	406	-0.005407	0.000415	-0.000323
 - 	407	-0.005405	0.000422	-0.000334
 - 	408	-0.005239	0.000426	-0.000336
 - 	409	-0.004927	0.000425	-0.000330
 - 	410	-0.004461	0.000415	-0.000313
 - 	411	-0.003879	0.000389	-0.000286
 - 	412	-0.003163	0.000348	-0.000248
 - 	413	-0.002336	0.000284	-0.000202
 - 	414	-0.001386	0.000198	-0.000152
 - 	415	-0.000348	0.000093	-0.000100
 - 	416	0.000736	-0.000020	-0.000050
 - 	417	0.001800	-0.000121	-0.000006
 - 	418	0.002766	-0.000196	0.000030
 - 	419	0.003522	-0.000225	0.000055
 - 	420	0.004043	-0.000202	0.000068
 - 	421	0.004264	-0.000133	0.000070
 - 	422	0.004243	-0.000021	0.000065
 - 	423	0.004007	0.000129	0.000054
 - 	424	0.003660	0.000311	0.000041
 - 	425	0.003286	0.000522	0.000026
 - 	426	-0.001185	0.000145	-0.000054
 - 	427	0.000391	0.000243	-0.000140
 - 	428	0.000801	-0.000039	-0.000212
 - 	429	-0.000024	-0.000331	-0.000242
 - 	430	-0.001553	-0.000457	-0.000267
 - 	431	-0.002953	-0.000670	-0.000262
 - 	432	-0.003407	-0.001027	-0.000308
 - 	433	-0.002613	-0.001367	-0.000442
 - 	434	-0.000741	-0.001456	-0.000501
 - 	435	0.001662	-0.001134	-0.000431
 - 	436	0.003518	-0.000447	-0.000323
 - 	437	0.004183	0.000418	-0.000213
 - 	438	0.003702	0.001648	-0.000031
 - 	439	0.002875	0.003731	0.000199
 - 	440	0.002306	0.006758	0.000296
 - 	441	0.002998	0.010622	0.000341
 - 	442	0.005369	0.013820	0.000528
 - 	443	0.007871	0.015558	0.000818
 - 	444	0.008599	0.016363	0.001170
 - 	445	0.007961	0.016924	0.001511
 - 	446	0.007712	0.017766	0.001739
 - 	447	0.008234	0.018749	0.001819
 - 	448	0.009219	0.019823	0.001904
 - 	449	0.010397	0.020748	0.002062
 - 	450	0.011241	0.021308	0.002224
 - 	451	0.012013	0.021795	0.002410
 - 	452	0.012645	0.022474	0.002572
 - 	453	0.013037	0.023291	0.002720
 - 	454	0.013418	0.023961	0.002884
 - 	455	0.013653	0.024791	0.003005
 - 	456	0.013944	0.025708	0.003053
 - 	457	0.014125	0.026721	0.003123
 - 	458	0.014100	0.027646	0.003155
 - 	459	0.013908	0.028602	0.003107
 - 	460	0.013838	0.029480	0.003036
 - 	461	0.014051	0.029908	0.002978
 - 	462	0.014139	0.030277	0.002889
 - 	463	0.014060	0.030597	0.002725
 - 	464	0.013821	0.030790	0.002541
 - 	465	0.013685	0.031144	0.002377
 - 	466	0.013550	0.031539	0.002230
 - 	467	0.013264	0.032003	0.002094
 - 	468	0.012872	0.032631	0.001944
 - 	469	0.012372	0.033463	0.001766
 - 	470	0.011840	0.034307	0.001548
 - 	471	0.011206	0.034781	0.001325
 - 	472	0.010678	0.035030	0.001085
 - 	473	0.009939	0.035145	0.000876
 - 	474	0.009247	0.035125	0.000693
 - 	475	0.008637	0.035042	0.000500
 - 	476	0.007805	0.034763	0.000278
 - 	477	0.006865	0.034205	0.000014
 - 	478	0.005921	0.033792	-0.000216
 - 	479	0.005165	0.033655	-0.000378
 - 	480	0.004694	0.033218	-0.000543
 - 	481	0.003977	0.032785	-0.000709
 - 	482	0.003319	0.032439	-0.000942
 - 	483	0.003019	0.031885	-0.001110
 - 	484	0.002459	0.031463	-0.001251
 - 	485	0.001540	0.031196	-0.001381
 - 	486	0.000465	0.030772	-0.001482
 - 	487	-0.000278	0.030118	-0.001673
 - 	488	-0.001044	0.029640	-0.001826
 - 	489	-0.001715	0.029330	-0.001984
 - 	490	-0.002174	0.029013	-0.002100
 - 	491	-0.002451	0.028483	-0.002208
 - 	492	-0.002822	0.027761	-0.002408
 - 	493	-0.003189	0.027173	-0.002567
 - 	494	-0.003288	0.026654	-0.002621
 - 	495	-0.003312	0.026458	-0.002613
 - 	496	-0.003257	0.026228	-0.002660
 - 	497	-0.003058	0.025885	-0.002822
 - 	498	-0.002862	0.025476	-0.003019
 - 	499	-0.002892	0.025097	-0.003070
 - 	500	-0.002829	0.024606	-0.003006
 - 	501	-0.002837	0.023923	-0.002936
 - 	502	-0.002801	0.023264	-0.002911
 - 	503	-0.002737	0.023002	-0.002894
 - 	504	-0.002786	0.022988	-0.002815
 - 	505	-0.002625	0.023088	-0.002809
 - 	506	-0.002436	0.023312	-0.002837
 - 	507	-0.002233	0.023633	-0.002920
 - 	508	-0.001967	0.024143	-0.003038
 - 	509	-0.002142	0.024502	-0.003205
 - 	510	-0.002555	0.024738	-0.003397
 - 	511	-0.002799	0.024944	-0.003562
 - 	512	-0.003118	0.025113	-0.003734
 - 	513	-0.003521	0.025170	-0.003998
 - 	514	-0.003906	0.025013	-0.004266
 - 	515	-0.004341	0.024694	-0.004427
 - 	516	-0.004765	0.024583	-0.004657
 - 	517	-0.005036	0.024453	-0.005022
 - 	518	-0.005305	0.024195	-0.005244
 - 	519	-0.005700	0.024213	-0.005405
 - 	520	-0.006175	0.024206	-0.005611
 - 	521	-0.006854	0.024257	-0.005886
 - 	522	-0.007537	0.024406	-0.006209
 - 	523	-0.007786	0.024638	-0.006454
 - 	524	-0.007805	0.024856	-0.006759
 - 	525	-0.007968	0.024909	-0.007113
 - 	526	-0.008003	0.025098	-0.007428
 - 	527	-0.008036	0.025404	-0.007608
 - 	528	-0.008497	0.025499	-0.007735
 - 	529	-0.009103	0.025445	-0.007908
 - 	530	-0.009551	0.025509	-0.008153
 - 	531	-0.010096	0.025735	-0.008358
 - 	532	-0.010485	0.025619	-0.008440
 - 	533	-0.010693	0.025631	-0.008453
 - 	534	-0.010944	0.025646	-0.008534
 - 	535	-0.011359	0.025425	-0.008790
 - 	536	-0.011356	0.025270	-0.008933
 - 	537	-0.011294	0.025083	-0.008864
 - 	538	-0.011222	0.024753	-0.008806
 - 	539	-0.011158	0.024667	-0.008845
 - 	540	-0.011158	0.024638	-0.008900
 - 	541	-0.011544	0.024477	-0.008822
 - 	542	-0.011894	0.024396	-0.008686
 - 	543	-0.011797	0.024114	-0.008592
 - 	544	-0.011404	0.023983	-0.008526
 - 	545	-0.011054	0.023812	-0.008400
 - 	546	-0.010676	0.023627	-0.008201
 - 	547	-0.010306	0.023272	-0.007956
 - 	548	-0.009833	0.022834	-0.007729
 - 	549	-0.009324	0.022509	-0.007511
 - 	550	-0.008842	0.022061	-0.007258
 - 	551	-0.008305	0.021739	-0.006993
 - 	552	-0.007915	0.021518	-0.006809
 - 	553	-0.007683	0.021336	-0.006687
 - 	554	-0.007321	0.021191	-0.006462
 - 	555	-0.006856	0.020729	-0.006243
 - 	556	-0.006438	0.020187	-0.006019
 - 	557	-0.005869	0.019909	-0.005713
 - 	558	-0.004803	0.019656	-0.005444
 - 	559	-0.003815	0.019071	-0.005226
 - 	560	-0.003254	0.018294	-0.005024
 - 	561	-0.002570	0.017359	-0.004744
 - 	562	-0.001625	0.016485	-0.004325
 - 	563	-0.000724	0.015859	-0.003937
 - 	564	0.000326	0.015188	-0.003578
 - 	565	0.001457	0.014408	-0.003242
 - 	566	0.002213	0.013577	-0.002854
 - 	567	0.002916	0.012791	-0.002451
 - 	568	0.003562	0.011915	-0.002130
 - 	569	0.003963	0.010979	-0.001747
 - 	570	0.004252	0.010230	-0.001258
 - 	571	0.004805	0.009385	-0.000943
 - 	572	0.005842	0.008478	-0.000806
 - 	573	0.006474	0.007595	-0.000628
 - 	574	0.006532	0.007044	-0.000355
 - 	575	0.006234	0.006440	-0.000202
 - 	576	0.005334	0.005570	-0.000046
 - 	577	0.003642	0.004741	0.000238
 - 	578	0.002957	0.004001	0.000304
 - 	579	0.003050	0.003089	0.000068
 - 	580	0.003117	0.002058	-0.000200
 - 	581	0.003102	0.001375	-0.000271
 - 	582	0.003275	0.000893	-0.000306
 - 	583	0.002955	0.000359	-0.000369
 - 	584	0.002226	-0.000017	-0.000430
 - 	585	0.001200	-0.000221	-0.000328
 - 	586	0.000331	-0.000424	-0.000207
 - 	587	-0.001590	-0.000889	-0.000594
 - 	588	-0.001835	-0.001167	-0.000748
 - 	589	-0.002037	-0.001441	-0.000922
 - 	590	-0.002184	-0.001689	-0.001106
 - 	591	-0.002239	-0.001878	-0.001285
 - 	592	-0.002176	-0.001976	-0.001431
 - 	593	-0.002011	-0.001978	-0.001525
 - 	594	-0.001809	-0.001902	-0.001557
 - 	595	-0.001609	-0.001783	-0.001538
 - 	596	-0.001400	-0.001642	-0.001480
 - 	597	-0.001168	-0.001499	-0.001399
 - 	598	-0.000925	-0.001362	-0.001306
 - 	599	-0.000657	-0.001243	-0.001218
 - 	600	-0.000395	-0.001141	-0.001142
 - 	601	-0.000143	-0.001053	-0.001078
 - 	602	0.000084	-0.000974	-0.001026
 - 	603	0.000273	-0.000903	-0.000985
 - 	604	0.000426	-0.000834	-0.000947
 - 	605	0.000531	-0.000763	-0.000904
 - 	606	0.000589	-0.000693	-0.000859
 - 	607	0.000591	-0.000628	-0.000815
 - 	608	0.000560	-0.000571	-0.000776
 - 	609	0.000484	-0.000522	-0.000743
 - 	610	0.000379	-0.000477	-0.000710
 - 	611	0.000255	-0.000436	-0.000676
 - 	612	0.000126	-0.000396	-0.000639
 - 	613	-0.000014	-0.000363	-0.000605
 - 	614	-0.000172	-0.000342	-0.000584
 - 	615	-0.000343	-0.000331	-0.000573
 - 	616	-0.000514	-0.000329	-0.000574
 - 	617	-0.000673	-0.000333	-0.000578
 - 	618	-0.000810	-0.000338	-0.000582
 - 	619	-0.000923	-0.000343	-0.000587
 - 	620	-0.000999	-0.000351	-0.000592
 - 	621	-0.001042	-0.000359	-0.000597
 - 	622	-0.001054	-0.000362	-0.000594
 - 	623	-0.001041	-0.000356	-0.000578
 - 	624	-0.001021	-0.000337	-0.000545
 - 	625	-0.000996	-0.000301	-0.000489
 - 	626	-0.000987	-0.000247	-0.000406
 - 	627	-0.001004	-0.000184	-0.000314
 - 	628	-0.001065	-0.000121	-0.000221
 - 	629	-0.001174	-0.000059	-0.000134
 - 	630	-0.001333	-0.000003	-0.000059
 - 	631	-0.001532	0.000046	-0.000001
 - 	632	-0.001762	0.000088	0.000042
 - 	633	-0.002022	0.000124	0.000073
 - 	634	-0.002311	0.000148	0.000089
 - 	635	-0.002622	0.000152	0.000084
 - 	636	-0.002943	0.000131	0.000061
 - 	637	-0.003254	0.000093	0.000029
 - 	638	-0.003545	0.000039	-0.000006
 - 	639	-0.003801	-0.000025	-0.000040
 - 	640	-0.004010	-0.000101	-0.000073
 - 	641	-0.004160	-0.000188	-0.000108
 - 	642	-0.004253	-0.000286	-0.000143
 - 	643	-0.004285	-0.000388	-0.000175
 - 	644	-0.004273	-0.000481	-0.000192
 - 	645	-0.004220	-0.000550	-0.000191
 - 	646	-0.004126	-0.000584	-0.000169
 - 	647	-0.003999	-0.000591	-0.000137
 - 	648	-0.003860	-0.000579	-0.000103
 - 	649	-0.003729	-0.000553	-0.000072
 - 	650	-0.003622	-0.000514	-0.000046
 - 	651	-0.003549	-0.000471	-0.000028
 - 	652	-0.003523	-0.000424	-0.000017
 - 	653	-0.003534	-0.000377	-0.000012
 - 	654	-0.003555	-0.000328	-0.000011
 - 	655	-0.003565	-0.000273	-0.000010
 - 	656	-0.003560	-0.000212	-0.000007
 - 	657	-0.003550	-0.000151	-0.000003
 - 	658	-0.003536	-0.000102	0.000001
 - 	659	-0.003515	-0.000076	0.000003
 - 	660	-0.003487	-0.000068	0.000005
 - 	661	-0.003457	-0.000065	0.000010
 - 	662	-0.003449	-0.000055	0.000017
 - 	663	-0.003479	-0.000025	0.000023
 - 	664	-0.003579	0.000026	0.000024
 - 	665	-0.003764	0.000100	0.000018
 - 	666	-0.004028	0.000200	0.000001
 - 	667	-0.004361	0.000326	-0.000028
 - 	668	-0.004756	0.000464	-0.000072
 - 	669	-0.005213	0.000593	-0.000127
 - 	670	-0.005714	0.000701	-0.000188
 - 	671	-0.006220	0.000775	-0.000247
 - 	672	-0.006675	0.000805	-0.000298
 - 	673	-0.007016	0.000789	-0.000337
 - 	674	-0.007196	0.000731	-0.000364
 - 	675	-0.007215	0.000640	-0.000376
 - 	676	-0.007083	0.000528	-0.000370
 - 	677	-0.006836	0.000409	-0.000347
 - 	678	-0.006499	0.000286	-0.000311
 - 	679	-0.006093	0.000155	-0.000266
 - 	680	-0.005636	0.000019	-0.000218
 - 	681	-0.005148	-0.000110	-0.000169
 - 	682	-0.004628	-0.000214	-0.000124
 - 	683	-0.004055	-0.000296	-0.000087
 - 	684	-0.003402	-0.000364	-0.000060
 - 	685	-0.002676	-0.000409	-0.000046
 - 	686	-0.001922	-0.000415	-0.000045
 - 	687	-0.001165	-0.000367	-0.000055
 - 	688	-0.000435	-0.000264	-0.000073
 - 	689	0.000231	-0.000105	-0.000098
 - 	690	0.000808	0.000108	-0.000124
 - 	691	0.001280	0.000370	-0.000146
 - 	692	0.001625	0.000662	-0.000161
 - 	693	0.001832	0.000970	-0.000168
 - 	694	0.001912	0.001268	-0.000167
 - 	695	0.001912	0.001528	-0.000160
 - 	696	0.001870	0.001730	-0.000148
 - 	697	0.001802	0.001866	-0.000130
 - 	698	0.001717	0.001930	-0.000104
 - 	699	0.001619	0.001910	-0.000070
 - 	700	0.001523	0.001797	-0.000029
 - 	701	0.001420	0.001601	0.000015
 - 	702	0.001305	0.001329	0.000060
 - 	703	0.001184	0.000983	0.000103
 - 	704	0.001069	0.000563	0.000143
 - 	705	0.000967	0.000074	0.000180
 - 	706	0.000892	-0.000479	0.000210
 - 	707	0.000836	-0.001082	0.000232
 - 	708	0.000783	-0.001713	0.000244
 - 	709	0.000733	-0.002329	0.000242
 - 	710	0.000695	-0.002873	0.000224
 - 	711	0.000651	-0.003283	0.000190
 - 	712	0.000594	-0.003523	0.000141
 - 	713	0.000530	-0.003585	0.000080
 - 	714	0.000471	-0.003493	0.000014
 - 	715	0.000406	-0.003279	-0.000048
 - 	716	0.000330	-0.002975	-0.000098
 - 	717	0.000244	-0.002601	-0.000131
 - 	718	0.000163	-0.002180	-0.000145
 - 	719	0.000081	-0.001734	-0.000146
 - 	720	0.000008	-0.001278	-0.000138
 - 	721	-0.000048	-0.000830	-0.000122
 - 	722	-0.000090	-0.000411	-0.000104
 - 	723	-0.000117	-0.000033	-0.000084
 - 	724	-0.000135	0.000290	-0.000065
 - 	725	-0.000135	0.000541	-0.000047
 - 	726	-0.000128	0.000708	-0.000032
 - 	727	-0.000107	0.000786	-0.000020
 - 	728	-0.000089	0.000776	-0.000013
 - 	729	-0.000063	0.000685	-0.000012
 - 	730	-0.000022	0.000529	-0.000015
 - 	731	0.000046	0.000328	-0.000019
 - 	732	0.000120	0.000110	-0.000025
 - 	733	0.000186	-0.000109	-0.000033
 - 	734	0.000236	-0.000313	-0.000045
 - 	735	0.000280	-0.000497	-0.000059
 - 	736	0.000312	-0.000656	-0.000073
 - 	737	0.000342	-0.000783	-0.000085
 - 	738	0.000353	-0.000877	-0.000091
 - 	739	0.000360	-0.000931	-0.000090
 - 	740	0.000368	-0.000950	-0.000084
 - 	741	0.000380	-0.000944	-0.000075
 - 	742	0.000405	-0.000928	-0.000064
 - 	743	0.000439	-0.000907	-0.000055
 - 	744	0.000480	-0.000887	-0.000047
 - 	745	0.000531	-0.000869	-0.000040
 - 	746	0.000577	-0.000856	-0.000033
 - 	747	0.000622	-0.000846	-0.000025
 - 	748	0.000681	-0.000835	-0.000017
 - 	749	0.000756	-0.000824	-0.000011
 - 	750	0.000865	-0.000811	-0.000008
 - 	751	0.000991	-0.000799	-0.000007
 - 	752	0.001137	-0.000787	-0.000007
 - 	753	0.001290	-0.000772	-0.000008
 - 	754	0.001449	-0.000754	-0.000011
 - 	755	0.001614	-0.000733	-0.000015
 - 	756	0.001771	-0.000710	-0.000020
 - 	757	0.001918	-0.000685	-0.000025
 - 	758	0.002028	-0.000656	-0.000030
 - 	759	0.002096	-0.000619	-0.000032
 - 	760	0.002090	-0.000570	-0.000030
 - 	761	0.002023	-0.000513	-0.000025
 - 	762	0.001908	-0.000451	-0.000020
 - 	763	0.001757	-0.000397	-0.000015
 - 	764	0.001577	-0.000361	-0.000009
 - 	765	0.001386	-0.000353	-0.000001
 - 	766	0.001198	-0.000373	0.000009
 - 	767	0.001011	-0.000414	0.000019
 - 	768	0.000830	-0.000466	0.000030
 - 	769	0.000653	-0.000522	0.000040
 - 	770	0.000500	-0.000580	0.000048
 - 	771	0.000380	-0.000635	0.000055
 - 	772	0.000298	-0.000684	0.000058
 - 	773	0.000250	-0.000726	0.000059
 - 	774	0.000229	-0.000752	0.000058
 - 	775	0.000225	-0.000769	0.000055
 - 	776	0.000240	-0.000769	0.000051
 - 	777	0.000259	-0.000765	0.000049
 - 	778	0.000268	-0.000755	0.000048
 - 	779	0.000276	-0.000740	0.000048
 - 	780	0.000264	-0.000723	0.000050
 - 	781	0.000243	-0.000707	0.000052
 - 	782	0.000220	-0.000698	0.000053
 - 	783	0.000206	-0.000699	0.000051
 - 	784	0.000201	-0.000708	0.000047
 - 	785	0.000199	-0.000717	0.000041
 - 	786	0.000192	-0.000719	0.000036
 - 	787	0.000170	-0.000718	0.000033
 - 	788	0.000131	-0.000718	0.000033
 - 	789	0.000078	-0.000732	0.000037
 - 	790	0.000013	-0.000757	0.000044
 - 	791	-0.000058	-0.000788	0.000054
 - 	792	-0.000120	-0.000815	0.000063
 - 	793	-0.000163	-0.000822	0.000071
 - 	794	-0.000175	-0.000807	0.000075
 - 	795	-0.000167	-0.000781	0.000077
 - 	796	-0.000148	-0.000758	0.000077
 - 	797	-0.000134	-0.000739	0.000077
 - 	798	-0.000125	-0.000723	0.000074
 - 	799	-0.000121	-0.000710	0.000070
 - 	800	-0.000127	-0.000701	0.000066
 - 	801	-0.000136	-0.000696	0.000062
 - 	802	-0.000150	-0.000690	0.000058
 - 	803	-0.000167	-0.000680	0.000053
 - 	804	-0.000179	-0.000670	0.000046
 - 	805	-0.000190	-0.000662	0.000041
 - 	806	-0.000199	-0.000655	0.000036
 - 	807	-0.000223	-0.000644	0.000035
 - 	808	-0.000253	-0.000628	0.000036
 - 	809	-0.000271	-0.000613	0.000037
 - 	810	-0.000268	-0.000613	0.000037
 - 	811	-0.000249	-0.000625	0.000035
 - 	812	-0.000229	-0.000655	0.000033
 - 	813	-0.000212	-0.000687	0.000031
 - 	814	-0.000201	-0.000723	0.000030
 - 	815	-0.000202	-0.000759	0.000032
 - 	816	-0.000213	-0.000794	0.000036
 - 	817	-0.000238	-0.000820	0.000042
 - 	818	-0.000269	-0.000833	0.000047
 - 	819	-0.000305	-0.000832	0.000052
 - 	820	-0.000340	-0.000820	0.000055
 - 	821	-0.000373	-0.000810	0.000056
 - 	822	-0.000412	-0.000803	0.000054
 - 	823	-0.000455	-0.000799	0.000051
 - 	824	-0.000505	-0.000798	0.000048
 - 	825	-0.000552	-0.000799	0.000045
 - 	826	-0.000599	-0.000801	0.000044
 - 	827	-0.000645	-0.000803	0.000044
 - 	828	-0.000683	-0.000816	0.000045
 - 	829	-0.000718	-0.000839	0.000047
 - 	830	-0.000741	-0.000870	0.000050
 - 	831	-0.000762	-0.000898	0.000055
 - 	832	-0.000782	-0.000916	0.000063
 - 	833	-0.000795	-0.000926	0.000071
 - 	834	-0.000816	-0.000928	0.000080
 - 	835	-0.000830	-0.000921	0.000085
 - 	836	-0.000835	-0.000903	0.000088
 - 	837	-0.000841	-0.000884	0.000089
 - 	838	-0.000833	-0.000867	0.000086
 - 	839	-0.000794	-0.000857	0.000076
 - 	840	-0.000734	-0.000844	0.000062
 - 	841	-0.000674	-0.000823	0.000047
 - 	842	-0.000637	-0.000797	0.000034
 - 	843	-0.000616	-0.000771	0.000026
 - 	844	-0.000614	-0.000746	0.000020
 - 	845	-0.000617	-0.000721	0.000018
 - 	846	-0.000625	-0.000684	0.000017
 - 	847	-0.000633	-0.000632	0.000017
 - 	848	-0.000654	-0.000577	0.000017
 - 	849	-0.000677	-0.000527	0.000017
 - 	850	-0.000718	-0.000474	0.000017
 - 	851	-0.000770	-0.000404	0.000017
 - 	852	-0.000833	-0.000310	0.000018
 - 	853	-0.000909	-0.000200	0.000019
 - 	854	-0.000993	-0.000086	0.000023
 - 	855	-0.001081	0.000024	0.000029
 - 	856	-0.001171	0.000131	0.000038
 - 	857	-0.001256	0.000233	0.000048
 - 	858	-0.001346	0.000323	0.000059
 - 	859	-0.001445	0.000390	0.000071
 - 	860	-0.001552	0.000417	0.000083
 - 	861	-0.001666	0.000405	0.000093
 - 	862	-0.001782	0.000361	0.000099
 - 	863	-0.001884	0.000295	0.000101
 - 	864	-0.001968	0.000217	0.000099
 - 	865	-0.002037	0.000135	0.000093
 - 	866	-0.002095	0.000058	0.000085
 - 	867	-0.002143	-0.000016	0.000077
 - 	868	-0.002184	-0.000087	0.000068
 - 	869	-0.002192	-0.000159	0.000057
 - 	870	-0.002183	-0.000218	0.000046
 - 	871	-0.002139	-0.000250	0.000038
 - 	872	-0.002071	-0.000254	0.000035
 - 	873	-0.001995	-0.000240	0.000038
 - 	874	-0.001906	-0.000209	0.000044
 - 	875	-0.001823	-0.000152	0.000056
 - 	876	-0.001751	-0.000078	0.000069
 - 	877	-0.001708	0.000001	0.000083
 - 	878	-0.001692	0.000075	0.000097
 - 	879	-0.001710	0.000142	0.000111
 - 	880	-0.001747	0.000201	0.000125
 - 	881	-0.001805	0.000254	0.000140
 - 	882	-0.001879	0.000309	0.000158
 - 	883	-0.001987	0.000364	0.000179
 - 	884	-0.002113	0.000421	0.000203
 - 	885	-0.002274	0.000476	0.000230
 - 	886	-0.002477	0.000520	0.000258
 - 	887	-0.002721	0.000544	0.000284
 - 	888	-0.003001	0.000549	0.000305
 - 	889	-0.003313	0.000536	0.000321
 - 	890	-0.003636	0.000497	0.000325
 - 	891	-0.003992	0.000422	0.000320
 - 	892	-0.004370	0.000292	0.000300
 - 	893	-0.004745	0.000120	0.000271
 - 	894	-0.005053	-0.000086	0.000234
 - 	895	-0.005241	-0.000309	0.000194
 - 	896	-0.005262	-0.000542	0.000149
 - 	897	-0.005010	-0.000770	0.000093
 - 	898			
 - 	899			
 - 	900			
 - 	901			
 - 	902			
 - 	903			
 - 	904			
 - 	905			
 - 	906			
 - 	907			
 - 	908			
 - 	909			
 - 	910			
 - 	911			
 - 	912			
 - 	913			
 - 	914			
 - 	915			
 - 	916			
 - 	917			
 - 	918			
 - 	919			
 - 	920			
 - 	921			
 - 	922			
 - 	923			
 - 	924			
 - 	925			
 - 	926			
 - 	927			
 - 	928			
 - 	929			
 - 	930			
 - 	931			
 - 	932			
 - 	933			
 - 	934			
 - 	935			
 - 	936			
 - 	937			
 - 	938			
 - 	939			
 - 	940			
 - 	941			
 - 	942			
 - 	943			
 - 	944			
 - 	945			
 - 	946			
 - 	947			
 - 	948			
 - 	949			
 - 	950			
 - 	951			
 - 	952			
 - 	953			
 - 	954			
 - 	955			
 - 	956			
 - 	957			
 - 	958			
 - 	959			
 - 	960			
 - 	961			
 - 	962			
 - 	963			
 - 	964			
 - 	965			
 - 	966			
 - 	967			
 - 	968			
 - 	969			
 - 	970			
 - 	971			
 - 	972			
 - 	973			
 - 	974			
 - 	975			
 - 	976			
 - 	977			
 - 	978			
 - 	979			
 - 	980			
 - 	981			
 - 	982			
 - 	983			
 - 	984			
 - 	985			
 - 	986			
 - 	987			
 - 	988			
 - 	989			
 - 	990			
 - 	991			
 - 	992			
 - 	993			
 - 	994			
 - 	995			
 - 	996			
 - 	997			
 - 	998			
 - 	999			
 - 	1000			
 - 	1001			
 - 	1002			
 - 	1003			
 - 	1004			
 - 	1005			
 - 	1006			
 - 	1007			
 - 	1008			
 - 	1009			
 - 	1010			
 - 	1011			
 - 	1012			
 - 	1013			
 - 	1014			
 - 	1015			
 - 	1016			
 - 	1017			
 - 	1018			
 - 	1019			
 - 	1020			
 - 	1021			
 - 	1022			
 - 	1023			
 - 	1024			
 - 	1025			
 - 	1026			
 - 	1027			
 - 	1028			
 - 	1029			
 - 	1030			
 - 	1031			
 - 	1032			
 - 	1033			
 - 	1034			
 - 	1035			
 - 	1036			
 - 	1037			
 - 	1038			
 - 	1039			
 - 	1040			
 - 	1041			
 - 	1042			
 - 	1043			
 - 	1044			
 - 	1045			
 - 	1046			
