RKNE_MOMENT
File	Frame	X 	Y 	Z 
Trial_8.filtered_40.c3d	1			
 - 	2			
 - 	3	0.002364	0.000419	-0.000060
 - 	4	0.002371	0.000416	-0.000058
 - 	5	0.002358	0.000418	-0.000057
 - 	6	0.002356	0.000360	-0.000056
 - 	7	0.002434	0.001071	-0.000070
 - 	8	0.002312	-0.000219	-0.000024
 - 	9	0.002396	0.000497	-0.000032
 - 	10	0.002388	0.000444	-0.000034
 - 	11	0.002395	0.000453	-0.000036
 - 	12	0.002396	0.000460	-0.000039
 - 	13	0.002402	0.000464	-0.000041
 - 	14	0.002410	0.000462	-0.000042
 - 	15	0.002419	0.000456	-0.000042
 - 	16	0.002428	0.000447	-0.000042
 - 	17	0.002431	0.000439	-0.000041
 - 	18	0.002427	0.000434	-0.000040
 - 	19	0.002439	0.000431	-0.000039
 - 	20	0.002421	0.000423	-0.000037
 - 	21	0.002412	0.000415	-0.000035
 - 	22	0.002396	0.000406	-0.000033
 - 	23	0.002386	0.000402	-0.000032
 - 	24	0.002372	0.000402	-0.000031
 - 	25	0.002376	0.000405	-0.000030
 - 	26	0.002362	0.000412	-0.000030
 - 	27	0.002355	0.000423	-0.000031
 - 	28	0.002347	0.000439	-0.000033
 - 	29	0.002355	0.000457	-0.000035
 - 	30	0.002361	0.000469	-0.000037
 - 	31	0.002371	0.000477	-0.000039
 - 	32	0.002380	0.000474	-0.000040
 - 	33	0.002388	0.000463	-0.000040
 - 	34	0.002395	0.000448	-0.000039
 - 	35	0.002407	0.000431	-0.000037
 - 	36	0.002405	0.000413	-0.000035
 - 	37	0.002417	0.000396	-0.000032
 - 	38	0.002434	0.000387	-0.000030
 - 	39	0.002443	0.000387	-0.000029
 - 	40	0.002457	0.000389	-0.000029
 - 	41	0.002447	0.000386	-0.000029
 - 	42	0.002432	0.000380	-0.000029
 - 	43	0.002417	0.000379	-0.000029
 - 	44	0.002396	0.000383	-0.000031
 - 	45	0.002382	0.000396	-0.000032
 - 	46	0.002370	0.000410	-0.000033
 - 	47	0.002368	0.000421	-0.000035
 - 	48	0.002359	0.000434	-0.000036
 - 	49	0.002355	0.000444	-0.000036
 - 	50	0.002365	0.000453	-0.000037
 - 	51	0.002363	0.000463	-0.000037
 - 	52	0.002382	0.000474	-0.000037
 - 	53	0.002393	0.000477	-0.000037
 - 	54	0.002412	0.000476	-0.000037
 - 	55	0.002417	0.000469	-0.000037
 - 	56	0.002427	0.000458	-0.000037
 - 	57	0.002430	0.000444	-0.000038
 - 	58	0.002428	0.000431	-0.000037
 - 	59	0.002418	0.000419	-0.000036
 - 	60	0.002411	0.000409	-0.000036
 - 	61	0.002394	0.000408	-0.000036
 - 	62	0.002382	0.000411	-0.000037
 - 	63	0.002372	0.000420	-0.000038
 - 	64	0.002355	0.000428	-0.000040
 - 	65	0.002350	0.000434	-0.000041
 - 	66	0.002355	0.000438	-0.000041
 - 	67	0.002359	0.000439	-0.000040
 - 	68	0.002365	0.000436	-0.000039
 - 	69	0.002358	0.000433	-0.000037
 - 	70	0.002374	0.000428	-0.000035
 - 	71	0.002383	0.000421	-0.000033
 - 	72	0.002390	0.000411	-0.000032
 - 	73	0.002417	0.000400	-0.000031
 - 	74	0.002437	0.000385	-0.000030
 - 	75	0.002457	0.000378	-0.000029
 - 	76	0.002462	0.000375	-0.000029
 - 	77	0.002472	0.000385	-0.000030
 - 	78	0.002462	0.000401	-0.000032
 - 	79	0.002458	0.000416	-0.000033
 - 	80	0.002442	0.000428	-0.000035
 - 	81	0.002430	0.000439	-0.000036
 - 	82	0.002402	0.000452	-0.000038
 - 	83	0.002391	0.000467	-0.000041
 - 	84	0.002370	0.000483	-0.000044
 - 	85	0.002346	0.000492	-0.000046
 - 	86	0.002305	0.000505	-0.000043
 - 	87	0.002312	0.000482	-0.000045
 - 	88	0.002328	0.000450	-0.000045
 - 	89	0.002316	0.000435	-0.000038
 - 	90	0.002335	0.000404	-0.000034
 - 	91	0.002351	0.000372	-0.000030
 - 	92	0.002378	0.000343	-0.000027
 - 	93	0.002409	0.000324	-0.000025
 - 	94	0.002428	0.000321	-0.000026
 - 	95	0.002447	0.000327	-0.000029
 - 	96	0.002453	0.000342	-0.000031
 - 	97	0.002456	0.000362	-0.000034
 - 	98	0.002446	0.000384	-0.000036
 - 	99	0.002431	0.000402	-0.000037
 - 	100	0.002408	0.000412	-0.000037
 - 	101	0.002399	0.000413	-0.000037
 - 	102	0.002394	0.000411	-0.000037
 - 	103	0.002390	0.000410	-0.000037
 - 	104	0.002393	0.000415	-0.000038
 - 	105	0.002393	0.000419	-0.000037
 - 	106	0.002408	0.000421	-0.000036
 - 	107	0.002414	0.000416	-0.000035
 - 	108	0.002439	0.000407	-0.000034
 - 	109	0.002442	0.000395	-0.000032
 - 	110	0.002460	0.000386	-0.000031
 - 	111	0.002474	0.000384	-0.000029
 - 	112	0.002485	0.000390	-0.000029
 - 	113	0.002506	0.000397	-0.000028
 - 	114	0.002537	0.000403	-0.000029
 - 	115	0.002550	0.000406	-0.000032
 - 	116	0.002585	0.000420	-0.000037
 - 	117	0.002619	0.000437	-0.000044
 - 	118	0.002652	0.000462	-0.000051
 - 	119	0.002693	0.000483	-0.000057
 - 	120	0.002734	0.000498	-0.000063
 - 	121	0.002771	0.000508	-0.000069
 - 	122	0.002805	0.000520	-0.000073
 - 	123	0.002815	0.000530	-0.000077
 - 	124	0.002817	0.000535	-0.000078
 - 	125	0.002788	0.000529	-0.000075
 - 	126	0.002749	0.000510	-0.000066
 - 	127	0.002646	0.000474	-0.000049
 - 	128	0.002522	0.000428	-0.000027
 - 	129	0.002361	0.000383	-0.000002
 - 	130	0.002225	0.000350	0.000020
 - 	131	0.002149	0.000333	0.000035
 - 	132	0.002103	0.000326	0.000043
 - 	133	0.002098	0.000327	0.000046
 - 	134	0.002124	0.000331	0.000044
 - 	135	0.002128	0.000335	0.000039
 - 	136	0.002171	0.000339	0.000032
 - 	137	0.002198	0.000339	0.000024
 - 	138	0.002261	0.000337	0.000014
 - 	139	0.002342	0.000336	0.000001
 - 	140	0.002458	0.000341	-0.000015
 - 	141	0.002566	0.000348	-0.000032
 - 	142	0.002658	0.000355	-0.000045
 - 	143	0.002701	0.000359	-0.000053
 - 	144	0.002707	0.000358	-0.000055
 - 	145	0.002666	0.000351	-0.000052
 - 	146	0.002594	0.000338	-0.000046
 - 	147	0.002466	0.000323	-0.000037
 - 	148	0.002330	0.000312	-0.000028
 - 	149	0.002201	0.000305	-0.000020
 - 	150	0.002131	0.000304	-0.000017
 - 	151	0.002112	0.000304	-0.000016
 - 	152	0.002087	0.000298	-0.000017
 - 	153	0.002070	0.000287	-0.000017
 - 	154	0.002057	0.000276	-0.000016
 - 	155	0.002043	0.000265	-0.000016
 - 	156	0.002024	0.000260	-0.000015
 - 	157	0.002014	0.000260	-0.000013
 - 	158	0.001985	0.000267	-0.000010
 - 	159	0.001967	0.000276	-0.000007
 - 	160	0.001945	0.000281	-0.000004
 - 	161	0.001915	0.000283	-0.000001
 - 	162	0.001875	0.000278	0.000000
 - 	163	0.001854	0.000269	0.000002
 - 	164	0.001814	0.000258	0.000003
 - 	165	0.001793	0.000252	0.000004
 - 	166	0.001754	0.000248	0.000004
 - 	167	0.001736	0.000248	0.000003
 - 	168	0.001703	0.000245	0.000002
 - 	169	0.001699	0.000243	-0.000000
 - 	170	0.001673	0.000245	-0.000002
 - 	171	0.001664	0.000252	-0.000003
 - 	172	0.001638	0.000262	-0.000003
 - 	173	0.001609	0.000271	-0.000004
 - 	174	0.001563	0.000281	-0.000005
 - 	175	0.001540	0.000289	-0.000005
 - 	176	0.001509	0.000295	-0.000004
 - 	177	0.001490	0.000300	-0.000002
 - 	178	0.001478	0.000304	0.000001
 - 	179	0.001467	0.000313	0.000007
 - 	180	0.001476	0.000325	0.000012
 - 	181	0.001464	0.000341	0.000018
 - 	182	0.001456	0.000358	0.000023
 - 	183	0.001433	0.000374	0.000027
 - 	184	0.001422	0.000387	0.000029
 - 	185	0.001399	0.000392	0.000029
 - 	186	0.001375	0.000383	0.000028
 - 	187	0.001347	0.000359	0.000024
 - 	188	0.001303	0.000311	0.000017
 - 	189	0.001254	0.000251	0.000008
 - 	190	0.001188	0.000181	-0.000002
 - 	191	0.001095	0.000111	-0.000012
 - 	192	0.001028	0.000045	-0.000020
 - 	193	0.000956	-0.000015	-0.000026
 - 	194	0.000880	-0.000070	-0.000031
 - 	195	0.000834	-0.000115	-0.000035
 - 	196	0.000782	-0.000152	-0.000038
 - 	197	0.000742	-0.000179	-0.000040
 - 	198	0.000705	-0.000199	-0.000041
 - 	199	0.000676	-0.000214	-0.000042
 - 	200	0.000654	-0.000224	-0.000043
 - 	201	0.000625	-0.000228	-0.000043
 - 	202	0.000597	-0.000227	-0.000042
 - 	203	0.000565	-0.000225	-0.000040
 - 	204	0.000536	-0.000222	-0.000037
 - 	205	0.000514	-0.000218	-0.000033
 - 	206	0.000498	-0.000213	-0.000030
 - 	207	0.000462	-0.000205	-0.000025
 - 	208	0.000450	-0.000190	-0.000021
 - 	209	0.000434	-0.000169	-0.000017
 - 	210	0.000425	-0.000147	-0.000014
 - 	211	0.000451	-0.000123	-0.000014
 - 	212	0.000467	-0.000097	-0.000015
 - 	213	0.000495	-0.000067	-0.000018
 - 	214	0.000497	-0.000046	-0.000021
 - 	215	0.000482	-0.000036	-0.000025
 - 	216	0.000462	-0.000031	-0.000028
 - 	217	0.000400	-0.000034	-0.000031
 - 	218	0.000345	-0.000034	-0.000033
 - 	219	0.000268	-0.000044	-0.000035
 - 	220	0.000181	-0.000067	-0.000037
 - 	221	0.000102	-0.000104	-0.000038
 - 	222	-0.000013	-0.000156	-0.000036
 - 	223	-0.000108	-0.000219	-0.000033
 - 	224	-0.000187	-0.000284	-0.000029
 - 	225	-0.000229	-0.000339	-0.000024
 - 	226	-0.000224	-0.000382	-0.000021
 - 	227	-0.000169	-0.000416	-0.000022
 - 	228	-0.000092	-0.000442	-0.000026
 - 	229	0.000016	-0.000448	-0.000031
 - 	230	0.000109	-0.000439	-0.000036
 - 	231	0.000189	-0.000424	-0.000042
 - 	232	0.000264	-0.000398	-0.000046
 - 	233	0.000333	-0.000361	-0.000048
 - 	234	0.000369	-0.000319	-0.000046
 - 	235	0.000414	-0.000273	-0.000042
 - 	236	0.000425	-0.000233	-0.000037
 - 	237	0.000449	-0.000197	-0.000031
 - 	238	0.000447	-0.000166	-0.000024
 - 	239	0.000460	-0.000134	-0.000017
 - 	240	0.000487	-0.000102	-0.000011
 - 	241	0.000502	-0.000084	-0.000005
 - 	242	0.000545	-0.000080	-0.000003
 - 	243	0.000602	-0.000096	-0.000005
 - 	244	0.000648	-0.000132	-0.000009
 - 	245	0.000684	-0.000182	-0.000014
 - 	246	0.000711	-0.000240	-0.000021
 - 	247	0.000705	-0.000307	-0.000027
 - 	248	0.000689	-0.000378	-0.000033
 - 	249	0.000641	-0.000456	-0.000037
 - 	250	0.000572	-0.000535	-0.000040
 - 	251	0.000510	-0.000600	-0.000042
 - 	252	0.000431	-0.000648	-0.000043
 - 	253	0.000345	-0.000678	-0.000043
 - 	254	0.000271	-0.000693	-0.000045
 - 	255	0.000185	-0.000700	-0.000045
 - 	256	0.000109	-0.000703	-0.000045
 - 	257	0.000035	-0.000711	-0.000043
 - 	258	-0.000024	-0.000725	-0.000041
 - 	259	-0.000072	-0.000744	-0.000038
 - 	260	-0.000089	-0.000773	-0.000035
 - 	261	-0.000120	-0.000810	-0.000031
 - 	262	-0.000133	-0.000855	-0.000027
 - 	263	-0.000141	-0.000901	-0.000023
 - 	264	-0.000160	-0.000946	-0.000019
 - 	265	-0.000175	-0.000982	-0.000014
 - 	266	-0.000176	-0.001003	-0.000010
 - 	267	-0.000189	-0.001003	-0.000004
 - 	268	-0.000177	-0.000983	0.000000
 - 	269	-0.000159	-0.000951	0.000005
 - 	270	-0.000144	-0.000914	0.000009
 - 	271	-0.000104	-0.000872	0.000012
 - 	272	-0.000063	-0.000826	0.000013
 - 	273	0.000002	-0.000775	0.000014
 - 	274	0.000087	-0.000731	0.000013
 - 	275	0.000168	-0.000695	0.000012
 - 	276	0.000268	-0.000666	0.000011
 - 	277	0.000373	-0.000639	0.000010
 - 	278	0.000467	-0.000615	0.000009
 - 	279	0.000565	-0.000594	0.000007
 - 	280	0.000621	-0.000577	0.000006
 - 	281	0.000689	-0.000558	0.000006
 - 	282	0.000725	-0.000540	0.000006
 - 	283	0.000736	-0.000523	0.000008
 - 	284	0.000732	-0.000509	0.000010
 - 	285	0.000709	-0.000500	0.000014
 - 	286	0.000639	-0.000494	0.000020
 - 	287	0.000562	-0.000498	0.000028
 - 	288	0.000468	-0.000511	0.000035
 - 	289	0.000354	-0.000533	0.000043
 - 	290	0.000255	-0.000564	0.000048
 - 	291	0.000147	-0.000598	0.000052
 - 	292	0.000053	-0.000635	0.000055
 - 	293	-0.000015	-0.000672	0.000057
 - 	294	-0.000090	-0.000710	0.000058
 - 	295	-0.000137	-0.000742	0.000059
 - 	296	-0.000175	-0.000769	0.000058
 - 	297	-0.000207	-0.000791	0.000056
 - 	298	-0.000205	-0.000810	0.000054
 - 	299	-0.000214	-0.000828	0.000053
 - 	300	-0.000203	-0.000849	0.000052
 - 	301	-0.000191	-0.000867	0.000053
 - 	302	-0.000176	-0.000882	0.000055
 - 	303	-0.000149	-0.000893	0.000056
 - 	304	-0.000139	-0.000899	0.000058
 - 	305	-0.000117	-0.000900	0.000059
 - 	306	-0.000113	-0.000894	0.000062
 - 	307	-0.000115	-0.000886	0.000065
 - 	308	-0.000134	-0.000879	0.000069
 - 	309	-0.000156	-0.000871	0.000073
 - 	310	-0.000170	-0.000864	0.000077
 - 	311	-0.000203	-0.000855	0.000080
 - 	312	-0.000221	-0.000853	0.000081
 - 	313	-0.000239	-0.000861	0.000083
 - 	314	-0.000278	-0.000876	0.000085
 - 	315	-0.000270	-0.000892	0.000084
 - 	316	-0.000302	-0.000904	0.000085
 - 	317	-0.000301	-0.000914	0.000085
 - 	318	-0.000321	-0.000921	0.000085
 - 	319	-0.000317	-0.000926	0.000084
 - 	320	-0.000342	-0.000933	0.000085
 - 	321	-0.000358	-0.000943	0.000086
 - 	322	-0.000389	-0.000955	0.000089
 - 	323	-0.000422	-0.000962	0.000090
 - 	324	-0.000450	-0.000963	0.000090
 - 	325	-0.000475	-0.000953	0.000088
 - 	326	-0.000499	-0.000931	0.000085
 - 	327	-0.000527	-0.000905	0.000082
 - 	328	-0.000559	-0.000878	0.000078
 - 	329	-0.000575	-0.000858	0.000075
 - 	330	-0.000606	-0.000843	0.000074
 - 	331	-0.000609	-0.000833	0.000073
 - 	332	-0.000617	-0.000827	0.000072
 - 	333	-0.000599	-0.000828	0.000072
 - 	334	-0.000584	-0.000832	0.000073
 - 	335	-0.000558	-0.000830	0.000072
 - 	336	-0.000538	-0.000814	0.000070
 - 	337	-0.000541	-0.000790	0.000068
 - 	338	-0.000533	-0.000766	0.000067
 - 	339	-0.000571	-0.000746	0.000067
 - 	340	-0.000585	-0.000723	0.000067
 - 	341	-0.000625	-0.000695	0.000066
 - 	342	-0.000648	-0.000663	0.000063
 - 	343	-0.000660	-0.000628	0.000059
 - 	344	-0.000670	-0.000599	0.000054
 - 	345	-0.000674	-0.000584	0.000049
 - 	346	-0.000672	-0.000587	0.000046
 - 	347	-0.000663	-0.000607	0.000045
 - 	348	-0.000663	-0.000638	0.000046
 - 	349	-0.000657	-0.000676	0.000048
 - 	350	-0.000675	-0.000710	0.000054
 - 	351	-0.000712	-0.000731	0.000062
 - 	352	-0.000739	-0.000733	0.000068
 - 	353	-0.000762	-0.000716	0.000070
 - 	354	-0.000798	-0.000686	0.000069
 - 	355	-0.000809	-0.000649	0.000064
 - 	356	-0.000847	-0.000611	0.000059
 - 	357	-0.000871	-0.000571	0.000055
 - 	358	-0.000902	-0.000537	0.000053
 - 	359	-0.000921	-0.000520	0.000054
 - 	360	-0.000933	-0.000515	0.000056
 - 	361	-0.000923	-0.000521	0.000059
 - 	362	-0.000903	-0.000531	0.000061
 - 	363	-0.000887	-0.000549	0.000062
 - 	364	-0.000850	-0.000577	0.000062
 - 	365	-0.000850	-0.000610	0.000062
 - 	366	-0.000852	-0.000642	0.000062
 - 	367	-0.000853	-0.000663	0.000061
 - 	368	-0.000840	-0.000674	0.000060
 - 	369	-0.000854	-0.000682	0.000059
 - 	370	-0.000859	-0.000684	0.000058
 - 	371	-0.000865	-0.000678	0.000058
 - 	372	-0.000881	-0.000663	0.000057
 - 	373	-0.000883	-0.000649	0.000055
 - 	374	-0.000889	-0.000646	0.000051
 - 	375	-0.000893	-0.000655	0.000048
 - 	376	-0.000859	-0.000665	0.000042
 - 	377	-0.000833	-0.000667	0.000036
 - 	378	-0.000770	-0.000653	0.000029
 - 	379	-0.000731	-0.000621	0.000025
 - 	380	-0.000693	-0.000572	0.000022
 - 	381	-0.000669	-0.000506	0.000022
 - 	382	-0.000669	-0.000430	0.000023
 - 	383	-0.000692	-0.000349	0.000025
 - 	384	-0.000727	-0.000263	0.000027
 - 	385	-0.000780	-0.000174	0.000031
 - 	386	-0.000817	-0.000090	0.000036
 - 	387	-0.000863	-0.000017	0.000045
 - 	388	-0.000862	0.000046	0.000055
 - 	389	-0.000808	0.000101	0.000066
 - 	390	-0.000731	0.000150	0.000078
 - 	391	-0.000624	0.000196	0.000088
 - 	392	-0.000509	0.000241	0.000097
 - 	393	-0.000449	0.000287	0.000110
 - 	394	-0.000372	0.000324	0.000120
 - 	395	-0.000312	0.000345	0.000126
 - 	396	-0.000220	0.000343	0.000123
 - 	397	-0.000142	0.000325	0.000112
 - 	398	-0.000062	0.000300	0.000093
 - 	399	0.000007	0.000275	0.000069
 - 	400	0.000040	0.000248	0.000041
 - 	401	0.000039	0.000211	0.000012
 - 	402	-0.000044	0.000170	-0.000013
 - 	403	-0.000182	0.000133	-0.000034
 - 	404	-0.000375	0.000106	-0.000048
 - 	405	-0.000591	0.000084	-0.000057
 - 	406	-0.000834	0.000062	-0.000063
 - 	407	-0.001084	0.000033	-0.000070
 - 	408	-0.001327	-0.000001	-0.000078
 - 	409	-0.001552	-0.000054	-0.000096
 - 	410	-0.001773	-0.000146	-0.000132
 - 	411	-0.001975	-0.000295	-0.000199
 - 	412	-0.002141	-0.000501	-0.000306
 - 	413	-0.002297	-0.000739	-0.000443
 - 	414	-0.002400	-0.000984	-0.000602
 - 	415	-0.002479	-0.001210	-0.000769
 - 	416	-0.002495	-0.001403	-0.000937
 - 	417	-0.002472	-0.001550	-0.001093
 - 	418	-0.002382	-0.001643	-0.001229
 - 	419	-0.002252	-0.001681	-0.001333
 - 	420	-0.002080	-0.001668	-0.001401
 - 	421	-0.001854	-0.001608	-0.001429
 - 	422	-0.001622	-0.001508	-0.001415
 - 	423	-0.001356	-0.001381	-0.001363
 - 	424	-0.001039	-0.001235	-0.001276
 - 	425	-0.000678	-0.001077	-0.001158
 - 	426	-0.000307	-0.000913	-0.001017
 - 	427	0.000024	-0.000753	-0.000866
 - 	428	0.000302	-0.000604	-0.000714
 - 	429	0.000504	-0.000474	-0.000572
 - 	430	0.000655	-0.000368	-0.000449
 - 	431	0.000741	-0.000285	-0.000348
 - 	432	0.000786	-0.000226	-0.000273
 - 	433	0.000781	-0.000190	-0.000224
 - 	434	0.000737	-0.000175	-0.000199
 - 	435	0.000657	-0.000178	-0.000196
 - 	436	0.000557	-0.000198	-0.000215
 - 	437	0.000450	-0.000231	-0.000254
 - 	438	0.000333	-0.000269	-0.000302
 - 	439	0.000230	-0.000302	-0.000347
 - 	440	0.000114	-0.000326	-0.000380
 - 	441	-0.000013	-0.000343	-0.000399
 - 	442	-0.000148	-0.000353	-0.000407
 - 	443	-0.000294	-0.000359	-0.000405
 - 	444	-0.000438	-0.000362	-0.000396
 - 	445	-0.000575	-0.000362	-0.000386
 - 	446	-0.000691	-0.000362	-0.000377
 - 	447	-0.000787	-0.000358	-0.000364
 - 	448	-0.000851	-0.000345	-0.000345
 - 	449	-0.000909	-0.000324	-0.000315
 - 	450	-0.000969	-0.000296	-0.000280
 - 	451	-0.001034	-0.000260	-0.000237
 - 	452	-0.001115	-0.000219	-0.000191
 - 	453	-0.001225	-0.000172	-0.000142
 - 	454	-0.001380	-0.000123	-0.000093
 - 	455	-0.001576	-0.000073	-0.000045
 - 	456	-0.001819	-0.000027	0.000000
 - 	457	-0.002103	0.000014	0.000041
 - 	458	-0.002420	0.000044	0.000074
 - 	459	-0.002747	0.000066	0.000100
 - 	460	-0.003056	0.000083	0.000121
 - 	461	-0.003340	0.000093	0.000137
 - 	462	-0.003587	0.000093	0.000145
 - 	463	-0.003797	0.000081	0.000146
 - 	464	-0.003959	0.000056	0.000140
 - 	465	-0.004074	0.000018	0.000128
 - 	466	-0.004143	-0.000032	0.000108
 - 	467	-0.004189	-0.000092	0.000088
 - 	468	-0.004209	-0.000157	0.000069
 - 	469	-0.004220	-0.000223	0.000054
 - 	470	-0.004211	-0.000293	0.000039
 - 	471	-0.004222	-0.000364	0.000026
 - 	472	-0.004233	-0.000437	0.000014
 - 	473	-0.004283	-0.000514	0.000002
 - 	474	-0.004342	-0.000585	-0.000008
 - 	475	-0.004430	-0.000639	-0.000011
 - 	476	-0.004510	-0.000668	-0.000006
 - 	477	-0.004575	-0.000675	-0.000001
 - 	478	-0.004617	-0.000665	0.000002
 - 	479	-0.004643	-0.000638	0.000004
 - 	480	-0.004660	-0.000602	0.000002
 - 	481	-0.004659	-0.000555	-0.000002
 - 	482	-0.004644	-0.000512	-0.000010
 - 	483	-0.004620	-0.000470	-0.000020
 - 	484	-0.004585	-0.000434	-0.000031
 - 	485	-0.004545	-0.000405	-0.000041
 - 	486	-0.004484	-0.000385	-0.000050
 - 	487	-0.004433	-0.000372	-0.000054
 - 	488	-0.004399	-0.000363	-0.000051
 - 	489	-0.004378	-0.000354	-0.000044
 - 	490	-0.004364	-0.000348	-0.000034
 - 	491	-0.004367	-0.000344	-0.000025
 - 	492	-0.004396	-0.000338	-0.000016
 - 	493	-0.004451	-0.000327	-0.000009
 - 	494	-0.004532	-0.000309	-0.000003
 - 	495	-0.004633	-0.000282	-0.000000
 - 	496	-0.004768	-0.000246	-0.000004
 - 	497	-0.004958	-0.000212	-0.000017
 - 	498	-0.005191	-0.000185	-0.000037
 - 	499	-0.005446	-0.000169	-0.000063
 - 	500	-0.005684	-0.000155	-0.000090
 - 	501	-0.005853	-0.000135	-0.000117
 - 	502	-0.005935	-0.000108	-0.000143
 - 	503	-0.005894	-0.000084	-0.000163
 - 	504	-0.005728	-0.000064	-0.000176
 - 	505	-0.005418	-0.000061	-0.000180
 - 	506	-0.004963	-0.000077	-0.000174
 - 	507	-0.004362	-0.000109	-0.000157
 - 	508	-0.003631	-0.000152	-0.000129
 - 	509	-0.002798	-0.000197	-0.000092
 - 	510	-0.001884	-0.000235	-0.000050
 - 	511	-0.000929	-0.000251	-0.000008
 - 	512	0.000019	-0.000227	0.000028
 - 	513	0.000898	-0.000155	0.000055
 - 	514	0.001661	-0.000035	0.000073
 - 	515	0.002253	0.000127	0.000081
 - 	516	0.002634	0.000321	0.000077
 - 	517	0.002796	0.000540	0.000061
 - 	518	0.002803	0.000780	0.000031
 - 	519	0.002718	0.001038	-0.000012
 - 	520	0.002594	0.001303	-0.000068
 - 	521	0.000988	-0.002983	-0.000029
 - 	522	0.001850	-0.003022	-0.000070
 - 	523	0.002012	-0.003395	-0.000144
 - 	524	0.001537	-0.003860	-0.000101
 - 	525	0.000901	-0.004355	0.000055
 - 	526	0.000486	-0.005180	0.000143
 - 	527	0.000840	-0.005895	0.000124
 - 	528	0.002448	-0.005831	0.000086
 - 	529	0.005210	-0.005164	0.000121
 - 	530	0.007505	-0.003950	0.000157
 - 	531	0.008304	-0.002238	0.000245
 - 	532	0.007646	0.000289	0.000342
 - 	533	0.006718	0.004028	0.000352
 - 	534	0.007332	0.008564	0.000349
 - 	535	0.010371	0.011881	0.000529
 - 	536	0.012856	0.013569	0.000844
 - 	537	0.012636	0.014373	0.001207
 - 	538	0.011482	0.014903	0.001547
 - 	539	0.011516	0.015546	0.001757
 - 	540	0.012427	0.016390	0.001896
 - 	541	0.012838	0.017456	0.002133
 - 	542	0.012717	0.018685	0.002469
 - 	543	0.012684	0.019859	0.002836
 - 	544	0.012973	0.020855	0.003146
 - 	545	0.013340	0.021777	0.003413
 - 	546	0.013635	0.022578	0.003609
 - 	547	0.013797	0.023322	0.003813
 - 	548	0.013755	0.023840	0.004033
 - 	549	0.013594	0.023814	0.004206
 - 	550	0.013443	0.023455	0.004335
 - 	551	0.013387	0.023001	0.004366
 - 	552	0.013455	0.022549	0.004339
 - 	553	0.013556	0.022201	0.004366
 - 	554	0.013769	0.022210	0.004439
 - 	555	0.014040	0.022492	0.004535
 - 	556	0.014135	0.022800	0.004649
 - 	557	0.014055	0.023221	0.004757
 - 	558	0.013977	0.023654	0.004865
 - 	559	0.013745	0.024058	0.004977
 - 	560	0.013505	0.024645	0.005104
 - 	561	0.013374	0.025646	0.005250
 - 	562	0.013282	0.026718	0.005339
 - 	563	0.012919	0.027809	0.005405
 - 	564	0.012477	0.029146	0.005463
 - 	565	0.012204	0.030560	0.005465
 - 	566	0.012069	0.031734	0.005397
 - 	567	0.011838	0.032361	0.005254
 - 	568	0.011555	0.032693	0.005117
 - 	569	0.011350	0.033042	0.005033
 - 	570	0.011209	0.033315	0.004918
 - 	571	0.011065	0.033320	0.004785
 - 	572	0.010913	0.033356	0.004670
 - 	573	0.011014	0.033308	0.004491
 - 	574	0.011325	0.033248	0.004273
 - 	575	0.011467	0.033232	0.004047
 - 	576	0.011069	0.033122	0.003845
 - 	577	0.010602	0.032965	0.003718
 - 	578	0.010502	0.032759	0.003601
 - 	579	0.010468	0.032486	0.003444
 - 	580	0.010050	0.032157	0.003277
 - 	581	0.009588	0.032085	0.003160
 - 	582	0.009420	0.032172	0.003029
 - 	583	0.009308	0.032379	0.002833
 - 	584	0.009095	0.032275	0.002627
 - 	585	0.008605	0.031919	0.002441
 - 	586	0.008011	0.031552	0.002285
 - 	587	0.007659	0.031165	0.002093
 - 	588	0.007522	0.030894	0.001863
 - 	589	0.007247	0.030322	0.001608
 - 	590	0.006775	0.029622	0.001323
 - 	591	0.006258	0.029008	0.001058
 - 	592	0.005780	0.028527	0.000814
 - 	593	0.005390	0.027994	0.000569
 - 	594	0.004723	0.027360	0.000337
 - 	595	0.003881	0.026879	0.000112
 - 	596	0.003185	0.026533	-0.000160
 - 	597	0.002484	0.026265	-0.000391
 - 	598	0.001819	0.026113	-0.000536
 - 	599	0.001182	0.026088	-0.000738
 - 	600	0.000394	0.025987	-0.000987
 - 	601	-0.000301	0.025746	-0.001184
 - 	602	-0.000905	0.025602	-0.001360
 - 	603	-0.001480	0.025482	-0.001565
 - 	604	-0.002113	0.025239	-0.001731
 - 	605	-0.002862	0.024885	-0.001852
 - 	606	-0.003536	0.024748	-0.002055
 - 	607	-0.004180	0.024589	-0.002257
 - 	608	-0.004761	0.024356	-0.002365
 - 	609	-0.005186	0.024087	-0.002399
 - 	610	-0.005438	0.023946	-0.002506
 - 	611	-0.005770	0.023829	-0.002704
 - 	612	-0.005996	0.023952	-0.002890
 - 	613	-0.006138	0.024138	-0.003023
 - 	614	-0.006391	0.024023	-0.003145
 - 	615	-0.006628	0.023826	-0.003279
 - 	616	-0.006765	0.023804	-0.003427
 - 	617	-0.007121	0.023841	-0.003530
 - 	618	-0.007651	0.023922	-0.003651
 - 	619	-0.008207	0.024122	-0.003773
 - 	620	-0.008752	0.024178	-0.003867
 - 	621	-0.009289	0.024088	-0.003947
 - 	622	-0.009785	0.024109	-0.004059
 - 	623	-0.010412	0.023811	-0.004199
 - 	624	-0.011087	0.023462	-0.004326
 - 	625	-0.011592	0.023472	-0.004463
 - 	626	-0.012033	0.023557	-0.004575
 - 	627	-0.012568	0.023364	-0.004665
 - 	628	-0.012791	0.023215	-0.004792
 - 	629	-0.012817	0.023153	-0.004887
 - 	630	-0.012915	0.023020	-0.004946
 - 	631	-0.013165	0.022870	-0.005034
 - 	632	-0.013439	0.022679	-0.005136
 - 	633	-0.013726	0.022651	-0.005246
 - 	634	-0.013981	0.022559	-0.005324
 - 	635	-0.014161	0.022252	-0.005356
 - 	636	-0.014235	0.022048	-0.005373
 - 	637	-0.014413	0.022012	-0.005391
 - 	638	-0.014732	0.022006	-0.005420
 - 	639	-0.014796	0.021869	-0.005517
 - 	640	-0.014840	0.021774	-0.005603
 - 	641	-0.015040	0.021743	-0.005671
 - 	642	-0.015205	0.021789	-0.005794
 - 	643	-0.015316	0.021764	-0.005904
 - 	644	-0.015517	0.021580	-0.005948
 - 	645	-0.015577	0.021624	-0.005979
 - 	646	-0.015518	0.021727	-0.006066
 - 	647	-0.015637	0.021704	-0.006201
 - 	648	-0.015971	0.021699	-0.006287
 - 	649	-0.016021	0.021735	-0.006328
 - 	650	-0.015921	0.021763	-0.006360
 - 	651	-0.015965	0.021733	-0.006375
 - 	652	-0.015826	0.021564	-0.006378
 - 	653	-0.015677	0.021505	-0.006394
 - 	654	-0.015739	0.021461	-0.006429
 - 	655	-0.015757	0.021339	-0.006454
 - 	656	-0.015631	0.021557	-0.006563
 - 	657	-0.015566	0.022015	-0.006672
 - 	658	-0.015555	0.022243	-0.006701
 - 	659	-0.015513	0.022395	-0.006745
 - 	660	-0.015482	0.022588	-0.006796
 - 	661	-0.015514	0.022739	-0.006850
 - 	662	-0.015594	0.022762	-0.006917
 - 	663	-0.015575	0.022709	-0.006931
 - 	664	-0.015604	0.022599	-0.006929
 - 	665	-0.015597	0.022470	-0.006954
 - 	666	-0.015457	0.022458	-0.006969
 - 	667	-0.015334	0.022307	-0.006977
 - 	668	-0.015192	0.022014	-0.007052
 - 	669	-0.015083	0.021850	-0.007138
 - 	670	-0.014996	0.021762	-0.007173
 - 	671	-0.014761	0.021585	-0.007134
 - 	672	-0.014409	0.021444	-0.007110
 - 	673	-0.014033	0.021521	-0.007151
 - 	674	-0.013584	0.021606	-0.007180
 - 	675	-0.013166	0.021484	-0.007142
 - 	676	-0.012739	0.021322	-0.007026
 - 	677	-0.012208	0.021419	-0.007010
 - 	678	-0.011737	0.021486	-0.007013
 - 	679	-0.011390	0.021202	-0.006865
 - 	680	-0.011354	0.020738	-0.006596
 - 	681	-0.011118	0.020521	-0.006360
 - 	682	-0.010561	0.020384	-0.006136
 - 	683	-0.009879	0.020027	-0.005875
 - 	684	-0.008902	0.019649	-0.005591
 - 	685	-0.007823	0.019221	-0.005279
 - 	686	-0.006925	0.018650	-0.004984
 - 	687	-0.005878	0.018156	-0.004741
 - 	688	-0.004810	0.017737	-0.004412
 - 	689	-0.003869	0.017226	-0.004010
 - 	690	-0.002760	0.016730	-0.003675
 - 	691	-0.001865	0.016086	-0.003296
 - 	692	-0.000914	0.015441	-0.002879
 - 	693	0.000089	0.014737	-0.002471
 - 	694	0.000879	0.013727	-0.002047
 - 	695	0.001757	0.012498	-0.001627
 - 	696	0.002460	0.011364	-0.001278
 - 	697	0.002854	0.010351	-0.000999
 - 	698	0.003258	0.009365	-0.000732
 - 	699	0.003697	0.008203	-0.000442
 - 	700	0.004240	0.007017	-0.000213
 - 	701	0.004646	0.006192	-0.000085
 - 	702	0.004800	0.005350	-0.000007
 - 	703	0.004910	0.004213	0.000093
 - 	704	0.005020	0.003251	0.000154
 - 	705	0.005087	0.002703	0.000128
 - 	706	0.004662	0.002203	0.000076
 - 	707	0.003958	0.001734	0.000051
 - 	708	0.003488	0.001354	0.000013
 - 	709	0.003292	0.000981	-0.000051
 - 	710	0.002994	0.000465	-0.000095
 - 	711	0.002625	-0.000076	-0.000111
 - 	712	0.002143	-0.000400	-0.000150
 - 	713	0.001930	-0.000500	-0.000160
 - 	714	0.001762	-0.000784	-0.000187
 - 	715	-0.000934	-0.000535	-0.000408
 - 	716	-0.001075	-0.000707	-0.000480
 - 	717	-0.001229	-0.000911	-0.000574
 - 	718	-0.001393	-0.001124	-0.000686
 - 	719	-0.001565	-0.001331	-0.000809
 - 	720	-0.001733	-0.001517	-0.000939
 - 	721	-0.001885	-0.001669	-0.001068
 - 	722	-0.002004	-0.001780	-0.001189
 - 	723	-0.002078	-0.001845	-0.001291
 - 	724	-0.002100	-0.001863	-0.001368
 - 	725	-0.002064	-0.001845	-0.001422
 - 	726	-0.001974	-0.001802	-0.001456
 - 	727	-0.001832	-0.001740	-0.001477
 - 	728	-0.001661	-0.001657	-0.001481
 - 	729	-0.001480	-0.001549	-0.001460
 - 	730	-0.001307	-0.001414	-0.001408
 - 	731	-0.001153	-0.001253	-0.001321
 - 	732	-0.001036	-0.001068	-0.001194
 - 	733	-0.000956	-0.000866	-0.001034
 - 	734	-0.000910	-0.000665	-0.000858
 - 	735	-0.000888	-0.000484	-0.000688
 - 	736	-0.000884	-0.000327	-0.000533
 - 	737	-0.000893	-0.000196	-0.000397
 - 	738	-0.000908	-0.000089	-0.000278
 - 	739	-0.000926	-0.000003	-0.000175
 - 	740	-0.000945	0.000068	-0.000084
 - 	741	-0.000974	0.000124	-0.000007
 - 	742	-0.001014	0.000162	0.000051
 - 	743	-0.001074	0.000182	0.000088
 - 	744	-0.001162	0.000182	0.000103
 - 	745	-0.001275	0.000160	0.000093
 - 	746	-0.001403	0.000121	0.000061
 - 	747	-0.001546	0.000073	0.000022
 - 	748	-0.001686	0.000022	-0.000019
 - 	749	-0.001808	-0.000025	-0.000055
 - 	750	-0.001893	-0.000069	-0.000086
 - 	751	-0.001959	-0.000113	-0.000115
 - 	752	-0.002011	-0.000160	-0.000142
 - 	753	-0.002079	-0.000209	-0.000166
 - 	754	-0.002149	-0.000260	-0.000188
 - 	755	-0.002227	-0.000314	-0.000212
 - 	756	-0.002316	-0.000371	-0.000242
 - 	757	-0.002409	-0.000427	-0.000270
 - 	758	-0.002517	-0.000478	-0.000293
 - 	759	-0.002634	-0.000517	-0.000303
 - 	760	-0.002762	-0.000539	-0.000297
 - 	761	-0.002900	-0.000546	-0.000277
 - 	762	-0.003044	-0.000542	-0.000248
 - 	763	-0.003209	-0.000536	-0.000218
 - 	764	-0.003390	-0.000532	-0.000192
 - 	765	-0.003568	-0.000530	-0.000171
 - 	766	-0.003744	-0.000537	-0.000163
 - 	767	-0.003921	-0.000552	-0.000169
 - 	768	-0.004113	-0.000573	-0.000185
 - 	769	-0.004333	-0.000596	-0.000204
 - 	770	-0.004578	-0.000625	-0.000229
 - 	771	-0.004817	-0.000670	-0.000264
 - 	772	-0.005019	-0.000728	-0.000303
 - 	773	-0.005187	-0.000792	-0.000340
 - 	774	-0.005318	-0.000857	-0.000371
 - 	775	-0.005403	-0.000920	-0.000398
 - 	776	-0.005433	-0.000983	-0.000422
 - 	777	-0.005410	-0.001044	-0.000442
 - 	778	-0.005361	-0.001094	-0.000454
 - 	779	-0.005316	-0.001128	-0.000454
 - 	780	-0.005273	-0.001142	-0.000443
 - 	781	-0.005221	-0.001127	-0.000415
 - 	782	-0.005162	-0.001079	-0.000372
 - 	783	-0.005099	-0.001006	-0.000321
 - 	784	-0.005031	-0.000921	-0.000271
 - 	785	-0.004961	-0.000829	-0.000227
 - 	786	-0.004873	-0.000729	-0.000191
 - 	787	-0.004782	-0.000624	-0.000162
 - 	788	-0.004680	-0.000513	-0.000140
 - 	789	-0.004572	-0.000397	-0.000123
 - 	790	-0.004448	-0.000285	-0.000111
 - 	791	-0.004314	-0.000180	-0.000101
 - 	792	-0.004178	-0.000089	-0.000092
 - 	793	-0.004047	-0.000018	-0.000086
 - 	794	-0.003932	0.000027	-0.000084
 - 	795	-0.003838	0.000051	-0.000086
 - 	796	-0.003809	0.000053	-0.000090
 - 	797	-0.003854	0.000036	-0.000095
 - 	798	-0.003987	0.000011	-0.000102
 - 	799	-0.004201	0.000007	-0.000116
 - 	800	-0.004491	0.000047	-0.000141
 - 	801	-0.004807	0.000139	-0.000175
 - 	802	-0.005152	0.000260	-0.000214
 - 	803	-0.005495	0.000374	-0.000250
 - 	804	-0.005830	0.000448	-0.000280
 - 	805	-0.006114	0.000475	-0.000301
 - 	806	-0.006311	0.000452	-0.000313
 - 	807	-0.006409	0.000378	-0.000315
 - 	808	-0.006427	0.000265	-0.000304
 - 	809	-0.006359	0.000127	-0.000279
 - 	810	-0.006187	-0.000036	-0.000239
 - 	811	-0.005919	-0.000220	-0.000187
 - 	812	-0.005609	-0.000398	-0.000127
 - 	813	-0.005298	-0.000538	-0.000064
 - 	814	-0.005028	-0.000622	-0.000003
 - 	815	-0.004792	-0.000653	0.000050
 - 	816	-0.004545	-0.000655	0.000091
 - 	817	-0.004264	-0.000649	0.000122
 - 	818	-0.003962	-0.000648	0.000145
 - 	819	-0.003611	-0.000658	0.000160
 - 	820	-0.003194	-0.000670	0.000169
 - 	821	-0.002685	-0.000659	0.000174
 - 	822	-0.002071	-0.000610	0.000177
 - 	823	-0.001321	-0.000528	0.000178
 - 	824	-0.000409	-0.000413	0.000174
 - 	825	0.000667	-0.000274	0.000161
 - 	826	0.001864	-0.000114	0.000137
 - 	827	0.003105	0.000051	0.000101
 - 	828	0.004312	0.000211	0.000058
 - 	829	0.005361	0.000366	0.000016
 - 	830	0.006128	0.000524	-0.000020
 - 	831	0.006518	0.000688	-0.000045
 - 	832	0.006507	0.000851	-0.000063
 - 	833	0.006140	0.001002	-0.000079
 - 	834	0.005544	0.001139	-0.000093
 - 	835	0.004847	0.001272	-0.000107
 - 	836	0.004168	0.001411	-0.000120
 - 	837	0.003580	0.001565	-0.000136
 - 	838	0.003131	0.001737	-0.000159
 - 	839	0.002817	0.001925	-0.000187
 - 	840	0.002602	0.002129	-0.000214
 - 	841	0.002437	0.002308	-0.000229
 - 	842	0.002261	0.002393	-0.000219
 - 	843	0.002056	0.002340	-0.000184
 - 	844	0.001850	0.002159	-0.000133
 - 	845	0.001723	0.001874	-0.000079
 - 	846	0.001685	0.001501	-0.000026
 - 	847	0.001714	0.001048	0.000027
 - 	848	0.001789	0.000536	0.000080
 - 	849	0.001873	-0.000019	0.000130
 - 	850	0.001946	-0.000578	0.000173
 - 	851	0.002008	-0.001081	0.000202
 - 	852	0.002077	-0.001451	0.000211
 - 	853	0.002181	-0.001630	0.000198
 - 	854	0.002286	-0.001635	0.000165
 - 	855	0.002349	-0.001523	0.000122
 - 	856	0.002363	-0.001339	0.000077
 - 	857	0.002334	-0.001123	0.000037
 - 	858	0.002312	-0.000909	0.000005
 - 	859	0.002326	-0.000724	-0.000016
 - 	860	0.002374	-0.000590	-0.000025
 - 	861	0.002442	-0.000498	-0.000027
 - 	862	0.002515	-0.000429	-0.000026
 - 	863	0.002567	-0.000371	-0.000025
 - 	864	0.002579	-0.000324	-0.000025
 - 	865	0.002523	-0.000296	-0.000024
 - 	866	0.002395	-0.000290	-0.000021
 - 	867	0.002220	-0.000291	-0.000015
 - 	868	0.002009	-0.000271	-0.000009
 - 	869	0.001759	-0.000215	-0.000003
 - 	870	0.001477	-0.000109	0.000002
 - 	871	0.001200	0.000037	0.000003
 - 	872	0.000970	0.000187	-0.000004
 - 	873	0.000815	0.000317	-0.000020
 - 	874	0.000702	0.000422	-0.000040
 - 	875	0.000618	0.000519	-0.000057
 - 	876	0.000545	0.000600	-0.000066
 - 	877	0.000503	0.000653	-0.000066
 - 	878	0.000465	0.000652	-0.000059
 - 	879	0.000442	0.000590	-0.000049
 - 	880	0.000443	0.000475	-0.000039
 - 	881	0.000443	0.000333	-0.000027
 - 	882	0.000417	0.000188	-0.000013
 - 	883	0.000365	0.000052	0.000004
 - 	884	0.000331	-0.000076	0.000015
 - 	885	0.000374	-0.000200	0.000014
 - 	886	0.000481	-0.000317	0.000004
 - 	887	0.000633	-0.000391	-0.000010
 - 	888	0.000784	-0.000404	-0.000020
 - 	889	0.000937	-0.000363	-0.000024
 - 	890	0.001080	-0.000288	-0.000023
 - 	891	0.001201	-0.000203	-0.000021
 - 	892	0.001316	-0.000131	-0.000018
 - 	893	0.001413	-0.000088	-0.000014
 - 	894	0.001495	-0.000083	-0.000008
 - 	895	0.001546	-0.000111	-0.000000
 - 	896	0.001576	-0.000159	0.000013
 - 	897	0.001563	-0.000215	0.000030
 - 	898	0.001506	-0.000271	0.000050
 - 	899	0.001436	-0.000327	0.000066
 - 	900	0.001357	-0.000384	0.000078
 - 	901	0.001281	-0.000431	0.000084
 - 	902	0.001213	-0.000462	0.000084
 - 	903	0.001186	-0.000484	0.000070
 - 	904	0.001228	-0.000503	0.000042
 - 	905	0.001302	-0.000508	0.000004
 - 	906	0.001387	-0.000500	-0.000033
 - 	907	0.001426	-0.000497	-0.000060
 - 	908	0.001428	-0.000509	-0.000076
 - 	909	0.001390	-0.000531	-0.000081
 - 	910	0.001319	-0.000553	-0.000078
 - 	911	0.001213	-0.000576	-0.000068
 - 	912	0.001111	-0.000593	-0.000055
 - 	913	0.001003	-0.000619	-0.000042
 - 	914	0.000891	-0.000663	-0.000032
 - 	915	0.000807	-0.000707	-0.000027
 - 	916	0.000757	-0.000737	-0.000026
 - 	917	0.000752	-0.000758	-0.000024
 - 	918	0.000760	-0.000780	-0.000020
 - 	919	0.000793	-0.000793	-0.000014
 - 	920	0.000852	-0.000787	-0.000007
 - 	921	0.000896	-0.000779	-0.000000
 - 	922	0.000907	-0.000787	0.000007
 - 	923	0.000867	-0.000822	0.000015
 - 	924	0.000805	-0.000868	0.000021
 - 	925	0.000748	-0.000896	0.000024
 - 	926	0.000700	-0.000899	0.000025
 - 	927	0.000652	-0.000881	0.000025
 - 	928	0.000619	-0.000849	0.000025
 - 	929	0.000580	-0.000817	0.000025
 - 	930	0.000561	-0.000794	0.000029
 - 	931	0.000559	-0.000790	0.000036
 - 	932	0.000551	-0.000807	0.000047
 - 	933	0.000543	-0.000835	0.000058
 - 	934	0.000517	-0.000854	0.000069
 - 	935	0.000470	-0.000851	0.000078
 - 	936	0.000419	-0.000821	0.000083
 - 	937	0.000358	-0.000764	0.000086
 - 	938	0.000316	-0.000690	0.000087
 - 	939	0.000286	-0.000604	0.000086
 - 	940	0.000282	-0.000512	0.000083
 - 	941	0.000283	-0.000433	0.000078
 - 	942			
 - 	943			
 - 	944			
 - 	945			
 - 	946			
 - 	947			
 - 	948			
 - 	949			
 - 	950			
 - 	951			
 - 	952			
 - 	953			
 - 	954			
 - 	955			
 - 	956			
 - 	957			
 - 	958			
 - 	959			
 - 	960			
 - 	961			
 - 	962			
 - 	963			
 - 	964			
 - 	965			
 - 	966			
 - 	967			
