LLACx	LLACy	LLACz	LLGYx	LLGYy	LLGYz	LMACx	LMACy	LMACz	LMGYx	LMGYy	LMGYz	RLACx	RLACy	RLACz	RLGYx	RLGYy	RLGYz	RMACx	RMACy	RMACz	RMGYx	RMGYy	RMGYz
-270.00	-1050.00	270.00	19.94	-2.93	6.77	30.00	-990.00	-210.00	11.52	-11.52	11.89	-400.00	-1080.00	-130.00	-19.82	-2.07	47.99	-160.00	-1010.00	290.00	-3.78	2.56	17.01
-380.00	-1000.00	200.00	0.55	-0.91	0.37	-70.00	-890.00	-230.00	-0.49	0.06	0.00	-360.00	-990.00	-30.00	-0.55	0.49	-0.91	-170.00	-1000.00	310.00	-0.91	0.00	-0.73
-390.00	-990.00	190.00	0.55	-0.98	0.24	-70.00	-900.00	-220.00	-0.43	0.00	0.06	-350.00	-990.00	-30.00	-0.79	0.49	-0.91	-160.00	-990.00	320.00	-0.85	-0.06	-0.73
-390.00	-1000.00	190.00	0.79	-0.98	0.37	-70.00	-900.00	-220.00	-0.55	-0.06	0.00	-350.00	-990.00	-30.00	-0.73	0.55	-0.98	-170.00	-1000.00	310.00	-0.73	-0.30	-0.67
-380.00	-1000.00	200.00	0.79	-1.04	0.37	-70.00	-890.00	-230.00	-0.55	0.00	-0.12	-350.00	-990.00	-30.00	-0.67	0.67	-0.91	-170.00	-990.00	310.00	-0.79	-0.37	-0.61
-380.00	-1000.00	200.00	0.61	-1.04	0.43	-70.00	-890.00	-220.00	-0.61	0.12	-0.12	-350.00	-990.00	-30.00	-0.79	0.73	-0.98	-170.00	-990.00	320.00	-0.79	-0.18	-0.43
-390.00	-1000.00	200.00	0.61	-1.04	0.43	-70.00	-890.00	-220.00	-0.61	0.12	-0.12	-350.00	-990.00	-30.00	-0.67	0.79	-1.04	-170.00	-990.00	320.00	-0.79	-0.12	-0.30
-380.00	-1000.00	200.00	0.73	-0.91	0.55	-70.00	-890.00	-220.00	-0.73	0.00	-0.12	-350.00	-990.00	-30.00	-0.55	0.67	-1.04	-160.00	-1000.00	320.00	-0.91	-0.30	-0.24
-380.00	-1000.00	200.00	0.55	-0.85	0.55	-70.00	-900.00	-220.00	-0.79	0.00	-0.06	-350.00	-990.00	-40.00	-0.43	0.43	-0.85	-170.00	-1000.00	310.00	-0.79	-0.37	-0.30
-380.00	-1000.00	200.00	0.49	-0.91	0.61	-70.00	-900.00	-220.00	-0.67	0.00	0.00	-350.00	-990.00	-30.00	-0.49	0.49	-0.73	-160.00	-1000.00	320.00	-0.79	-0.30	-0.24
-380.00	-1000.00	200.00	0.43	-0.91	0.79	-70.00	-890.00	-220.00	-0.67	-0.12	-0.06	-350.00	-990.00	-30.00	-0.49	0.49	-0.67	-160.00	-990.00	310.00	-0.85	-0.24	-0.24
-380.00	-1000.00	190.00	0.37	-0.73	0.85	-70.00	-890.00	-230.00	-0.61	-0.06	0.00	-350.00	-990.00	-30.00	-0.30	0.37	-0.73	-170.00	-1000.00	310.00	-0.85	-0.37	-0.30
-380.00	-1000.00	200.00	0.49	-0.55	0.85	-70.00	-900.00	-220.00	-0.67	0.00	0.06	-350.00	-990.00	-40.00	-0.24	0.30	-0.61	-160.00	-990.00	310.00	-0.85	-0.43	-0.37
-380.00	-1000.00	200.00	0.24	-0.49	0.85	-70.00	-890.00	-230.00	-0.67	0.00	0.00	-340.00	-1000.00	-30.00	-0.37	0.30	-0.67	-160.00	-1000.00	310.00	-0.73	-0.49	-0.30
-380.00	-1000.00	200.00	0.30	-0.61	0.91	-70.00	-890.00	-220.00	-0.55	0.12	0.00	-350.00	-990.00	-30.00	-0.30	0.18	-0.67	-160.00	-990.00	310.00	-0.73	-0.43	-0.30
-390.00	-1000.00	200.00	0.37	-0.79	0.73	-60.00	-890.00	-220.00	-0.61	0.06	0.06	-350.00	-990.00	-30.00	-0.30	0.24	-0.61	-160.00	-1000.00	310.00	-0.91	-0.30	-0.30
-380.00	-1000.00	200.00	0.24	-0.73	0.67	-70.00	-900.00	-220.00	-0.67	0.12	0.12	-350.00	-990.00	-40.00	-0.24	0.18	-0.61	-170.00	-990.00	310.00	-0.85	-0.37	-0.30
-380.00	-1000.00	200.00	0.24	-0.55	0.55	-70.00	-900.00	-220.00	-0.61	0.18	0.24	-350.00	-1000.00	-30.00	-0.24	0.18	-0.67	-160.00	-1000.00	310.00	-0.79	-0.37	-0.24
-380.00	-990.00	200.00	0.43	-0.55	0.55	-70.00	-890.00	-220.00	-0.55	0.24	0.30	-350.00	-990.00	-30.00	-0.30	0.18	-0.67	-170.00	-990.00	310.00	-0.73	-0.37	-0.24
-380.00	-1000.00	200.00	0.43	-0.67	0.55	-70.00	-900.00	-230.00	-0.49	0.37	0.24	-350.00	-990.00	-40.00	-0.30	0.18	-0.61	-160.00	-1000.00	310.00	-0.73	-0.30	-0.18
-380.00	-1000.00	200.00	0.30	-0.79	0.49	-60.00	-900.00	-230.00	-0.61	0.30	0.24	-350.00	-990.00	-30.00	-0.24	0.24	-0.61	-170.00	-1000.00	310.00	-0.73	-0.30	-0.06
-380.00	-1000.00	200.00	0.30	-0.79	0.43	-70.00	-890.00	-230.00	-0.61	0.18	0.12	-350.00	-1000.00	-40.00	-0.24	0.24	-0.61	-160.00	-990.00	320.00	-0.67	-0.37	0.00
-380.00	-1000.00	200.00	0.30	-0.91	0.37	-60.00	-900.00	-220.00	-0.55	0.00	0.18	-350.00	-990.00	-40.00	-0.24	0.30	-0.67	-160.00	-990.00	310.00	-0.67	-0.30	0.06
-390.00	-1000.00	200.00	0.37	-0.98	0.24	-70.00	-900.00	-220.00	-0.55	0.30	0.12	-350.00	-990.00	-40.00	-0.18	0.43	-0.61	-160.00	-1000.00	320.00	-0.85	-0.30	0.00
-380.00	-1000.00	200.00	0.49	-1.10	0.18	-70.00	-890.00	-230.00	-0.43	0.49	0.06	-350.00	-990.00	-40.00	-0.12	0.43	-0.49	-160.00	-1000.00	310.00	-0.79	-0.37	0.06
-380.00	-1000.00	200.00	0.49	-0.98	0.30	-70.00	-900.00	-220.00	-0.55	0.12	0.00	-350.00	-990.00	-40.00	-0.12	0.49	-0.43	-160.00	-1000.00	310.00	-0.73	-0.49	0.00
-390.00	-1000.00	200.00	0.43	-0.79	0.37	-70.00	-890.00	-220.00	-0.55	0.06	-0.06	-350.00	-1000.00	-40.00	0.00	0.49	-0.43	-160.00	-1000.00	310.00	-0.67	-0.43	-0.12
-380.00	-1000.00	200.00	0.43	-0.85	0.49	-60.00	-890.00	-220.00	-0.55	0.06	-0.06	-350.00	-990.00	-40.00	-0.12	0.30	-0.43	-160.00	-990.00	320.00	-0.67	-0.37	-0.12
-380.00	-1000.00	200.00	0.55	-0.73	0.67	-70.00	-890.00	-220.00	-0.55	-0.12	-0.06	-350.00	-990.00	-30.00	-0.06	0.37	-0.43	-160.00	-990.00	310.00	-0.55	-0.43	-0.12
-390.00	-1000.00	200.00	0.61	-1.04	0.61	-70.00	-890.00	-230.00	-0.55	0.06	0.00	-350.00	-990.00	-40.00	0.00	0.37	-0.49	-160.00	-990.00	310.00	-0.79	-0.18	-0.24
-380.00	-1000.00	200.00	0.61	-1.04	0.61	-60.00	-900.00	-230.00	-0.55	0.06	0.00	-350.00	-1000.00	-40.00	-0.12	0.30	-0.49	-170.00	-1000.00	310.00	-0.67	-0.12	0.00
-380.00	-1000.00	200.00	0.55	-0.85	0.67	-70.00	-890.00	-220.00	-0.43	0.00	0.00	-350.00	-990.00	-30.00	-0.12	0.18	-0.55	-160.00	-1000.00	310.00	-0.61	-0.18	0.00
-390.00	-1000.00	200.00	0.49	-0.73	0.61	-70.00	-890.00	-220.00	-0.37	0.00	0.00	-350.00	-990.00	-30.00	-0.12	0.18	-0.43	-160.00	-1000.00	320.00	-0.67	-0.06	-0.18
-380.00	-1000.00	200.00	0.55	-0.79	0.67	-70.00	-890.00	-220.00	-0.37	0.00	0.00	-350.00	-990.00	-40.00	-0.06	0.24	-0.43	-160.00	-1000.00	320.00	-0.73	-0.12	-0.18
-380.00	-1000.00	200.00	0.55	-0.79	0.67	-60.00	-900.00	-230.00	-0.37	0.00	0.00	-350.00	-990.00	-40.00	-0.18	0.24	-0.43	-160.00	-990.00	310.00	-0.85	-0.18	-0.12
-380.00	-1000.00	200.00	0.43	-0.79	0.61	-70.00	-900.00	-230.00	-0.43	-0.06	0.06	-350.00	-990.00	-30.00	-0.18	0.30	-0.43	-160.00	-1000.00	310.00	-0.91	-0.30	-0.12
-380.00	-1000.00	200.00	0.37	-0.73	0.67	-70.00	-900.00	-230.00	-0.37	0.06	0.06	-350.00	-990.00	-40.00	-0.18	0.43	-0.49	-170.00	-1000.00	320.00	-0.79	-0.12	-0.12
-380.00	-1000.00	200.00	0.37	-0.73	0.67	-70.00	-900.00	-230.00	-0.30	0.00	0.12	-350.00	-990.00	-40.00	-0.24	0.43	-0.49	-160.00	-1000.00	310.00	-0.85	-0.18	0.00
-380.00	-1000.00	200.00	0.37	-0.49	0.61	-70.00	-890.00	-230.00	-0.30	0.00	0.12	-350.00	-990.00	-40.00	-0.18	0.43	-0.55	-160.00	-1000.00	310.00	-0.61	-0.30	0.43
-380.00	-1000.00	200.00	0.79	-0.61	0.43	-70.00	-890.00	-230.00	-0.18	0.00	0.12	-350.00	-990.00	-30.00	-0.24	0.37	-0.49	-160.00	-1000.00	320.00	-0.91	-0.30	0.12
-380.00	-1000.00	200.00	0.73	-0.49	0.43	-70.00	-890.00	-230.00	-0.18	0.00	0.12	-350.00	-1000.00	-40.00	-0.18	0.24	-0.49	-160.00	-1000.00	320.00	-0.91	-0.24	0.24
-380.00	-1000.00	200.00	0.73	-0.49	0.43	-70.00	-900.00	-220.00	-0.43	-0.06	0.12	-350.00	-990.00	-40.00	-0.24	0.30	-0.61	-160.00	-1000.00	320.00	-0.91	-0.24	0.18
-380.00	-1000.00	200.00	0.73	-0.55	0.43	-70.00	-900.00	-220.00	-0.49	0.00	0.12	-350.00	-990.00	-40.00	-0.24	0.43	-0.55	-160.00	-1000.00	310.00	-0.85	-0.30	0.24
-380.00	-1000.00	200.00	0.73	-0.55	0.61	-70.00	-890.00	-230.00	-0.49	0.00	0.12	-350.00	-990.00	-40.00	-0.30	0.43	-0.55	-160.00	-1000.00	320.00	-0.91	-0.37	0.24
-380.00	-1000.00	200.00	0.73	-0.55	0.61	-60.00	-890.00	-220.00	-0.49	0.12	0.24	-340.00	-990.00	-30.00	-0.24	0.37	-0.49	-160.00	-1000.00	310.00	-0.85	-0.43	0.06
-380.00	-1000.00	200.00	0.73	-0.49	0.73	-60.00	-890.00	-220.00	-0.49	0.12	0.24	-350.00	-990.00	-30.00	-0.18	0.37	-0.37	-160.00	-1000.00	310.00	-0.79	-0.49	0.12
-380.00	-1000.00	200.00	0.73	-0.49	0.73	-70.00	-890.00	-230.00	-0.55	0.06	0.18	-350.00	-990.00	-30.00	-0.30	0.24	-0.30	-160.00	-1000.00	310.00	-0.79	-0.49	0.12
-380.00	-1000.00	200.00	0.55	-0.67	0.67	-70.00	-890.00	-230.00	-0.55	0.06	0.18	-350.00	-990.00	-40.00	-0.30	0.37	-0.43	-160.00	-1000.00	310.00	-0.67	-0.37	0.06
-380.00	-1000.00	200.00	0.55	-0.61	0.55	-60.00	-900.00	-220.00	-0.43	-0.30	0.06	-350.00	-990.00	-40.00	-0.43	0.30	-0.55	-160.00	-1000.00	310.00	-0.67	-0.30	-0.12
-380.00	-1000.00	200.00	0.55	-0.61	0.55	-60.00	-890.00	-220.00	-0.43	-0.30	0.06	-350.00	-1000.00	-40.00	-0.37	0.24	-0.55	-160.00	-1000.00	310.00	-0.73	-0.12	-0.06
-380.00	-1000.00	200.00	0.73	-0.61	0.49	-60.00	-890.00	-220.00	-0.43	-0.12	0.12	-350.00	-990.00	-30.00	-0.37	0.30	-0.55	-160.00	-1000.00	310.00	-0.73	-0.12	-0.06
-380.00	-1000.00	200.00	0.91	-0.61	0.55	-60.00	-890.00	-220.00	-0.30	-0.12	0.24	-350.00	-990.00	-40.00	-0.24	0.18	-0.61	-160.00	-1000.00	310.00	-0.61	0.00	-0.12
-380.00	-1000.00	200.00	0.91	-0.61	0.55	-60.00	-890.00	-230.00	-0.30	-0.12	0.24	-350.00	-990.00	-40.00	-0.24	0.30	-0.49	-160.00	-1000.00	310.00	-0.73	-0.24	-0.12
-380.00	-1000.00	200.00	0.73	-0.85	0.67	-60.00	-890.00	-230.00	-0.49	0.06	0.30	-350.00	-990.00	-30.00	-0.30	0.43	-0.49	-160.00	-990.00	320.00	-0.73	-0.24	-0.12
-380.00	-1000.00	200.00	0.73	-0.85	0.67	-60.00	-890.00	-220.00	-0.43	0.06	0.37	-350.00	-990.00	-40.00	-0.24	0.37	-0.49	-160.00	-990.00	320.00	-0.73	-0.30	-0.06
-380.00	-1000.00	200.00	0.85	-0.73	0.67	-60.00	-900.00	-220.00	-0.43	0.06	0.37	-350.00	-990.00	-40.00	-0.12	0.24	-0.43	-160.00	-1000.00	310.00	-0.73	-0.37	0.00
-380.00	-1000.00	200.00	0.85	-0.73	0.67	-60.00	-890.00	-230.00	-0.43	0.06	0.24	-350.00	-1000.00	-40.00	-0.06	0.30	-0.37	-160.00	-1000.00	310.00	-0.73	-0.49	0.18
-380.00	-1000.00	200.00	0.79	-0.61	0.61	-60.00	-890.00	-220.00	-0.49	0.06	0.12	-350.00	-990.00	-30.00	-0.12	0.37	-0.49	-160.00	-1000.00	310.00	-0.73	-0.49	0.18
-380.00	-1000.00	200.00	0.79	-0.61	0.61	-60.00	-890.00	-220.00	-0.55	0.06	0.12	-350.00	-990.00	-40.00	-0.12	0.30	-0.55	-160.00	-1000.00	310.00	-0.79	-0.37	0.18
-380.00	-1000.00	200.00	0.79	-0.61	0.61	-60.00	-890.00	-220.00	-0.55	0.06	0.12	-350.00	-990.00	-30.00	-0.12	0.18	-0.49	-160.00	-1000.00	320.00	-0.79	-0.30	0.06
-380.00	-1000.00	190.00	0.61	-0.55	0.73	-60.00	-900.00	-220.00	-0.55	0.06	0.24	-350.00	-990.00	-40.00	-0.24	0.30	-0.43	-160.00	-990.00	310.00	-0.61	-0.30	0.06
-380.00	-1000.00	190.00	0.37	-0.30	1.10	-70.00	-890.00	-220.00	-0.55	-0.18	0.24	-350.00	-990.00	-30.00	-0.12	0.37	-0.55	-160.00	-990.00	310.00	-0.55	-0.43	0.18
-380.00	-1000.00	190.00	0.37	-0.30	1.10	-70.00	-890.00	-220.00	-0.55	-0.18	0.24	-350.00	-990.00	-40.00	-0.06	0.37	-0.55	-160.00	-1000.00	310.00	-0.55	-0.43	0.18
-380.00	-1000.00	200.00	0.43	-0.49	0.98	-60.00	-890.00	-220.00	-0.55	-0.12	0.24	-350.00	-1000.00	-30.00	-0.24	0.37	-0.55	-160.00	-990.00	310.00	-0.55	-0.12	0.18
-380.00	-1000.00	200.00	0.61	-0.61	0.98	-60.00	-890.00	-220.00	-0.55	0.00	0.30	-350.00	-990.00	-40.00	-0.18	0.43	-0.61	-160.00	-990.00	310.00	-0.55	-0.12	0.18
-380.00	-1000.00	200.00	0.61	-0.61	0.98	-60.00	-900.00	-220.00	-0.55	0.00	0.30	-340.00	-990.00	-30.00	-0.24	0.43	-0.55	-160.00	-1000.00	310.00	-0.67	-0.12	0.12
-380.00	-1000.00	200.00	0.55	-0.49	0.85	-60.00	-890.00	-230.00	-0.49	0.18	0.49	-350.00	-990.00	-40.00	-0.24	0.43	-0.55	-160.00	-990.00	310.00	-0.73	-0.18	0.12
-380.00	-1000.00	200.00	0.55	-0.49	0.85	-60.00	-890.00	-230.00	-0.49	0.18	0.49	-350.00	-990.00	-30.00	-0.30	0.49	-0.49	-160.00	-990.00	310.00	-0.73	-0.18	0.06
-380.00	-1000.00	200.00	0.37	-0.43	1.10	-60.00	-890.00	-230.00	-0.49	0.24	0.55	-350.00	-990.00	-30.00	-0.30	0.49	-0.49	-160.00	-1000.00	310.00	-0.67	-0.24	0.12
-380.00	-1000.00	200.00	0.37	-0.43	1.10	-60.00	-890.00	-230.00	-0.55	0.49	0.43	-350.00	-990.00	-30.00	-0.18	0.37	-0.49	-160.00	-1000.00	320.00	-0.61	-0.24	0.12
-380.00	-1000.00	200.00	0.12	-0.67	0.98	-60.00	-890.00	-230.00	-0.55	0.49	0.43	-340.00	-990.00	-40.00	-0.24	0.37	-0.49	-160.00	-1000.00	320.00	-0.61	-0.30	0.06
-380.00	-1000.00	200.00	0.12	-0.67	0.98	-60.00	-900.00	-220.00	-0.49	0.24	0.55	-350.00	-1000.00	-40.00	-0.24	0.43	-0.43	-160.00	-1000.00	310.00	-0.73	-0.30	0.00
-380.00	-1000.00	200.00	0.18	-0.67	1.04	-60.00	-890.00	-220.00	-0.49	0.12	0.55	-350.00	-990.00	-40.00	-0.30	0.49	-0.37	-160.00	-1000.00	310.00	-0.67	-0.24	0.00
-380.00	-1000.00	200.00	0.24	-0.55	0.85	-60.00	-900.00	-230.00	-0.49	0.12	0.55	-350.00	-990.00	-30.00	-0.30	0.61	-0.30	-160.00	-1000.00	320.00	-0.61	-0.30	0.12
-380.00	-1000.00	190.00	0.24	-0.55	0.85	-60.00	-890.00	-230.00	-0.49	0.24	0.43	-340.00	-990.00	-40.00	-0.30	0.55	-0.37	-160.00	-1000.00	320.00	-0.61	-0.43	0.06
-380.00	-1000.00	190.00	0.24	-0.61	0.85	-60.00	-890.00	-230.00	-0.55	0.43	0.61	-350.00	-990.00	-40.00	-0.24	0.49	-0.37	-160.00	-1000.00	310.00	-0.55	-0.43	0.12
-380.00	-1000.00	200.00	0.30	-0.61	0.85	-60.00	-890.00	-230.00	-0.49	0.18	0.49	-340.00	-990.00	-40.00	-0.24	0.43	-0.30	-160.00	-1000.00	310.00	-0.55	-0.43	0.12
-380.00	-1000.00	200.00	0.30	-0.49	0.79	-60.00	-890.00	-220.00	-0.49	0.12	0.49	-340.00	-990.00	-30.00	-0.24	0.49	-0.30	-160.00	-1000.00	310.00	-0.61	-0.49	0.06
-380.00	-1000.00	200.00	0.30	-0.67	0.79	-60.00	-890.00	-220.00	-0.49	0.12	0.49	-350.00	-990.00	-30.00	-0.18	0.55	-0.30	-160.00	-1000.00	310.00	-0.55	-0.43	0.18
-370.00	-1000.00	190.00	0.30	-0.67	0.79	-60.00	-890.00	-220.00	-0.49	0.24	0.55	-350.00	-990.00	-40.00	-0.06	0.43	-0.18	-160.00	-1000.00	320.00	-0.55	-0.43	0.18
-380.00	-1000.00	200.00	0.30	-0.61	0.91	-60.00	-890.00	-230.00	-0.49	0.24	0.55	-350.00	-990.00	-40.00	-0.06	0.30	-0.06	-160.00	-990.00	310.00	-0.55	-0.49	0.24
-380.00	-1000.00	200.00	0.30	-0.61	0.91	-60.00	-890.00	-230.00	-0.61	0.24	0.49	-350.00	-990.00	-40.00	-0.06	0.30	-0.06	-160.00	-1000.00	310.00	-0.49	-0.30	0.49
-380.00	-1000.00	200.00	0.37	-0.67	0.91	-60.00	-890.00	-230.00	-0.61	0.24	0.49	-350.00	-990.00	-40.00	-0.18	0.30	0.00	-160.00	-1000.00	310.00	-0.43	-0.55	0.43
-380.00	-1000.00	200.00	0.30	-0.91	0.98	-60.00	-890.00	-230.00	-0.55	0.24	0.43	-350.00	-1000.00	-30.00	-0.18	0.30	0.06	-160.00	-1000.00	310.00	-0.49	-0.49	0.49
-380.00	-1000.00	200.00	0.30	-0.67	0.79	-70.00	-890.00	-230.00	-0.55	0.24	0.30	-340.00	-1000.00	-40.00	-0.18	0.43	0.06	-160.00	-1000.00	320.00	-0.49	-0.49	0.49
-380.00	-1000.00	200.00	0.30	-0.67	0.79	-70.00	-890.00	-230.00	-0.55	0.24	0.30	-350.00	-990.00	-40.00	-0.18	0.37	0.00	-160.00	-1000.00	310.00	-0.49	-0.49	0.30
-380.00	-1000.00	200.00	0.37	-0.79	0.79	-70.00	-890.00	-230.00	-0.49	-0.06	0.37	-350.00	-990.00	-40.00	-0.24	0.43	0.00	-160.00	-1000.00	310.00	-0.55	-0.37	0.37
-380.00	-1000.00	200.00	0.49	-0.98	0.73	-60.00	-900.00	-220.00	-0.49	-0.06	0.37	-350.00	-1000.00	-30.00	-0.24	0.49	-0.18	-160.00	-1000.00	310.00	-0.49	-0.43	0.37
-370.00	-1000.00	200.00	0.67	-0.91	0.67	-60.00	-900.00	-220.00	-0.49	0.06	0.30	-350.00	-990.00	-40.00	-0.30	0.49	-0.18	-160.00	-1000.00	310.00	-0.49	-0.37	0.43
-370.00	-1000.00	200.00	0.79	-0.61	0.73	-60.00	-890.00	-230.00	-0.49	0.06	0.30	-350.00	-990.00	-40.00	-0.24	0.67	-0.06	-160.00	-1000.00	310.00	-0.49	-0.37	0.43
-380.00	-1000.00	190.00	0.73	-0.49	0.55	-60.00	-890.00	-230.00	-0.49	0.30	0.37	-350.00	-990.00	-40.00	-0.18	0.55	0.00	-160.00	-1000.00	310.00	-0.37	-0.49	0.24
-380.00	-1000.00	200.00	0.61	-0.61	0.55	-60.00	-890.00	-230.00	-0.49	0.30	0.37	-340.00	-990.00	-40.00	-0.24	0.49	-0.12	-160.00	-990.00	320.00	-0.43	-0.43	0.18
-380.00	-1000.00	200.00	0.73	-0.85	0.73	-60.00	-890.00	-230.00	-0.37	0.24	0.37	-350.00	-990.00	-40.00	-0.18	0.43	-0.18	-160.00	-990.00	320.00	-0.43	-0.43	0.18
-380.00	-1000.00	200.00	0.67	-1.10	0.67	-60.00	-890.00	-230.00	-0.55	0.18	0.37	-350.00	-990.00	-30.00	-0.12	0.43	-0.18	-160.00	-1000.00	320.00	-0.49	-0.24	0.12
-380.00	-1000.00	200.00	0.67	-1.10	0.67	-60.00	-890.00	-230.00	-0.55	0.18	0.37	-340.00	-990.00	-30.00	-0.18	0.37	-0.18	-160.00	-1000.00	320.00	-0.55	-0.18	0.18
-380.00	-1000.00	200.00	0.61	-1.28	0.61	-60.00	-890.00	-230.00	-0.55	0.18	0.30	-350.00	-990.00	-40.00	-0.06	0.37	-0.30	-160.00	-990.00	310.00	-0.61	-0.37	0.18
-380.00	-1000.00	190.00	0.55	-1.04	0.73	-60.00	-890.00	-230.00	-0.55	0.18	0.30	-340.00	-990.00	-40.00	-0.12	0.37	-0.30	-160.00	-1000.00	310.00	-0.61	-0.37	0.18
-380.00	-1000.00	190.00	0.55	-1.04	0.73	-60.00	-890.00	-230.00	-0.49	0.30	0.30	-350.00	-990.00	-40.00	-0.18	0.37	-0.30	-160.00	-1000.00	320.00	-0.73	-0.43	0.12
-380.00	-1000.00	190.00	0.79	-0.67	0.79	-60.00	-890.00	-220.00	-0.49	0.30	0.30	-340.00	-990.00	-40.00	-0.24	0.37	-0.49	-160.00	-1000.00	320.00	-0.49	-0.30	0.12
-380.00	-1000.00	200.00	0.79	-0.67	0.85	-60.00	-890.00	-220.00	-0.49	0.12	0.24	-350.00	-990.00	-40.00	-0.18	0.43	-0.49	-160.00	-1000.00	320.00	-0.49	-0.30	0.12
-380.00	-1000.00	200.00	0.85	-0.67	0.91	-70.00	-900.00	-230.00	-0.43	0.12	0.24	-350.00	-990.00	-40.00	-0.18	0.49	-0.43	-160.00	-990.00	320.00	-0.49	-0.18	0.06
-380.00	-1000.00	200.00	0.85	-0.61	0.79	-70.00	-900.00	-230.00	-0.43	0.12	0.24	-350.00	-990.00	-30.00	-0.18	0.37	-0.43	-170.00	-1000.00	310.00	-0.61	0.06	0.00
-380.00	-1000.00	200.00	1.16	-0.49	0.67	-60.00	-890.00	-220.00	-0.43	0.06	0.24	-340.00	-990.00	-40.00	-0.24	0.30	-0.43	-160.00	-1000.00	310.00	-0.61	0.06	0.00
-380.00	-1000.00	190.00	1.16	-0.37	0.73	-70.00	-900.00	-230.00	-0.43	0.06	0.24	-340.00	-990.00	-30.00	-0.30	0.30	-0.43	-160.00	-1000.00	310.00	-0.61	-0.06	0.00
-380.00	-1000.00	200.00	1.10	-0.49	0.79	-70.00	-900.00	-230.00	-0.37	0.00	0.12	-350.00	-990.00	-30.00	-0.37	0.37	-0.49	-160.00	-1000.00	320.00	-0.61	-0.12	-0.12
-380.00	-1000.00	200.00	1.10	-0.61	0.61	-60.00	-900.00	-230.00	-0.37	0.00	0.12	-350.00	-990.00	-30.00	-0.30	0.37	-0.49	-160.00	-1000.00	320.00	-0.55	-0.06	-0.12
-380.00	-1000.00	200.00	1.04	-0.91	0.67	-60.00	-900.00	-230.00	-0.43	0.06	0.18	-350.00	-1000.00	-40.00	-0.24	0.37	-0.43	-160.00	-1000.00	310.00	-0.55	-0.06	-0.12
-380.00	-1000.00	200.00	0.91	-0.85	0.73	-60.00	-890.00	-220.00	-0.49	0.06	0.24	-350.00	-990.00	-40.00	-0.24	0.43	-0.55	-160.00	-1000.00	310.00	-0.49	-0.43	0.37
-370.00	-1000.00	200.00	0.73	-0.67	0.85	-60.00	-890.00	-220.00	-0.49	0.06	0.24	-350.00	-990.00	-40.00	-0.18	0.55	-0.43	-150.00	-1000.00	310.00	-0.37	-0.43	0.37
-370.00	-1000.00	200.00	0.73	-0.67	0.85	-60.00	-890.00	-230.00	-0.43	0.00	0.24	-350.00	-990.00	-30.00	-0.12	0.55	-0.49	-160.00	-990.00	310.00	-0.37	-0.30	0.30
-380.00	-1000.00	200.00	0.73	-1.16	0.85	-60.00	-890.00	-230.00	-0.43	0.00	0.24	-350.00	-990.00	-40.00	-0.12	0.49	-0.49	-160.00	-990.00	310.00	-0.55	-0.43	0.18
-380.00	-1000.00	200.00	0.98	-1.16	0.73	-60.00	-890.00	-230.00	-0.37	0.00	0.18	-340.00	-990.00	-30.00	-0.30	0.37	-0.43	-160.00	-1000.00	310.00	-0.61	-0.49	0.30
-380.00	-1000.00	200.00	0.91	-1.10	0.67	-60.00	-900.00	-230.00	-0.37	0.00	0.18	-340.00	-990.00	-30.00	-0.24	0.30	-0.49	-160.00	-990.00	310.00	-0.43	-0.49	0.24
-380.00	-1000.00	200.00	0.91	-1.10	0.67	-60.00	-900.00	-230.00	-0.37	-0.06	0.12	-350.00	-990.00	-40.00	-0.12	0.37	-0.30	-160.00	-1000.00	310.00	-0.43	-0.49	0.24
-380.00	-1000.00	200.00	0.85	-1.04	0.85	-60.00	-890.00	-220.00	-0.37	-0.06	0.37	-340.00	-990.00	-30.00	-0.12	0.30	-0.30	-160.00	-1000.00	310.00	-0.55	-0.43	0.18
-380.00	-1000.00	200.00	0.91	-0.98	0.91	-60.00	-890.00	-220.00	-0.37	-0.06	0.37	-340.00	-990.00	-40.00	-0.30	0.30	-0.30	-160.00	-990.00	320.00	-0.49	-0.37	0.06
-370.00	-1000.00	190.00	0.98	-0.73	0.91	-60.00	-890.00	-230.00	-0.37	-0.06	0.37	-340.00	-990.00	-40.00	-0.30	0.24	-0.18	-160.00	-990.00	320.00	-0.49	-0.37	0.06
-370.00	-1000.00	190.00	0.98	-0.85	0.91	-60.00	-890.00	-230.00	-0.49	0.06	0.43	-350.00	-1000.00	-40.00	-0.24	0.37	-0.18	-160.00	-990.00	320.00	-0.43	-0.30	0.18
-380.00	-1000.00	200.00	0.98	-0.85	0.91	-60.00	-890.00	-230.00	-0.30	-0.18	0.37	-340.00	-990.00	-40.00	-0.18	0.37	-0.18	-160.00	-1000.00	310.00	-0.49	-0.24	0.18
-380.00	-1000.00	200.00	0.85	-0.79	1.16	-60.00	-890.00	-230.00	-0.30	-0.18	0.37	-350.00	-990.00	-30.00	-0.12	0.30	-0.18	-160.00	-1000.00	310.00	-0.37	-0.24	0.12
-380.00	-1000.00	200.00	0.67	-0.55	1.34	-60.00	-890.00	-230.00	-0.37	-0.24	0.43	-340.00	-990.00	-30.00	-0.12	0.37	-0.30	-160.00	-990.00	320.00	-0.37	-0.24	0.12
-380.00	-1000.00	200.00	0.67	-0.55	1.34	-60.00	-900.00	-230.00	-0.37	-0.55	0.37	-340.00	-1000.00	-30.00	-0.06	0.24	-0.30	-160.00	-990.00	320.00	-0.37	-0.24	0.12
-380.00	-1000.00	200.00	0.49	-0.73	1.10	-60.00	-900.00	-230.00	-0.37	-0.55	0.37	-340.00	-990.00	-40.00	0.00	0.24	-0.24	-160.00	-1000.00	310.00	-0.37	-0.12	0.06
-380.00	-1000.00	200.00	0.43	-0.98	0.98	-60.00	-890.00	-220.00	-0.37	-0.55	0.37	-350.00	-990.00	-40.00	0.00	0.24	-0.24	-160.00	-1000.00	310.00	-0.37	-0.12	0.06
-370.00	-1000.00	200.00	0.43	-0.98	0.98	-60.00	-890.00	-230.00	-0.49	-0.43	0.37	-340.00	-990.00	-40.00	0.06	0.37	-0.30	-160.00	-1000.00	310.00	-0.37	0.06	0.06
-370.00	-1000.00	200.00	0.49	-1.04	0.98	-60.00	-890.00	-230.00	-0.37	-0.30	0.24	-350.00	-990.00	-40.00	-0.06	0.30	-0.37	-160.00	-990.00	320.00	-0.30	0.30	0.06
-380.00	-1000.00	200.00	0.37	-1.16	0.98	-60.00	-890.00	-230.00	-0.37	-0.30	0.24	-350.00	-990.00	-30.00	-0.18	0.37	-0.37	-160.00	-990.00	320.00	-0.30	0.49	0.00
-380.00	-1000.00	200.00	0.37	-1.16	0.91	-60.00	-890.00	-230.00	-0.37	-0.30	0.24	-350.00	-990.00	-40.00	-0.12	0.24	-0.30	-160.00	-990.00	320.00	-0.30	0.49	0.00
-370.00	-1000.00	200.00	0.43	-1.10	0.98	-60.00	-900.00	-230.00	-0.37	-0.24	0.24	-350.00	-990.00	-40.00	-0.06	0.18	-0.30	-160.00	-1000.00	320.00	-0.43	0.55	0.00
-370.00	-1000.00	200.00	0.43	-1.10	0.98	-60.00	-900.00	-230.00	-0.30	-0.18	0.30	-350.00	-990.00	-40.00	-0.06	0.24	-0.43	-160.00	-990.00	320.00	-0.43	0.67	0.00
-370.00	-1000.00	200.00	0.55	-1.04	0.91	-60.00	-900.00	-230.00	-0.30	-0.18	0.30	-350.00	-1000.00	-30.00	0.00	0.24	-0.43	-160.00	-1000.00	310.00	-0.49	0.85	-0.18
-380.00	-1000.00	210.00	0.55	-1.04	0.91	-60.00	-890.00	-220.00	-0.30	-0.18	0.30	-350.00	-990.00	-40.00	-0.06	0.24	-0.43	-160.00	-1000.00	310.00	-0.49	0.85	-0.18
-380.00	-1000.00	200.00	0.49	-0.98	0.85	-60.00	-890.00	-230.00	-0.30	0.00	0.18	-350.00	-990.00	-40.00	-0.06	0.30	-0.43	-160.00	-990.00	320.00	-0.61	-0.43	0.73
-380.00	-1000.00	200.00	0.43	-1.04	0.98	-60.00	-890.00	-230.00	-0.30	0.00	0.18	-340.00	-990.00	-30.00	0.00	0.30	-0.37	-160.00	-1000.00	320.00	-0.61	-0.37	0.67
-380.00	-1000.00	200.00	0.49	-1.22	1.04	-60.00	-900.00	-230.00	-0.30	0.00	0.18	-340.00	-990.00	-30.00	-0.06	0.30	-0.30	-160.00	-1000.00	320.00	-0.61	-0.37	0.67
-380.00	-1000.00	200.00	0.49	-1.22	1.04	-60.00	-890.00	-230.00	-0.30	-0.37	0.12	-350.00	-990.00	-40.00	-0.06	0.30	-0.37	-160.00	-1000.00	320.00	-0.55	-0.37	0.67
-380.00	-1000.00	200.00	0.61	-1.10	1.04	-60.00	-890.00	-230.00	-0.24	-0.30	0.06	-340.00	-990.00	-30.00	-0.06	0.30	-0.43	-170.00	-1000.00	310.00	-0.37	-0.37	0.61
-380.00	-1000.00	200.00	0.79	-1.10	0.85	-60.00	-890.00	-230.00	-0.24	-0.30	0.06	-350.00	-990.00	-40.00	-0.06	0.37	-0.43	-170.00	-1000.00	310.00	-0.18	-0.30	0.61
-380.00	-1000.00	200.00	0.85	-1.22	0.85	-60.00	-900.00	-220.00	-0.24	-0.30	0.06	-340.00	-990.00	-30.00	-0.12	0.43	-0.37	-160.00	-990.00	310.00	-0.18	-0.30	0.55
-370.00	-1000.00	200.00	0.61	-0.85	0.98	-60.00	-890.00	-230.00	-0.12	0.00	0.24	-350.00	-990.00	-30.00	-0.12	0.37	-0.43	-160.00	-990.00	310.00	0.00	-0.30	0.49
-370.00	-1000.00	200.00	0.61	-0.85	0.98	-60.00	-890.00	-230.00	-0.12	0.06	0.24	-350.00	-990.00	-30.00	-0.06	0.37	-0.49	-160.00	-1000.00	310.00	0.18	0.00	0.49
-370.00	-1000.00	200.00	0.37	-0.43	0.98	-60.00	-890.00	-230.00	-0.12	0.06	0.24	-350.00	-1000.00	-40.00	0.06	0.30	-0.43	-160.00	-1000.00	310.00	0.49	0.37	0.43
-380.00	-1000.00	200.00	0.43	-0.49	0.91	-60.00	-900.00	-230.00	-0.24	-0.12	0.30	-340.00	-990.00	-40.00	0.06	0.30	-0.37	-160.00	-1000.00	310.00	0.49	0.37	0.43
-380.00	-1000.00	200.00	0.61	-0.55	0.85	-60.00	-900.00	-230.00	-0.24	0.00	0.18	-350.00	-990.00	-40.00	0.06	0.18	-0.37	-160.00	-1000.00	320.00	0.67	1.34	0.37
-380.00	-1000.00	200.00	0.73	-0.67	0.79	-60.00	-900.00	-230.00	-0.24	0.00	0.18	-350.00	-1000.00	-40.00	0.06	0.30	-0.24	-160.00	-1000.00	320.00	0.67	1.34	0.37
-380.00	-1000.00	200.00	0.55	-0.79	0.98	-60.00	-900.00	-220.00	-0.24	0.00	0.24	-340.00	-990.00	-30.00	0.06	0.49	-0.18	-160.00	-1000.00	320.00	0.85	1.28	0.30
-370.00	-1000.00	200.00	0.85	-0.73	0.79	-60.00	-890.00	-220.00	-0.30	0.06	0.30	-340.00	-990.00	-40.00	0.06	0.37	-0.18	-160.00	-1000.00	310.00	1.10	1.77	0.37
-380.00	-1000.00	200.00	0.85	-0.73	0.79	-60.00	-890.00	-220.00	-0.30	0.06	0.30	-340.00	-990.00	-30.00	0.06	0.30	-0.06	-160.00	-1000.00	310.00	1.10	2.13	0.24
-380.00	-1000.00	200.00	0.91	-1.22	0.67	-60.00	-890.00	-230.00	-0.18	0.00	0.30	-350.00	-990.00	-30.00	0.00	0.24	0.00	-160.00	-1000.00	310.00	1.10	2.13	0.24
-370.00	-1000.00	200.00	0.91	-1.22	0.67	-60.00	-890.00	-230.00	-0.18	0.00	0.37	-340.00	-1000.00	-30.00	0.12	0.18	-0.06	-160.00	-1000.00	320.00	1.10	2.32	0.06
-370.00	-1000.00	200.00	0.85	-1.16	0.61	-60.00	-890.00	-230.00	-0.18	0.00	0.37	-340.00	-990.00	-40.00	0.06	0.37	0.06	-160.00	-990.00	320.00	1.46	2.26	-0.12
-370.00	-1000.00	200.00	0.98	-1.04	0.67	-60.00	-890.00	-230.00	-0.18	0.00	0.37	-350.00	-990.00	-40.00	0.06	0.49	0.00	-150.00	-1000.00	310.00	0.79	3.05	-0.67
-380.00	-1000.00	200.00	1.04	-0.91	0.73	-60.00	-890.00	-230.00	-0.06	-0.24	0.43	-340.00	-990.00	-40.00	0.06	0.30	0.00	-150.00	-1000.00	310.00	0.79	3.05	-0.67
-370.00	-1000.00	200.00	1.04	-0.91	0.73	-60.00	-890.00	-230.00	-0.12	-0.37	0.49	-350.00	-990.00	-30.00	0.06	0.24	0.06	-170.00	-990.00	320.00	0.79	1.77	-0.67
-370.00	-1000.00	200.00	0.67	-1.10	0.79	-60.00	-890.00	-230.00	-0.12	-0.37	0.49	-350.00	-990.00	-30.00	0.18	0.12	0.00	-160.00	-1000.00	310.00	1.16	1.71	-0.55
-370.00	-1000.00	200.00	0.67	-0.98	0.98	-60.00	-890.00	-230.00	-0.24	-0.06	0.49	-350.00	-990.00	-40.00	0.18	0.06	0.00	-160.00	-1000.00	310.00	1.34	0.73	0.24
-380.00	-1000.00	200.00	0.55	-0.91	1.04	-60.00	-890.00	-230.00	-0.24	-0.06	0.49	-340.00	-990.00	-30.00	0.12	0.00	0.06	-160.00	-1000.00	320.00	1.34	0.73	0.24
-380.00	-1000.00	200.00	0.85	-0.67	0.85	-60.00	-890.00	-230.00	-0.18	0.06	0.55	-340.00	-990.00	-40.00	0.18	0.00	-0.06	-160.00	-990.00	320.00	1.16	-0.49	0.91
-370.00	-1000.00	200.00	0.85	-0.67	0.85	-60.00	-890.00	-220.00	-0.18	0.06	0.55	-350.00	-1000.00	-30.00	0.24	0.12	-0.12	-150.00	-1000.00	320.00	1.28	-0.85	1.10
-380.00	-1000.00	200.00	0.98	-0.79	0.73	-60.00	-890.00	-230.00	-0.12	0.24	0.67	-340.00	-1000.00	-40.00	0.12	0.24	-0.24	-160.00	-1000.00	310.00	1.28	-0.85	1.10
-380.00	-1000.00	200.00	1.04	-0.79	0.73	-60.00	-890.00	-230.00	-0.18	0.37	0.61	-340.00	-990.00	-40.00	0.06	0.12	-0.18	-160.00	-1000.00	320.00	1.77	-1.71	1.52
-370.00	-1000.00	200.00	1.16	-0.43	0.73	-60.00	-890.00	-230.00	-0.18	0.37	0.61	-350.00	-990.00	-30.00	0.06	0.18	-0.18	-160.00	-1000.00	320.00	1.77	-1.71	1.52
-370.00	-1000.00	200.00	1.16	-0.43	0.73	-60.00	-890.00	-220.00	0.00	0.06	0.37	-350.00	-1000.00	-40.00	0.12	0.12	-0.12	-160.00	-990.00	330.00	2.38	-4.82	3.90
-370.00	-1000.00	200.00	1.28	-0.43	0.61	-60.00	-890.00	-230.00	0.00	0.06	0.37	-350.00	-1000.00	-30.00	0.12	0.12	-0.06	-160.00	-990.00	320.00	2.50	-4.88	4.02
-370.00	-1000.00	200.00	1.46	-0.18	0.67	-60.00	-890.00	-230.00	0.00	0.12	0.30	-350.00	-990.00	-40.00	0.12	0.24	-0.12	-160.00	-1000.00	320.00	3.17	-5.00	4.45
-370.00	-1000.00	200.00	1.46	-0.18	0.67	-70.00	-900.00	-230.00	0.00	0.12	0.30	-350.00	-990.00	-30.00	0.12	0.12	-0.06	-160.00	-990.00	320.00	4.33	-3.54	5.18
-370.00	-1000.00	200.00	1.65	-0.18	0.61	-70.00	-900.00	-230.00	-0.12	0.24	0.37	-350.00	-990.00	-40.00	0.12	0.12	-0.12	-160.00	-1000.00	320.00	4.33	-3.54	5.18
-380.00	-1000.00	200.00	1.77	-0.18	0.49	-60.00	-890.00	-230.00	-0.12	0.24	0.37	-340.00	-1000.00	-30.00	0.06	0.18	-0.18	-160.00	-1000.00	310.00	4.21	-2.38	5.30
-380.00	-1000.00	200.00	1.95	0.06	0.37	-60.00	-890.00	-230.00	0.00	0.37	0.30	-340.00	-990.00	-40.00	0.12	0.18	-0.18	-160.00	-1010.00	320.00	3.35	-2.32	5.12
-370.00	-1000.00	200.00	1.77	-0.30	0.49	-60.00	-900.00	-230.00	0.00	0.37	0.30	-340.00	-990.00	-40.00	0.06	0.24	-0.24	-160.00	-990.00	330.00	3.35	-2.32	5.12
-370.00	-1000.00	200.00	1.59	-0.24	0.61	-60.00	-900.00	-230.00	-0.12	0.37	0.37	-350.00	-990.00	-30.00	0.06	0.18	-0.12	-160.00	-990.00	330.00	2.44	-2.62	5.06
-370.00	-1000.00	200.00	1.16	0.00	0.79	-60.00	-900.00	-230.00	-0.24	-0.06	0.37	-350.00	-990.00	-30.00	0.12	0.12	-0.06	-160.00	-1000.00	310.00	1.89	-2.50	5.30
-370.00	-1000.00	200.00	1.10	0.06	0.79	-60.00	-890.00	-220.00	-0.24	-0.06	0.37	-340.00	-990.00	-30.00	0.12	0.06	0.00	-160.00	-1000.00	310.00	1.83	-1.83	5.55
-370.00	-1000.00	200.00	1.10	0.06	0.79	-60.00	-890.00	-220.00	-0.18	-0.06	0.30	-350.00	-990.00	-40.00	0.06	0.00	-0.06	-170.00	-990.00	340.00	1.59	-1.40	5.67
-370.00	-1010.00	200.00	0.67	-0.30	0.91	-70.00	-890.00	-230.00	-0.18	-0.06	0.30	-340.00	-1000.00	-30.00	0.00	0.18	-0.18	-180.00	-980.00	350.00	1.40	-1.22	5.79
-380.00	-1000.00	200.00	0.67	-0.30	0.91	-60.00	-890.00	-230.00	-0.18	0.06	0.37	-340.00	-1000.00	-30.00	0.00	0.18	-0.30	-180.00	-980.00	350.00	1.59	-1.16	6.10
-370.00	-1000.00	210.00	0.67	-0.61	0.98	-60.00	-890.00	-230.00	-0.18	0.06	0.37	-340.00	-990.00	-40.00	0.06	0.12	-0.37	-160.00	-990.00	340.00	2.13	-0.55	6.16
-380.00	-1000.00	200.00	0.67	-0.79	0.91	-60.00	-900.00	-220.00	-0.12	0.00	0.37	-340.00	-990.00	-30.00	0.06	0.12	-0.43	-170.00	-990.00	340.00	2.44	0.55	7.38
-380.00	-1000.00	210.00	0.79	-0.67	0.79	-60.00	-890.00	-220.00	-0.12	0.00	0.43	-340.00	-1000.00	-40.00	-0.06	0.12	-0.30	-170.00	-990.00	340.00	0.98	2.20	7.50
-380.00	-1000.00	210.00	1.04	-0.37	0.79	-60.00	-890.00	-220.00	-0.12	-0.12	0.30	-350.00	-990.00	-30.00	0.00	0.18	-0.24	-170.00	-980.00	350.00	0.24	2.74	7.50
-370.00	-1000.00	210.00	1.04	-0.37	0.79	-60.00	-890.00	-230.00	-0.24	0.49	0.43	-340.00	-1000.00	-40.00	0.00	0.24	-0.37	-170.00	-980.00	350.00	-0.67	2.38	7.44
-370.00	-1000.00	210.00	1.16	-0.18	0.85	-60.00	-900.00	-230.00	-0.24	0.49	0.43	-350.00	-990.00	-30.00	0.00	0.24	-0.30	-170.00	-990.00	340.00	-1.16	1.95	7.56
-370.00	-1000.00	210.00	1.34	0.00	0.91	-60.00	-900.00	-230.00	-0.18	0.43	0.37	-350.00	-990.00	-30.00	-0.06	0.30	-0.24	-170.00	-1000.00	330.00	-1.46	1.59	7.50
-370.00	-1000.00	210.00	1.71	0.18	0.85	-60.00	-900.00	-220.00	-0.18	0.12	0.37	-340.00	-990.00	-40.00	-0.06	0.30	-0.24	-170.00	-1010.00	320.00	-1.46	1.59	7.50
-370.00	-1000.00	210.00	2.13	0.37	0.85	-60.00	-890.00	-220.00	-0.18	0.12	0.37	-340.00	-990.00	-30.00	-0.12	0.24	-0.30	-170.00	-1010.00	330.00	-1.34	0.73	7.38
-370.00	-1000.00	210.00	2.50	0.55	1.10	-60.00	-890.00	-230.00	-0.24	0.00	0.24	-340.00	-990.00	-30.00	-0.06	0.30	-0.30	-190.00	-960.00	350.00	-1.65	0.24	6.89
-370.00	-1000.00	200.00	2.32	0.49	1.22	-60.00	-890.00	-230.00	-0.24	0.00	0.24	-340.00	-1000.00	-40.00	0.00	0.30	-0.24	-190.00	-960.00	350.00	-1.71	0.37	6.95
-380.00	-1000.00	210.00	2.50	0.61	1.28	-60.00	-890.00	-220.00	-0.30	0.00	0.37	-350.00	-990.00	-30.00	0.06	0.30	-0.18	-190.00	-970.00	360.00	-1.95	0.85	7.20
-370.00	-1000.00	200.00	2.62	0.73	1.16	-60.00	-890.00	-220.00	-0.30	0.00	0.37	-350.00	-990.00	-40.00	0.00	0.30	-0.18	-190.00	-980.00	350.00	-2.07	1.40	7.32
-370.00	-1000.00	200.00	2.62	0.55	1.16	-60.00	-890.00	-230.00	-0.24	0.00	0.37	-350.00	-990.00	-40.00	0.00	0.37	-0.30	-190.00	-980.00	350.00	-1.71	2.07	7.50
-370.00	-1000.00	200.00	2.56	0.49	1.04	-60.00	-890.00	-230.00	-0.30	0.12	0.24	-350.00	-990.00	-30.00	-0.06	0.18	-0.37	-190.00	-990.00	340.00	-3.84	5.85	11.22
-370.00	-1000.00	200.00	2.74	0.73	0.91	-60.00	-890.00	-230.00	-0.30	0.12	0.24	-340.00	-1000.00	-30.00	-0.06	0.24	-0.43	-200.00	-990.00	340.00	-3.84	5.85	11.22
-370.00	-1000.00	210.00	2.74	0.67	0.91	-60.00	-900.00	-230.00	-0.30	0.12	0.24	-350.00	-990.00	-30.00	-0.06	0.18	-0.43	-200.00	-980.00	340.00	-4.15	5.30	12.13
-370.00	-1000.00	210.00	2.74	0.67	0.91	-60.00	-890.00	-230.00	-0.30	0.18	0.30	-340.00	-1000.00	-40.00	-0.06	0.18	-0.43	-190.00	-980.00	360.00	-4.15	5.30	12.13
-370.00	-1000.00	200.00	2.62	0.12	0.91	-60.00	-890.00	-230.00	0.00	-0.18	0.30	-340.00	-990.00	-30.00	-0.06	0.24	-0.49	-200.00	-980.00	360.00	-4.21	4.94	12.68
-370.00	-1000.00	200.00	2.44	-0.24	0.85	-60.00	-890.00	-230.00	0.00	-0.18	0.30	-350.00	-1000.00	-30.00	-0.12	0.37	-0.49	-200.00	-980.00	350.00	-4.21	4.39	13.11
-370.00	-1010.00	210.00	2.50	-0.43	0.79	-60.00	-890.00	-230.00	0.00	-0.18	0.30	-350.00	-990.00	-30.00	-0.06	0.37	-0.61	-200.00	-980.00	350.00	-3.90	4.70	13.96
-380.00	-1000.00	210.00	2.56	-0.43	0.79	-60.00	-900.00	-230.00	-0.18	-0.12	0.18	-350.00	-990.00	-30.00	-0.12	0.30	-0.55	-200.00	-990.00	340.00	-3.66	5.43	15.06
-370.00	-1000.00	210.00	2.07	-0.43	0.98	-60.00	-900.00	-230.00	-0.18	-0.12	0.18	-340.00	-990.00	-30.00	-0.18	0.24	-0.55	-220.00	-990.00	340.00	-3.66	5.43	15.06
-370.00	-1000.00	210.00	2.07	-0.43	0.98	-60.00	-890.00	-230.00	-0.18	-0.12	0.18	-340.00	-990.00	-30.00	-0.06	0.24	-0.55	-220.00	-990.00	330.00	-4.15	6.89	16.34
-380.00	-1000.00	210.00	2.01	-0.79	0.79	-60.00	-900.00	-220.00	-0.18	-0.06	0.24	-350.00	-990.00	-40.00	-0.12	0.30	-0.55	-230.00	-990.00	320.00	-4.15	6.89	16.34
-370.00	-1000.00	200.00	1.89	-1.52	0.67	-60.00	-890.00	-220.00	-0.30	-0.12	0.24	-340.00	-990.00	-30.00	-0.18	0.24	-0.55	-220.00	-1010.00	320.00	-4.70	7.26	17.13
-370.00	-1000.00	200.00	2.13	-0.98	1.04	-60.00	-890.00	-220.00	-0.30	-0.12	0.24	-340.00	-990.00	-30.00	-0.06	0.24	-0.49	-220.00	-1010.00	320.00	-5.30	6.95	17.44
-370.00	-1010.00	210.00	2.13	-0.98	1.04	-60.00	-900.00	-220.00	-0.30	-0.12	0.24	-350.00	-990.00	-30.00	-0.12	0.30	-0.49	-220.00	-1000.00	320.00	-5.61	6.28	17.50
-370.00	-1000.00	210.00	2.50	-0.85	1.71	-60.00	-900.00	-220.00	-0.30	-0.18	0.18	-350.00	-990.00	-30.00	-0.24	0.18	-0.18	-220.00	-1000.00	320.00	-6.95	7.13	18.29
-370.00	-1000.00	210.00	2.26	-0.91	1.95	-60.00	-900.00	-220.00	-0.30	-0.18	0.18	-350.00	-990.00	-30.00	-0.12	0.24	-0.12	-220.00	-990.00	320.00	-9.82	8.35	19.39
-370.00	-1000.00	210.00	2.26	-0.91	1.95	-60.00	-890.00	-220.00	-0.30	-0.18	0.18	-340.00	-990.00	-40.00	0.00	0.18	-0.12	-220.00	-990.00	340.00	-9.82	8.35	19.39
-370.00	-1000.00	210.00	2.38	-1.28	2.26	-60.00	-890.00	-230.00	-0.24	-0.18	0.24	-340.00	-990.00	-30.00	0.00	0.24	-0.24	-230.00	-970.00	350.00	-10.12	15.85	23.78
-370.00	-1000.00	210.00	2.32	-1.16	2.80	-60.00	-890.00	-230.00	-0.24	-0.43	0.18	-340.00	-1000.00	-30.00	0.00	0.24	-0.24	-250.00	-970.00	330.00	-10.61	17.50	24.57
-370.00	-1000.00	210.00	1.83	-1.71	4.39	-60.00	-890.00	-230.00	-0.24	-0.43	0.18	-340.00	-1000.00	-30.00	-0.06	0.24	-0.30	-250.00	-970.00	330.00	-10.61	17.50	24.57
-380.00	-1000.00	210.00	0.12	-2.38	5.73	-60.00	-890.00	-230.00	-0.24	-0.43	0.18	-340.00	-1000.00	-40.00	0.00	0.24	-0.30	-260.00	-980.00	310.00	-11.10	18.41	24.63
-380.00	-1000.00	210.00	0.12	-2.38	5.73	-60.00	-890.00	-230.00	-0.06	-0.12	0.24	-350.00	-1000.00	-30.00	-0.06	0.24	-0.24	-260.00	-970.00	350.00	-11.22	20.91	25.67
-370.00	-1000.00	210.00	-1.65	-2.20	8.72	-60.00	-890.00	-230.00	-0.06	-0.12	0.24	-350.00	-1000.00	-30.00	-0.12	0.30	-0.37	-280.00	-970.00	330.00	-11.22	20.91	25.67
-380.00	-1000.00	210.00	-2.44	-1.59	11.04	-60.00	-890.00	-230.00	-0.06	-0.12	0.24	-350.00	-990.00	-30.00	-0.06	0.18	-0.30	-280.00	-970.00	330.00	-14.09	19.15	27.50
-380.00	-1000.00	210.00	-2.44	-1.59	11.04	-60.00	-900.00	-230.00	-0.06	-0.12	0.24	-340.00	-1000.00	-30.00	-0.06	0.12	-0.24	-310.00	-980.00	300.00	-11.40	28.72	27.56
-370.00	-1000.00	210.00	-3.60	-0.67	17.32	-60.00	-900.00	-230.00	-0.12	0.12	0.30	-340.00	-1000.00	-30.00	-0.18	0.24	-0.18	-310.00	-980.00	300.00	-11.52	31.34	26.83
-370.00	-1000.00	210.00	-3.60	-0.67	17.32	-60.00	-900.00	-230.00	-0.12	0.12	0.30	-340.00	-1000.00	-30.00	-0.12	0.24	-0.24	-320.00	-980.00	290.00	-10.55	33.29	27.68
-370.00	-1000.00	210.00	-4.15	0.12	20.67	-60.00	-890.00	-230.00	-0.12	0.12	0.30	-340.00	-1000.00	-40.00	-0.06	0.12	-0.24	-320.00	-990.00	290.00	-10.98	35.37	30.43
-370.00	-1000.00	210.00	-5.85	0.06	24.70	-60.00	-890.00	-220.00	-0.24	0.30	0.43	-340.00	-990.00	-30.00	-0.06	0.12	-0.18	-330.00	-1010.00	290.00	-10.98	35.37	30.43
-370.00	-1000.00	220.00	-7.99	-0.24	28.54	-60.00	-890.00	-220.00	-0.24	0.30	0.43	-340.00	-990.00	-30.00	-0.06	0.18	-0.18	-330.00	-1040.00	280.00	-14.76	44.45	43.66
-370.00	-1010.00	210.00	-6.83	-1.46	29.70	-60.00	-890.00	-220.00	-0.24	0.30	0.43	-350.00	-990.00	-40.00	0.00	0.18	-0.24	-310.00	-1030.00	360.00	-16.89	43.41	51.59
-360.00	-1010.00	220.00	-6.83	-1.46	29.70	-60.00	-890.00	-230.00	-0.24	0.30	0.43	-340.00	-1000.00	-30.00	0.06	0.12	-0.24	-370.00	-1080.00	220.00	-30.06	21.40	77.38
-360.00	-1010.00	220.00	-5.12	-0.85	31.22	-60.00	-890.00	-230.00	-0.12	-0.06	0.30	-340.00	-1000.00	-30.00	-0.06	0.18	-0.30	-370.00	-1080.00	220.00	-36.71	20.00	93.66
-380.00	-1020.00	220.00	-8.96	1.65	36.22	-60.00	-890.00	-230.00	-0.12	-0.06	0.30	-350.00	-990.00	-30.00	-0.06	0.24	-0.24	-350.00	-1120.00	250.00	-36.71	20.00	93.66
-360.00	-1040.00	220.00	-9.88	4.70	39.51	-60.00	-890.00	-230.00	-0.12	-0.06	0.30	-340.00	-990.00	-30.00	0.00	0.18	-0.24	-310.00	-1120.00	310.00	-40.49	18.90	105.30
-360.00	-1040.00	220.00	-9.88	4.70	39.51	-60.00	-890.00	-230.00	-0.18	-0.18	0.30	-340.00	-1000.00	-30.00	-0.06	0.18	-0.30	-310.00	-1120.00	310.00	-39.57	21.16	107.38
-360.00	-1060.00	220.00	-14.70	9.76	47.44	-60.00	-890.00	-230.00	-0.18	-0.18	0.30	-350.00	-990.00	-30.00	-0.06	0.18	-0.37	-310.00	-1120.00	310.00	-49.88	13.35	103.05
-370.00	-1060.00	220.00	-14.70	9.76	47.44	-60.00	-890.00	-230.00	-0.18	-0.18	0.30	-350.00	-990.00	-30.00	0.00	0.18	-0.30	-340.00	-1200.00	140.00	-51.16	24.82	104.39
-370.00	-1080.00	230.00	-15.91	13.84	52.26	-60.00	-890.00	-230.00	-0.24	-0.18	0.30	-350.00	-990.00	-30.00	-0.06	0.18	-0.30	-350.00	-1220.00	130.00	-51.16	24.82	104.39
-380.00	-1080.00	190.00	-14.51	19.63	54.94	-60.00	-890.00	-230.00	-0.18	-0.12	0.18	-350.00	-990.00	-30.00	0.00	0.18	-0.37	-330.00	-1140.00	250.00	-7.62	-65.06	-32.13
-380.00	-1080.00	190.00	-10.49	34.27	60.24	-60.00	-890.00	-230.00	-0.18	-0.12	0.18	-340.00	-990.00	-30.00	0.12	0.18	-0.37	-330.00	-1110.00	300.00	6.71	-40.73	-159.94
-290.00	-1170.00	240.00	-10.49	34.27	60.24	-60.00	-900.00	-220.00	-0.06	-0.24	0.30	-350.00	-1000.00	-40.00	0.06	0.06	-0.37	-230.00	-1130.00	320.00	10.55	-41.65	-173.78
-290.00	-1170.00	240.00	3.60	20.91	27.07	-60.00	-890.00	-230.00	-0.18	-0.24	0.37	-340.00	-990.00	-30.00	-0.18	0.12	-0.43	-350.00	-1080.00	290.00	19.88	-36.95	-187.44
-350.00	-1140.00	250.00	3.60	20.91	27.07	-60.00	-890.00	-230.00	-0.18	-0.18	0.24	-340.00	-1000.00	-30.00	-0.18	0.00	-0.49	-350.00	-1080.00	290.00	19.88	-36.95	-187.44
-350.00	-1160.00	300.00	18.05	19.15	-16.52	-60.00	-890.00	-220.00	-0.18	-0.18	0.24	-350.00	-1000.00	-30.00	-0.18	-0.12	-0.61	-340.00	-1080.00	390.00	38.54	-33.78	-208.66
-380.00	-1130.00	310.00	21.34	18.48	-27.13	-60.00	-900.00	-220.00	-0.18	-0.18	0.24	-340.00	-1000.00	-30.00	-0.24	-0.37	-0.67	-340.00	-1080.00	390.00	43.66	-49.45	-210.43
-380.00	-1130.00	310.00	20.30	-20.85	-77.93	-60.00	-900.00	-220.00	-0.24	-0.37	0.24	-340.00	-1000.00	-40.00	-0.37	-0.55	-0.67	560.00	-530.00	590.00	46.34	-71.77	-213.72
-380.00	-1140.00	310.00	20.30	-20.85	-77.93	-60.00	-900.00	-230.00	-0.24	-0.37	0.24	-340.00	-990.00	-40.00	-0.37	-0.61	-0.67	560.00	-530.00	590.00	47.56	-91.59	-217.38
-390.00	-1160.00	300.00	17.50	-22.93	-76.89	-60.00	-890.00	-220.00	-0.24	-0.37	0.24	-350.00	-990.00	-30.00	-0.37	-0.30	-0.67	340.00	-740.00	430.00	47.56	-91.59	-217.38
-410.00	-1160.00	300.00	17.56	-24.57	-75.79	-60.00	-890.00	-220.00	-0.24	-0.37	0.24	-340.00	-990.00	-30.00	-0.43	-0.06	-0.67	340.00	-740.00	430.00	46.10	-106.04	-225.24
-360.00	-1140.00	300.00	17.56	-24.57	-75.79	-60.00	-900.00	-220.00	-0.06	-1.04	0.12	-340.00	-990.00	-30.00	-0.37	0.00	-0.73	410.00	-910.00	330.00	46.10	-106.04	-225.24
-360.00	-1140.00	300.00	17.99	-28.29	-74.45	-60.00	-900.00	-220.00	-0.06	-1.04	0.12	-350.00	-990.00	-30.00	-0.37	0.12	-0.79	330.00	-1020.00	250.00	45.30	-96.65	-229.39
-370.00	-1060.00	230.00	19.15	-30.06	-75.06	-60.00	-900.00	-220.00	-0.06	-1.04	0.12	-340.00	-990.00	-30.00	-0.43	0.12	-0.85	330.00	-1020.00	250.00	39.57	-47.26	-223.66
-370.00	-1060.00	230.00	19.15	-30.06	-75.06	-60.00	-890.00	-220.00	-0.18	-0.49	0.30	-340.00	-1000.00	-30.00	-0.43	0.12	-0.73	-250.00	-1160.00	230.00	35.79	-3.29	-200.73
130.00	-900.00	340.00	24.09	-28.54	-76.40	-60.00	-890.00	-220.00	-0.18	-0.49	0.30	-350.00	-1000.00	-30.00	-0.49	0.24	-0.55	-370.00	-1270.00	260.00	35.79	-3.29	-200.73
130.00	-900.00	340.00	26.52	-26.89	-76.95	-60.00	-890.00	-220.00	-0.18	-0.49	0.30	-340.00	-990.00	-30.00	-0.24	0.30	-0.12	-370.00	-1270.00	260.00	40.91	-11.16	-112.44
90.00	-860.00	320.00	25.79	-25.43	-76.10	-60.00	-890.00	-220.00	-0.24	-0.24	0.43	-340.00	-990.00	-30.00	-0.12	0.00	0.18	-380.00	-1310.00	240.00	40.91	-13.17	-59.88
110.00	-940.00	330.00	25.12	-24.02	-73.96	-60.00	-890.00	-220.00	-0.30	0.06	0.37	-350.00	-990.00	-30.00	0.00	-0.06	0.30	-330.00	-1380.00	260.00	40.91	-13.17	-59.88
110.00	-940.00	330.00	23.84	-22.99	-71.10	-60.00	-890.00	-220.00	-0.30	0.06	0.37	-340.00	-990.00	-30.00	0.06	-0.24	0.43	-330.00	-1430.00	240.00	32.56	-12.13	-23.90
-220.00	-1060.00	240.00	20.73	-21.46	-65.98	-60.00	-890.00	-220.00	-0.43	0.00	0.49	-340.00	-1000.00	-40.00	0.12	-0.30	0.37	-370.00	-1430.00	240.00	20.98	-13.60	8.35
-260.00	-1080.00	230.00	20.73	-3.66	-60.79	-60.00	-890.00	-220.00	-0.43	0.18	0.49	-330.00	-1000.00	-40.00	0.06	-0.24	0.30	-370.00	-1430.00	240.00	12.80	-13.72	34.57
-290.00	-1110.00	220.00	20.73	-3.66	-60.79	-60.00	-890.00	-220.00	-0.37	0.30	0.37	-340.00	-1000.00	-40.00	0.12	-0.37	0.18	-1140.00	-1450.00	290.00	12.80	-13.72	34.57
-320.00	-1110.00	210.00	18.96	-2.68	-55.67	-70.00	-890.00	-220.00	-0.43	0.12	0.37	-340.00	-1000.00	-30.00	0.18	-0.49	0.06	-1140.00	-1450.00	290.00	-0.73	-9.02	66.65
-330.00	-1130.00	200.00	15.55	-3.54	-52.32	-60.00	-890.00	-220.00	-0.24	-0.06	0.37	-340.00	-990.00	-30.00	0.30	-0.67	0.00	-1790.00	-1190.00	60.00	-41.22	-23.29	87.26
-360.00	-1150.00	200.00	15.55	-3.54	-52.32	-60.00	-900.00	-230.00	-0.12	-0.12	0.37	-340.00	-990.00	-30.00	0.30	-0.73	-0.06	-1780.00	-1120.00	60.00	-29.15	-65.91	86.89
-400.00	-1140.00	210.00	8.60	-3.54	-45.18	-60.00	-890.00	-230.00	-0.18	0.00	0.37	-340.00	-1000.00	-30.00	0.18	-0.79	-0.12	-1720.00	-790.00	40.00	-3.66	-76.95	70.73
-390.00	-1110.00	190.00	8.60	-3.54	-45.18	-60.00	-900.00	-230.00	0.06	0.06	0.43	-340.00	-990.00	-30.00	0.30	-0.91	-0.18	-1690.00	-760.00	50.00	-13.96	-41.95	73.66
-390.00	-1110.00	210.00	6.71	-2.26	-41.52	-60.00	-890.00	-220.00	0.06	-0.12	0.49	-350.00	-990.00	-40.00	0.24	-1.28	-0.30	-1690.00	-760.00	50.00	-11.34	-42.20	64.63
-390.00	-1080.00	210.00	5.06	-1.10	-37.62	-60.00	-900.00	-220.00	0.06	-0.37	0.55	-340.00	-990.00	-40.00	0.30	-1.59	-0.43	-1750.00	-790.00	-30.00	-11.34	-42.20	64.63
-390.00	-1080.00	210.00	4.33	-1.28	-34.76	-60.00	-900.00	-230.00	0.24	-0.37	0.55	-340.00	-990.00	-30.00	0.12	-2.26	-0.73	-1870.00	-730.00	-250.00	-2.13	-28.66	51.83
-390.00	-1080.00	220.00	5.98	0.18	-32.74	-60.00	-890.00	-230.00	0.43	-0.12	0.55	-340.00	-990.00	-30.00	0.00	-2.50	-0.79	-1810.00	-1320.00	-840.00	4.57	-19.45	46.89
-370.00	-1080.00	230.00	5.98	0.18	-32.74	-60.00	-900.00	-230.00	0.61	0.12	0.55	-340.00	-990.00	-40.00	0.12	-2.62	-0.85	-1410.00	-2000.00	320.00	1.10	-3.72	32.68
-370.00	-1080.00	230.00	7.56	3.41	-30.06	-60.00	-890.00	-220.00	0.61	0.30	0.55	-340.00	-990.00	-30.00	-0.06	-2.87	-0.91	790.00	-2000.00	450.00	2.62	-7.32	30.67
-310.00	-1040.00	260.00	6.95	11.77	-17.20	-60.00	-890.00	-230.00	0.67	0.30	0.61	-340.00	-990.00	-40.00	0.06	-2.99	-1.04	790.00	-2000.00	450.00	2.62	-7.32	30.67
-340.00	-1010.00	230.00	4.76	13.78	-9.27	-60.00	-890.00	-220.00	0.85	0.37	0.61	-350.00	-990.00	-30.00	0.18	-2.74	-1.10	-570.00	-1300.00	-100.00	2.93	-9.88	24.63
-340.00	-1010.00	230.00	4.76	13.78	-9.27	-60.00	-890.00	-220.00	0.79	0.37	0.49	-340.00	-990.00	-30.00	0.18	-2.50	-1.22	-260.00	-1350.00	-50.00	3.84	-8.60	25.18
-340.00	-990.00	220.00	1.52	15.37	-1.28	-60.00	-890.00	-220.00	0.85	0.18	0.61	-350.00	-990.00	-30.00	0.18	-2.44	-1.28	-260.00	-1140.00	250.00	3.84	-8.60	25.18
-360.00	-990.00	200.00	-9.63	15.98	17.44	-60.00	-900.00	-230.00	0.79	0.18	0.49	-340.00	-1000.00	-30.00	0.12	-2.68	-1.16	-50.00	-930.00	400.00	3.78	-8.54	25.67
-370.00	-1000.00	190.00	-9.63	15.98	17.44	-60.00	-890.00	-220.00	0.98	0.24	0.37	-350.00	-990.00	-30.00	-0.06	-3.29	-1.34	-200.00	-990.00	340.00	4.09	-8.66	26.04
-390.00	-980.00	180.00	-12.26	15.61	21.71	-60.00	-900.00	-220.00	1.10	0.18	0.37	-350.00	-990.00	-30.00	-0.30	-3.66	-1.59	-200.00	-990.00	340.00	4.63	-7.74	27.38
-390.00	-980.00	180.00	-19.45	16.04	31.95	-60.00	-900.00	-220.00	1.16	0.18	0.30	-340.00	-990.00	-40.00	-0.73	-3.84	-1.65	-210.00	-1070.00	190.00	4.63	-7.74	27.38
-430.00	-960.00	160.00	-19.45	16.04	31.95	-60.00	-900.00	-220.00	1.10	0.12	0.24	-340.00	-990.00	-30.00	-0.67	-3.60	-1.77	-140.00	-1020.00	260.00	7.13	-6.04	30.85
-430.00	-960.00	160.00	-6.95	57.26	51.71	-60.00	-900.00	-220.00	1.16	0.00	0.24	-340.00	-990.00	-30.00	-0.37	-3.11	-1.83	-60.00	-1000.00	260.00	7.13	-6.04	30.85
-420.00	-930.00	160.00	-6.95	57.26	51.71	-60.00	-890.00	-220.00	1.10	0.12	0.24	-340.00	-990.00	-30.00	-0.18	-2.93	-1.83	-40.00	-940.00	330.00	7.32	-7.01	32.07
-430.00	-900.00	160.00	-57.38	-23.29	101.71	-60.00	-890.00	-220.00	0.98	0.37	0.18	-350.00	-1000.00	-30.00	0.24	-2.80	-1.71	-90.00	-930.00	310.00	7.07	-7.68	33.54
-500.00	-830.00	110.00	-57.38	-23.29	101.71	-60.00	-890.00	-230.00	0.91	0.06	0.12	-340.00	-990.00	-30.00	0.49	-2.80	-1.65	-110.00	-900.00	300.00	7.68	-5.43	35.61
-500.00	-830.00	110.00	-28.66	5.12	54.09	-60.00	-890.00	-220.00	1.04	-0.12	0.06	-340.00	-990.00	-30.00	0.79	-2.56	-1.28	-70.00	-940.00	290.00	13.23	2.87	33.35
-520.00	-810.00	60.00	-14.76	44.39	48.23	-60.00	-900.00	-220.00	1.16	-0.49	0.12	-350.00	-990.00	-30.00	0.98	-2.32	-0.85	-70.00	-940.00	290.00	13.23	2.87	33.35
-520.00	-810.00	20.00	-14.76	44.39	48.23	-60.00	-900.00	-220.00	1.10	-0.73	0.06	-340.00	-990.00	-30.00	1.16	-2.13	-0.67	-90.00	-970.00	250.00	14.57	4.82	31.46
-520.00	-810.00	20.00	-18.41	48.78	52.50	-60.00	-900.00	-220.00	1.28	-0.73	0.12	-340.00	-1000.00	-40.00	1.46	-2.01	-0.30	-100.00	-970.00	270.00	13.96	8.29	28.11
-620.00	-840.00	-60.00	-16.77	41.89	45.73	-60.00	-890.00	-220.00	1.28	-0.55	0.06	-340.00	-1000.00	-40.00	1.65	-1.77	0.12	-90.00	-970.00	290.00	13.96	8.29	28.11
-640.00	-840.00	-70.00	-2.07	5.06	35.55	-60.00	-900.00	-220.00	1.46	-0.61	0.18	-340.00	-1000.00	-40.00	1.83	-1.46	0.37	-50.00	-1000.00	290.00	12.87	10.43	26.46
-660.00	-840.00	-60.00	-10.30	22.38	20.61	-60.00	-890.00	-220.00	1.83	-0.67	0.37	-340.00	-1000.00	-20.00	2.07	-1.28	0.43	-50.00	-1000.00	290.00	11.59	11.59	25.18
-660.00	-840.00	-60.00	-15.37	30.12	18.84	-60.00	-900.00	-230.00	2.01	-0.85	0.49	-340.00	-1000.00	-20.00	2.13	-1.16	0.61	-90.00	-1040.00	270.00	10.55	10.85	23.78
2000.00	-2000.00	1280.00	-13.11	25.37	12.44	-60.00	-900.00	-220.00	2.26	-0.98	0.67	-340.00	-1000.00	-20.00	2.26	-0.91	0.67	-90.00	-1040.00	270.00	8.84	8.41	20.30
2000.00	-2000.00	1280.00	-6.04	14.94	7.07	-60.00	-900.00	-220.00	2.56	-0.79	0.85	-340.00	-1000.00	-30.00	2.56	-0.67	0.85	-160.00	-1060.00	300.00	8.84	8.41	20.30
-1670.00	-1240.00	710.00	-6.04	14.94	7.07	-60.00	-890.00	-220.00	2.68	-0.55	1.10	-340.00	-1000.00	-30.00	2.87	-0.98	1.04	-150.00	-1040.00	320.00	5.61	6.28	14.51
-1670.00	-1240.00	710.00	-2.07	4.94	5.00	-60.00	-900.00	-220.00	2.80	-0.61	1.34	-340.00	-990.00	-30.00	3.11	-1.34	1.22	-150.00	-1040.00	320.00	5.61	6.28	14.51
-40.00	-1460.00	-70.00	-3.78	6.77	6.04	-60.00	-900.00	-220.00	2.99	-0.67	1.52	-340.00	-1000.00	-30.00	3.23	-1.52	1.52	-160.00	-1030.00	320.00	4.51	5.79	13.66
170.00	-840.00	380.00	-8.48	18.66	10.24	-60.00	-900.00	-220.00	3.17	-0.49	1.83	-340.00	-1000.00	-30.00	3.29	-1.71	1.89	-170.00	-1030.00	320.00	3.96	5.12	13.66
-190.00	-810.00	380.00	-6.71	17.74	14.63	-60.00	-900.00	-220.00	3.17	-0.73	2.26	-340.00	-990.00	-40.00	3.17	-1.89	2.26	-170.00	-1030.00	320.00	3.35	4.70	14.39
-540.00	-1060.00	-100.00	-6.71	17.74	14.63	-60.00	-900.00	-220.00	3.17	-1.16	2.74	-340.00	-1000.00	-40.00	3.17	-1.89	2.50	-250.00	-950.00	330.00	3.17	4.21	15.79
-540.00	-1060.00	-100.00	-3.23	14.27	17.80	-60.00	-900.00	-220.00	3.05	-1.59	3.23	-340.00	-1000.00	-20.00	3.54	-2.13	2.62	-250.00	-950.00	330.00	3.17	4.21	15.79
-230.00	-1050.00	250.00	-4.63	14.39	19.45	-60.00	-900.00	-210.00	2.99	-2.26	3.60	-330.00	-990.00	-20.00	3.78	-2.32	2.62	-220.00	-940.00	340.00	2.38	2.62	19.09
-230.00	-1050.00	250.00	-4.63	14.39	19.45	-60.00	-900.00	-210.00	2.80	-3.17	4.27	-330.00	-1000.00	-20.00	3.84	-3.05	2.56	-190.00	-950.00	360.00	2.38	2.62	19.09
-280.00	-1020.00	370.00	-4.57	15.00	20.55	-50.00	-900.00	-220.00	2.93	-3.66	5.12	-340.00	-990.00	-20.00	3.96	-3.17	2.56	-190.00	-960.00	350.00	1.89	2.20	21.34
-330.00	-1010.00	180.00	-4.70	14.82	22.26	-50.00	-910.00	-220.00	3.05	-4.27	6.46	-340.00	-990.00	-30.00	3.90	-3.23	2.56	-180.00	-960.00	340.00	1.89	2.20	21.34
-340.00	-1020.00	60.00	-6.46	14.21	24.39	-50.00	-910.00	-220.00	2.93	-4.82	8.23	-340.00	-990.00	-20.00	3.78	-3.17	2.38	-180.00	-960.00	340.00	1.59	3.29	24.09
-290.00	-1030.00	120.00	-6.40	13.11	25.12	-30.00	-910.00	-270.00	3.23	-5.43	10.06	-340.00	-990.00	-20.00	3.96	-2.93	2.44	-160.00	-950.00	330.00	1.59	3.29	24.09
-280.00	-1000.00	250.00	-5.55	12.93	25.61	-40.00	-920.00	-210.00	3.23	-6.28	12.56	-340.00	-1000.00	-20.00	4.09	-2.93	2.80	-160.00	-950.00	330.00	1.59	4.57	24.63
-270.00	-1020.00	300.00	-5.55	12.93	25.61	-50.00	-910.00	-210.00	3.11	-6.65	15.12	-340.00	-990.00	-10.00	4.27	-2.93	3.11	-170.00	-960.00	330.00	1.28	19.39	24.57
-270.00	-1020.00	300.00	-4.33	14.57	25.37	-50.00	-930.00	-210.00	2.99	-7.74	17.62	-340.00	-990.00	-20.00	4.15	-2.80	3.48	-170.00	-960.00	330.00	1.83	23.54	24.45
-250.00	-1050.00	200.00	-4.70	15.12	25.91	-40.00	-920.00	-220.00	2.13	-10.91	20.18	-350.00	-990.00	-20.00	4.09	-2.32	3.84	-160.00	-1000.00	340.00	3.05	25.49	23.78
-270.00	-1040.00	170.00	-2.68	14.45	25.12	-30.00	-930.00	-230.00	2.38	-13.66	22.68	-350.00	-990.00	-20.00	4.21	-1.77	4.21	-160.00	-1000.00	340.00	3.05	25.49	23.78
-270.00	-1030.00	210.00	-4.76	12.50	23.23	-30.00	-930.00	-240.00	6.10	-15.49	25.61	-350.00	-990.00	-20.00	3.90	-1.52	4.39	-180.00	-1010.00	310.00	1.95	25.43	22.80
-290.00	-1020.00	240.00	-4.76	12.50	23.23	-30.00	-950.00	-240.00	6.83	-18.78	28.90	-350.00	-990.00	-30.00	3.72	-1.40	4.45	-190.00	-1010.00	310.00	1.95	25.43	22.80
-300.00	-1030.00	240.00	-10.73	3.23	16.04	-20.00	-950.00	-240.00	6.59	-21.77	32.68	-350.00	-1000.00	-30.00	3.29	-1.52	4.57	-190.00	-1020.00	320.00	1.22	24.94	22.87
-250.00	-1020.00	230.00	-10.91	3.60	16.77	-20.00	-970.00	-240.00	8.66	-23.17	36.04	-350.00	-1000.00	-20.00	2.80	-1.46	4.70	-200.00	-1010.00	320.00	-0.12	24.33	23.11
-280.00	-1020.00	200.00	-10.98	4.33	17.50	20.00	-1000.00	-260.00	9.51	-24.21	39.21	-360.00	-1000.00	-10.00	2.26	-1.46	4.70	-230.00	-1010.00	310.00	-2.87	24.63	26.34
-300.00	-1010.00	230.00	-10.67	4.45	18.05	-10.00	-990.00	-260.00	10.06	-25.79	42.38	-360.00	-1000.00	-10.00	1.89	-1.52	4.88	-230.00	-1010.00	310.00	-2.99	26.83	30.00
-300.00	-1010.00	230.00	-10.85	4.27	18.66	-10.00	-1020.00	-220.00	11.65	-28.11	45.61	-360.00	-1000.00	-10.00	1.59	-1.34	5.00	-250.00	-970.00	360.00	-3.72	25.91	31.16
-300.00	-990.00	230.00	-14.02	4.57	20.91	30.00	-1080.00	-250.00	14.27	-29.45	47.99	-350.00	-1000.00	10.00	1.10	-0.91	5.12	-240.00	-960.00	400.00	-4.57	25.06	32.32
-290.00	-1010.00	250.00	-16.40	7.20	24.76	20.00	-1070.00	-190.00	15.37	-27.62	49.51	-350.00	-1000.00	-0.00	0.12	-0.85	5.43	-240.00	-930.00	410.00	-5.06	25.43	33.23
-330.00	-990.00	200.00	-18.05	6.22	26.22	30.00	-1080.00	-180.00	15.85	-23.35	50.49	-350.00	-1000.00	-0.00	-0.67	-0.37	5.79	-260.00	-940.00	370.00	-4.76	26.59	34.33
-350.00	-1000.00	170.00	-19.70	3.78	27.01	10.00	-1080.00	-170.00	16.34	-18.66	51.77	-360.00	-1000.00	-10.00	-1.04	0.24	6.22	-260.00	-940.00	370.00	-4.76	26.59	34.33
-350.00	-1000.00	170.00	-22.01	1.34	27.87	0.00	-1080.00	-190.00	15.30	-13.54	52.20	-360.00	-990.00	0.00	-1.04	0.73	6.65	-260.00	-950.00	350.00	-4.33	27.56	35.30
-380.00	-1000.00	220.00	-25.18	-0.37	29.51	10.00	-1070.00	-190.00	13.60	-9.94	50.85	-370.00	-990.00	-0.00	-1.04	1.28	7.13	-290.00	-960.00	340.00	-4.45	28.60	35.98
-380.00	-1000.00	220.00	-25.18	-0.37	29.51	20.00	-1040.00	-200.00	11.34	-9.51	47.44	-360.00	-990.00	-10.00	-0.85	1.10	7.56	-290.00	-960.00	340.00	-3.90	29.51	37.50
-380.00	-1000.00	220.00	-34.33	4.70	39.27	0.00	-1030.00	-210.00	9.76	-6.52	42.26	-350.00	-1000.00	-10.00	-1.10	0.37	7.74	-300.00	-980.00	330.00	-2.32	32.80	41.65
-400.00	-1000.00	170.00	-34.33	4.70	39.27	-30.00	-1000.00	-200.00	10.12	-0.30	34.21	-360.00	-1000.00	-20.00	-1.28	-0.43	7.68	-300.00	-980.00	320.00	-9.51	26.46	49.94
-420.00	-1000.00	140.00	-34.45	11.89	47.07	-80.00	-980.00	-190.00	9.57	6.10	25.12	-360.00	-1010.00	-20.00	-1.59	-1.10	7.50	-320.00	-990.00	310.00	-9.51	26.46	49.94
-420.00	-1000.00	140.00	-28.05	13.60	52.56	-90.00	-980.00	-200.00	8.90	14.76	14.63	-360.00	-1000.00	-10.00	-2.20	-1.46	7.68	-330.00	-990.00	290.00	-12.01	26.95	55.06
-440.00	-990.00	150.00	-32.20	10.98	56.28	-80.00	-940.00	-210.00	7.56	23.29	3.54	-350.00	-1000.00	-10.00	-2.44	-0.98	8.05	-310.00	-1020.00	270.00	-10.61	38.90	64.82
-420.00	-1000.00	170.00	-37.20	13.90	55.91	-50.00	-930.00	-190.00	4.21	27.87	-7.56	-360.00	-1000.00	-10.00	-2.20	-0.73	7.93	-320.00	-1040.00	270.00	-10.49	57.01	85.79
-440.00	-1030.00	100.00	-37.20	13.90	55.91	10.00	-810.00	-170.00	2.68	32.44	-19.15	-360.00	-1000.00	0.00	-2.01	-0.43	7.62	-320.00	-1040.00	270.00	-10.49	57.01	85.79
-440.00	-1030.00	100.00	-42.87	16.95	55.18	170.00	-730.00	-170.00	3.84	36.10	-31.22	-360.00	-1000.00	10.00	-1.83	-0.30	7.56	-300.00	-1060.00	260.00	-12.87	52.13	95.12
-460.00	-1020.00	70.00	-42.87	16.95	55.18	230.00	-690.00	-120.00	2.44	35.24	-40.55	-360.00	-980.00	10.00	-1.59	-0.37	7.50	-310.00	-1110.00	260.00	-14.70	43.90	100.12
-470.00	-1070.00	110.00	-45.73	13.05	58.72	290.00	-660.00	-110.00	2.56	33.35	-49.15	-370.00	-980.00	10.00	-1.46	-0.55	7.20	-280.00	-1260.00	340.00	-22.20	14.57	114.09
-470.00	-1070.00	110.00	-50.06	7.01	63.60	330.00	-690.00	-130.00	2.44	30.91	-58.05	-370.00	-980.00	10.00	-1.52	-0.43	6.83	-220.00	-1230.00	320.00	-22.20	14.57	114.09
-480.00	-1120.00	230.00	-58.84	5.12	68.78	350.00	-730.00	-140.00	1.46	27.68	-65.85	-370.00	-990.00	-0.00	-1.46	-0.55	6.59	-290.00	-1270.00	290.00	-23.54	5.61	117.93
-460.00	-1230.00	260.00	-58.84	5.12	68.78	310.00	-680.00	-120.00	0.67	24.27	-72.01	-370.00	-990.00	-10.00	-1.16	-0.67	6.40	-270.00	-1290.00	250.00	-22.26	-5.37	123.90
-460.00	-1370.00	230.00	-58.84	5.12	68.78	390.00	-740.00	-170.00	0.18	21.22	-76.95	-370.00	-990.00	-10.00	-0.85	0.00	6.46	-300.00	-1330.00	130.00	-22.26	-5.37	123.90
-380.00	-1730.00	-40.00	-77.68	13.90	81.34	400.00	-730.00	-180.00	-0.85	17.68	-80.61	-380.00	-990.00	-10.00	-0.61	0.61	6.52	-380.00	-1300.00	70.00	-30.61	-6.16	126.95
-380.00	-1730.00	-40.00	-81.10	13.05	90.18	350.00	-740.00	-190.00	-1.10	15.55	-83.29	-380.00	-990.00	-0.00	-0.37	1.10	6.59	-360.00	-1280.00	-10.00	-37.38	-12.32	118.84
-550.00	-1310.00	330.00	-79.27	13.23	98.05	330.00	-780.00	-210.00	-1.34	14.33	-85.06	-380.00	-980.00	-10.00	-0.06	1.59	6.65	-360.00	-1280.00	-10.00	-37.38	-12.32	118.84
-550.00	-1310.00	330.00	-70.73	15.55	105.37	310.00	-810.00	-210.00	-1.95	13.05	-85.73	-380.00	-980.00	0.00	0.43	1.77	6.59	-220.00	-1270.00	50.00	-39.27	-10.18	113.72
-500.00	-1150.00	330.00	-59.21	20.85	112.56	280.00	-830.00	-220.00	-3.11	13.11	-85.43	-390.00	-990.00	0.00	0.67	1.89	6.77	-270.00	-1230.00	150.00	-36.46	-18.78	101.89
-540.00	-1130.00	310.00	-59.21	20.85	112.56	250.00	-860.00	-220.00	-3.66	14.21	-84.39	-390.00	-980.00	0.00	0.73	2.13	6.89	-340.00	-1220.00	170.00	-36.46	-18.78	101.89
-520.00	-1180.00	280.00	-46.28	25.85	117.50	200.00	-880.00	-230.00	-3.84	15.98	-82.68	-390.00	-980.00	-10.00	0.73	2.62	7.07	-250.00	-1230.00	130.00	-47.13	49.94	-149.15
-520.00	-1180.00	280.00	-37.62	28.96	120.37	180.00	-920.00	-230.00	-3.96	18.72	-81.59	-380.00	-980.00	-10.00	0.43	2.87	7.26	-110.00	-1240.00	330.00	-39.70	47.44	-173.23
-490.00	-1100.00	280.00	-29.45	30.49	125.06	130.00	-920.00	-230.00	-4.39	22.26	-81.40	-380.00	-980.00	-20.00	0.30	3.17	7.38	-110.00	-1240.00	330.00	-24.70	37.01	-214.94
-490.00	-1100.00	290.00	-29.45	30.49	125.06	90.00	-950.00	-230.00	-4.57	25.06	-80.91	-390.00	-990.00	-10.00	0.37	3.41	7.62	-100.00	-1060.00	300.00	8.17	18.54	-246.16
-470.00	-1080.00	290.00	-11.89	24.57	128.17	50.00	-960.00	-230.00	-4.82	25.85	-79.94	-390.00	-980.00	-10.00	0.12	3.72	7.99	-190.00	-990.00	340.00	13.84	-15.30	-246.16
-470.00	-1080.00	290.00	-11.89	24.57	128.17	-30.00	-980.00	-240.00	-4.76	25.43	-78.17	-400.00	-980.00	-0.00	-0.06	3.60	8.54	-190.00	-990.00	340.00	18.35	-55.79	-247.20
-490.00	-1150.00	280.00	22.01	-111.22	34.63	-60.00	-990.00	-240.00	-4.70	24.39	-75.79	-400.00	-980.00	0.00	-0.06	3.41	8.72	-550.00	-890.00	420.00	20.91	-91.65	-249.15
-420.00	-1180.00	260.00	28.72	-108.23	3.96	-70.00	-1000.00	-240.00	-5.43	22.80	-73.29	-390.00	-990.00	-0.00	0.18	3.41	8.96	-550.00	-890.00	420.00	20.91	-91.65	-249.15
-420.00	-1180.00	260.00	29.33	-92.99	-24.15	-60.00	-1000.00	-230.00	-6.04	20.98	-71.04	-390.00	-990.00	0.00	0.18	3.54	9.33	440.00	-640.00	490.00	20.91	-91.65	-249.15
-520.00	-1250.00	240.00	31.10	-73.35	-52.44	-40.00	-990.00	-230.00	-6.40	19.33	-69.15	-390.00	-990.00	0.00	0.06	3.35	9.39	400.00	-880.00	250.00	19.82	-124.39	-252.62
-460.00	-1210.00	110.00	32.62	-55.12	-77.99	-20.00	-990.00	-220.00	-6.59	18.66	-67.44	-390.00	-980.00	0.00	-0.61	3.17	9.88	-360.00	-1290.00	10.00	19.33	-121.16	-253.84
-380.00	-1290.00	50.00	29.27	-35.98	-96.89	-10.00	-990.00	-220.00	-6.77	19.27	-66.22	-400.00	-980.00	-0.00	-1.34	3.35	10.43	-360.00	-1290.00	10.00	19.57	-77.74	-254.82
-470.00	-1290.00	30.00	22.56	-16.40	-110.43	-10.00	-990.00	-220.00	-6.28	21.04	-65.18	-400.00	-980.00	-10.00	-1.95	3.41	11.10	-490.00	-1320.00	10.00	20.85	-50.73	-251.77
-520.00	-1260.00	-50.00	22.56	-16.40	-110.43	-0.00	-980.00	-210.00	-5.55	23.11	-64.02	-390.00	-980.00	-10.00	-2.38	3.23	11.95	-440.00	-1370.00	130.00	20.43	-22.68	-241.52
-490.00	-1320.00	-90.00	20.79	-3.72	-122.44	10.00	-980.00	-200.00	-5.00	24.51	-62.62	-390.00	-980.00	-20.00	-2.80	2.99	12.56	-440.00	-1370.00	130.00	16.95	7.87	-227.93
-490.00	-1320.00	-90.00	21.10	2.80	-136.22	30.00	-980.00	-170.00	-4.21	24.88	-60.85	-400.00	-980.00	-0.00	-2.99	2.93	13.48	-440.00	-1370.00	130.00	21.65	19.51	-204.88
-490.00	-1300.00	-90.00	18.11	5.67	-150.85	40.00	-980.00	-160.00	-3.54	24.09	-58.84	-410.00	-990.00	-10.00	-3.72	3.60	14.70	-410.00	-1410.00	350.00	21.65	19.51	-204.88
-480.00	-1280.00	-130.00	19.21	2.74	-162.50	50.00	-970.00	-150.00	-2.74	21.89	-56.77	-400.00	-990.00	-10.00	-4.33	3.96	15.85	-390.00	-1420.00	410.00	32.87	8.41	-168.05
620.00	-840.00	330.00	19.21	2.74	-162.50	70.00	-960.00	-140.00	-2.62	19.33	-54.88	-410.00	-990.00	-20.00	-4.45	4.45	16.65	-390.00	-1420.00	410.00	35.55	-7.68	-135.79
640.00	-750.00	320.00	21.46	-18.48	-171.71	70.00	-950.00	-150.00	-2.80	15.98	-52.68	-410.00	-990.00	-30.00	-5.12	5.06	17.32	-1060.00	-1400.00	400.00	43.72	-14.88	-106.59
640.00	-750.00	320.00	21.46	-18.48	-171.71	80.00	-940.00	-150.00	-3.23	12.93	-50.12	-400.00	-990.00	-30.00	-5.67	5.06	17.74	-1060.00	-1400.00	400.00	52.62	-11.59	-72.20
560.00	-650.00	320.00	28.72	-34.70	-175.55	90.00	-930.00	-160.00	-3.78	10.79	-46.83	-410.00	-1000.00	-20.00	-5.91	4.70	17.93	-1150.00	-1470.00	540.00	34.82	-11.46	28.23
540.00	-640.00	310.00	39.76	-49.76	-178.29	90.00	-930.00	-170.00	-4.39	10.12	-42.99	-410.00	-980.00	-30.00	-5.67	4.33	18.05	-1590.00	-1550.00	660.00	-15.24	-80.61	99.02
540.00	-640.00	310.00	44.21	-61.52	-175.79	80.00	-930.00	-180.00	-5.00	10.37	-38.54	-410.00	-1000.00	-10.00	-5.67	4.02	18.35	-1860.00	-1400.00	800.00	1.28	-37.20	96.59
480.00	-680.00	320.00	46.52	-72.80	-169.39	60.00	-920.00	-190.00	-5.98	12.38	-33.54	-410.00	-990.00	-0.00	-5.55	3.96	18.48	-1970.00	-1470.00	680.00	10.30	-21.22	83.17
300.00	-790.00	290.00	44.45	-86.89	-158.90	40.00	-910.00	-200.00	-6.22	15.73	-28.72	-420.00	-980.00	-10.00	-5.85	4.02	18.60	-2000.00	-1370.00	510.00	0.00	-17.32	43.66
150.00	-810.00	240.00	44.45	-86.89	-158.90	0.00	-910.00	-200.00	-5.98	19.21	-23.96	-420.00	-970.00	-30.00	-5.85	4.09	18.48	-2000.00	-1170.00	380.00	-0.18	-17.20	35.55
150.00	-810.00	240.00	42.68	-86.04	-156.34	-30.00	-900.00	-200.00	-5.55	20.73	-18.90	-430.00	-960.00	-30.00	-6.52	3.96	18.35	-2000.00	-1170.00	380.00	-0.18	-17.20	35.55
-170.00	-960.00	220.00	39.63	-82.80	-153.78	-80.00	-890.00	-200.00	-4.88	20.30	-13.66	-430.00	-970.00	-40.00	-6.71	4.09	18.29	-1250.00	-950.00	460.00	8.48	-8.29	28.90
-170.00	-960.00	220.00	32.20	-60.61	-144.27	-140.00	-880.00	-190.00	-3.90	18.72	-8.60	-430.00	-980.00	-10.00	-6.65	4.02	18.60	-1390.00	-1890.00	480.00	16.52	-8.17	20.67
-310.00	-1000.00	210.00	26.71	-42.93	-136.83	-170.00	-860.00	-190.00	-3.29	16.95	-4.33	-430.00	-970.00	-10.00	-6.59	4.27	18.66	-1390.00	-1890.00	480.00	16.52	-8.17	20.67
-440.00	-1090.00	180.00	26.71	-42.93	-136.83	-160.00	-830.00	-180.00	-3.41	15.98	-0.43	-430.00	-970.00	-10.00	-6.04	4.51	18.90	-190.00	-1370.00	10.00	13.72	-8.60	22.20
-570.00	-1230.00	130.00	18.17	-27.80	-124.51	-140.00	-820.00	-170.00	-3.11	14.88	3.48	-440.00	-960.00	-0.00	-5.91	4.94	19.70	-60.00	-1220.00	110.00	13.72	-8.60	22.20
-610.00	-1270.00	130.00	18.17	-27.80	-124.51	-140.00	-800.00	-160.00	-3.72	13.96	7.62	-450.00	-960.00	-10.00	-6.10	5.61	20.37	30.00	-1160.00	120.00	12.56	-9.33	35.06
-610.00	-1270.00	130.00	-26.16	-10.98	-71.59	-160.00	-780.00	-160.00	-4.09	12.68	11.95	-450.00	-970.00	-10.00	-6.46	6.10	21.16	-60.00	-1100.00	100.00	10.43	-12.32	37.74
-730.00	-1240.00	150.00	-38.48	-6.52	-54.39	-190.00	-780.00	-170.00	-5.00	10.85	16.52	-450.00	-960.00	-30.00	-6.16	6.40	21.89	-60.00	-1100.00	100.00	10.43	-12.32	37.74
-730.00	-1240.00	150.00	-44.63	1.46	-40.18	-230.00	-760.00	-180.00	-5.79	8.72	21.28	-450.00	-960.00	-40.00	-6.28	6.65	22.20	30.00	-940.00	340.00	8.35	-12.26	38.41
-780.00	-1230.00	140.00	-44.76	11.65	-30.30	-240.00	-750.00	-200.00	-6.95	6.83	25.61	-470.00	-960.00	-40.00	-6.59	7.20	22.74	10.00	-940.00	340.00	6.46	-11.83	38.35
-780.00	-1260.00	90.00	-44.76	11.65	-30.30	-250.00	-740.00	-220.00	-8.17	4.76	29.94	-460.00	-960.00	-50.00	-7.32	8.05	23.29	50.00	-940.00	350.00	5.73	-10.30	36.46
-800.00	-1230.00	90.00	-34.39	37.44	-4.02	-260.00	-750.00	-240.00	-9.57	2.44	34.51	-470.00	-960.00	-40.00	-7.13	8.35	23.90	-60.00	-970.00	270.00	5.73	-10.30	36.46
-800.00	-1230.00	90.00	39.63	63.23	61.16	-270.00	-760.00	-250.00	-11.10	-0.24	39.76	-470.00	-950.00	-30.00	-7.32	8.35	24.33	-60.00	-970.00	270.00	9.45	-5.12	30.30
-830.00	-1110.00	-80.00	5.67	-13.90	32.74	-300.00	-770.00	-270.00	-12.44	-2.32	45.43	-480.00	-960.00	-10.00	-7.38	8.60	25.00	-50.00	-990.00	310.00	9.45	-5.12	30.30
-830.00	-1110.00	-80.00	0.49	-31.52	24.21	-330.00	-770.00	-290.00	-12.01	-1.83	52.32	-480.00	-960.00	-20.00	-7.93	9.33	25.79	-70.00	-1010.00	260.00	7.13	-0.18	23.84
-850.00	-1110.00	-170.00	9.70	22.62	26.52	-350.00	-780.00	-300.00	-12.13	4.45	60.43	-480.00	-960.00	-50.00	-8.90	9.82	26.77	-70.00	-1010.00	260.00	6.65	-0.55	20.79
-910.00	-1100.00	-230.00	9.70	22.62	26.52	-360.00	-790.00	-310.00	-29.94	15.67	67.80	-480.00	-950.00	-50.00	-10.06	9.76	28.23	-110.00	-1040.00	230.00	6.65	-0.55	20.79
-1010.00	-1060.00	-310.00	2.07	16.89	25.49	-360.00	-800.00	-310.00	-12.50	29.51	69.33	-490.00	-960.00	-50.00	-11.59	8.90	30.43	-110.00	-1090.00	210.00	6.22	-1.22	18.72
-1010.00	-1060.00	-310.00	-1.10	15.18	25.55	-390.00	-810.00	-300.00	-25.67	13.66	68.90	-500.00	-960.00	-40.00	-12.93	8.60	32.32	-120.00	-1060.00	250.00	5.98	-0.85	17.20
-1300.00	-860.00	-410.00	-1.10	15.18	25.55	-430.00	-820.00	-300.00	4.82	-57.01	67.87	-500.00	-970.00	-60.00	-14.63	11.10	33.60	-120.00	-1060.00	250.00	5.98	-0.85	17.20
-1200.00	-780.00	-290.00	-2.26	14.45	25.24	-170.00	-760.00	-560.00	-29.02	-59.39	41.46	-490.00	-1010.00	-80.00	-15.06	14.02	34.33	-120.00	-1020.00	270.00	5.61	-0.18	16.89
-1200.00	-780.00	-290.00	-2.44	14.02	24.21	420.00	-990.00	-320.00	-11.28	-14.21	52.38	-490.00	-1050.00	-90.00	-14.15	15.37	34.76	-150.00	-990.00	270.00	5.24	0.61	17.07
-1150.00	-680.00	-190.00	3.35	12.74	19.82	2000.00	-1120.00	-320.00	-28.35	38.90	74.02	-520.00	-1050.00	-10.00	-14.51	16.65	36.10	-150.00	-990.00	270.00	4.33	1.22	17.93
-1090.00	-640.00	-80.00	3.35	12.74	19.82	2000.00	-1630.00	-0.00	-53.72	45.43	66.28	-530.00	-990.00	-10.00	-16.10	17.93	37.62	-130.00	-990.00	290.00	2.87	0.98	19.09
-540.00	-2000.00	1410.00	0.85	9.94	18.29	480.00	-1810.00	790.00	-17.80	42.68	47.07	-560.00	-940.00	-90.00	-18.35	19.57	39.88	-140.00	-990.00	300.00	0.06	0.61	20.67
-520.00	-920.00	170.00	-0.30	8.96	18.11	-990.00	-1890.00	500.00	-12.99	50.43	44.02	-560.00	-950.00	-90.00	-20.49	21.22	44.94	-140.00	-980.00	300.00	-0.67	1.16	20.55
-320.00	-1100.00	240.00	-1.28	7.87	17.68	-1670.00	-1030.00	-240.00	-19.94	33.96	40.98	-580.00	-990.00	-130.00	-23.66	22.50	49.51	-130.00	-980.00	290.00	-1.59	2.99	20.85
-320.00	-1100.00	240.00	-1.10	8.35	17.32	-480.00	-1220.00	-670.00	-15.79	9.57	41.04	-560.00	-1050.00	-140.00	-26.65	24.51	54.21	-130.00	-980.00	290.00	-2.44	8.35	22.07
-380.00	-1010.00	180.00	-1.10	8.35	17.32	720.00	-500.00	-240.00	-7.20	-2.50	42.01	-560.00	-1070.00	-110.00	-29.57	25.73	59.15	-140.00	-980.00	300.00	-2.44	8.35	22.07
-390.00	-1000.00	140.00	-3.96	8.54	18.72	40.00	-570.00	100.00	-1.95	-6.34	35.06	-540.00	-1100.00	-70.00	-32.99	26.16	64.82	-140.00	-990.00	300.00	-2.50	7.68	21.46
-380.00	-1000.00	170.00	-6.16	9.02	19.45	-150.00	-840.00	-400.00	-5.12	-9.57	31.10	-540.00	-1120.00	-60.00	-34.21	24.88	70.67	-160.00	-1000.00	310.00	-2.93	7.44	20.85
-380.00	-1000.00	170.00	-11.34	3.66	20.73	10.00	-760.00	-560.00	-11.28	-7.44	30.43	-550.00	-1130.00	-80.00	-36.89	22.26	75.37	-160.00	-1000.00	310.00	-3.23	7.68	20.79
-390.00	-1020.00	140.00	-11.34	3.66	20.73	320.00	-770.00	-390.00	-13.90	9.27	24.76	-520.00	-1160.00	-120.00	-38.78	19.57	79.39	-160.00	-1000.00	320.00	-3.17	8.29	21.10
-410.00	-1010.00	110.00	-14.27	4.27	23.23	220.00	-750.00	-220.00	-21.04	7.01	23.60	-530.00	-1140.00	-210.00	-40.18	17.32	82.87	-150.00	-1010.00	320.00	-3.17	9.33	21.65
-410.00	-1010.00	110.00	-14.27	4.27	23.23	90.00	-960.00	-260.00	-17.32	-12.74	22.26	-510.00	-1130.00	-260.00	-43.11	15.00	86.77	-210.00	-1010.00	270.00	-3.41	9.63	23.84
-410.00	-1010.00	130.00	-14.82	7.74	25.79	80.00	-1020.00	-220.00	-12.87	-22.68	19.57	-510.00	-1130.00	-290.00	-43.96	13.78	88.48	-210.00	-1000.00	290.00	-7.32	6.16	33.29
-400.00	-1020.00	150.00	-14.82	7.74	25.79	-100.00	-980.00	-50.00	-10.49	-23.29	18.66	-530.00	-1110.00	-280.00	-41.34	13.78	87.68	-210.00	-990.00	300.00	-7.32	6.16	33.29
-400.00	-1020.00	150.00	-13.54	11.34	29.09	-120.00	-1060.00	40.00	-11.22	-17.13	18.41	-540.00	-1090.00	-270.00	-46.04	7.93	90.18	-200.00	-990.00	290.00	-11.89	4.51	40.73
-400.00	-1000.00	140.00	-12.07	12.99	31.16	170.00	-1050.00	-60.00	-12.44	-8.66	18.84	-550.00	-1050.00	-270.00	-49.70	3.05	92.50	-200.00	-990.00	290.00	-10.00	24.76	56.59
-400.00	-1000.00	140.00	-11.10	14.21	32.93	220.00	-880.00	-260.00	-12.20	-3.54	19.21	-550.00	-1030.00	-290.00	-52.01	-1.34	94.27	-220.00	-990.00	280.00	-12.38	33.54	69.51
-410.00	-1010.00	170.00	-11.22	14.21	34.57	80.00	-760.00	-360.00	-9.09	-5.55	20.85	-600.00	-1060.00	-320.00	-52.56	-4.15	97.01	-220.00	-990.00	280.00	-12.38	33.54	69.51
-410.00	-990.00	170.00	-12.44	13.17	35.18	110.00	-760.00	-370.00	-5.61	-4.76	21.34	-510.00	-1040.00	-270.00	-49.76	-3.35	96.65	-220.00	-990.00	260.00	-14.63	37.80	81.95
-430.00	-970.00	140.00	-15.30	11.16	35.37	90.00	-890.00	-230.00	-3.29	-7.32	22.93	-530.00	-1080.00	-260.00	-51.59	-7.74	102.50	-170.00	-1080.00	280.00	-14.63	37.80	81.95
-430.00	-970.00	140.00	-15.30	11.16	35.37	-0.00	-930.00	-160.00	-2.20	-5.61	23.90	-520.00	-1070.00	-220.00	-51.28	-9.27	106.46	-230.00	-1160.00	350.00	-14.63	37.80	81.95
-450.00	-990.00	140.00	-19.51	9.51	37.50	40.00	-940.00	-200.00	-3.05	-3.48	24.94	-520.00	-1070.00	-210.00	-53.54	-15.91	108.78	-240.00	-1260.00	190.00	-21.22	61.40	104.51
-450.00	-990.00	160.00	-20.91	10.37	40.85	20.00	-850.00	-310.00	-3.60	-2.44	26.65	-590.00	-1060.00	-190.00	-53.72	-19.76	112.87	-240.00	-1260.00	190.00	-21.22	61.40	104.51
-460.00	-970.00	150.00	-22.13	12.93	45.43	70.00	-830.00	-320.00	-4.21	-1.59	28.11	-560.00	-1030.00	-160.00	-53.84	-19.82	114.33	-270.00	-1390.00	150.00	-19.27	67.26	110.61
-470.00	-970.00	170.00	-27.93	12.38	48.96	120.00	-860.00	-280.00	-3.84	-2.20	29.33	-530.00	-1080.00	-160.00	-52.80	-20.30	114.21	-260.00	-1400.00	60.00	-20.37	70.06	113.48
-460.00	-990.00	140.00	-27.93	12.38	48.96	60.00	-850.00	-280.00	-4.88	-2.13	30.18	-460.00	-1070.00	-170.00	-50.24	-19.70	113.29	-260.00	-1400.00	60.00	-27.99	66.34	117.07
-460.00	-990.00	140.00	-33.84	10.06	49.82	60.00	-900.00	-240.00	-5.37	-2.20	30.91	-490.00	-1100.00	-120.00	-47.99	-18.05	106.34	-260.00	-1400.00	60.00	-36.04	55.24	121.40
-470.00	-1040.00	130.00	-42.80	-1.46	52.56	20.00	-880.00	-230.00	-5.79	-0.73	30.67	-490.00	-1050.00	-120.00	-70.00	-46.34	93.41	-260.00	-1400.00	60.00	-36.04	55.24	121.40
-490.00	-1030.00	110.00	-39.02	-7.50	55.06	70.00	-900.00	-250.00	-5.30	0.30	30.00	-600.00	-1010.00	-130.00	-35.00	-31.10	48.41	-140.00	-1390.00	120.00	-54.45	10.37	126.77
-490.00	-1030.00	110.00	-37.68	-11.16	58.48	40.00	-820.00	-270.00	-4.94	-1.16	29.82	-630.00	-1010.00	-160.00	-35.00	-31.10	48.41	-170.00	-1350.00	80.00	-54.45	10.37	126.77
-510.00	-1020.00	90.00	-36.65	-10.79	64.39	50.00	-890.00	-260.00	-4.63	-2.20	28.84	-560.00	-1090.00	-150.00	-35.00	-31.10	48.41	-230.00	-1290.00	-90.00	-66.59	-11.77	125.67
-500.00	-1050.00	100.00	-38.96	-6.34	70.06	10.00	-850.00	-240.00	-4.39	-4.02	27.87	-650.00	-1150.00	-180.00	-10.79	-36.59	-72.44	-230.00	-1290.00	-90.00	-76.89	-26.83	124.63
-520.00	-1120.00	140.00	-45.24	-1.89	72.93	30.00	-900.00	-220.00	-5.49	-3.66	26.59	-610.00	-700.00	10.00	-10.79	-36.59	-72.44	-270.00	-1280.00	-30.00	-78.05	-32.50	120.49
-500.00	-1240.00	200.00	-45.24	-1.89	72.93	-20.00	-850.00	-250.00	-5.85	-5.00	25.85	-700.00	-780.00	50.00	-10.79	-36.59	-72.44	-330.00	-1260.00	30.00	-78.78	-37.56	112.38
-500.00	-1240.00	200.00	-54.39	2.38	77.32	0.00	-890.00	-250.00	-6.40	-4.21	24.70	370.00	-650.00	360.00	-2.07	-42.62	-94.76	-360.00	-1190.00	20.00	-78.78	-37.56	112.38
-520.00	-1250.00	120.00	-62.87	0.37	91.04	10.00	-880.00	-260.00	-5.55	-4.94	23.54	370.00	-650.00	360.00	24.45	-12.26	-136.34	-350.00	-1170.00	110.00	-92.74	-107.07	102.26
-520.00	-1250.00	120.00	-62.87	0.37	91.04	-10.00	-880.00	-280.00	-4.70	-5.49	22.32	370.00	-650.00	360.00	24.45	-12.26	-136.34	-350.00	-1170.00	110.00	-92.74	-107.07	102.26
-540.00	-1250.00	170.00	-60.30	-1.77	98.17	-20.00	-900.00	-260.00	-2.80	-5.61	20.91	320.00	-690.00	390.00	24.45	-12.26	-136.34	-290.00	-1020.00	220.00	-101.28	-141.59	89.02
-550.00	-1290.00	180.00	-56.16	0.91	101.46	-50.00	-890.00	-260.00	-1.65	-6.95	20.18	320.00	-690.00	390.00	39.94	16.65	-189.76	-290.00	-1020.00	220.00	-100.79	-159.70	77.74
-540.00	-1280.00	150.00	-46.59	1.65	103.78	-30.00	-910.00	-240.00	-0.79	-6.77	19.70	320.00	-690.00	390.00	39.94	16.65	-189.76	-440.00	-820.00	230.00	-104.45	-176.22	66.77
-500.00	-1220.00	190.00	-37.50	-3.60	105.79	-40.00	-880.00	-260.00	-1.28	-4.76	18.90	220.00	-830.00	300.00	39.94	16.65	-189.76	-440.00	-820.00	230.00	-111.16	-189.57	34.57
-500.00	-1220.00	190.00	-35.61	-11.71	102.01	-40.00	-910.00	-260.00	-0.98	-6.28	19.21	220.00	-830.00	300.00	39.09	23.48	-197.80	-530.00	-850.00	70.00	-111.16	-189.57	34.57
-510.00	-1180.00	220.00	-29.09	-26.59	88.41	-60.00	-860.00	-300.00	-1.04	-3.29	18.48	220.00	-830.00	300.00	44.39	36.04	-193.90	-530.00	-850.00	70.00	-114.45	-213.35	-23.48
-490.00	-1050.00	160.00	-29.09	-26.59	88.41	-20.00	-890.00	-300.00	-0.91	-4.88	18.66	190.00	-880.00	270.00	44.39	36.04	-193.90	-210.00	-690.00	0.00	-114.45	-213.35	-23.48
-490.00	-1050.00	160.00	-19.09	-45.30	74.82	-60.00	-860.00	-270.00	-0.06	-6.34	19.27	160.00	-970.00	150.00	44.39	36.04	-193.90	470.00	-480.00	210.00	-123.23	-205.00	-49.51
-540.00	-1040.00	190.00	-24.82	-95.98	26.59	-50.00	-900.00	-250.00	-0.12	-3.05	18.23	160.00	-970.00	150.00	57.56	20.98	-211.59	470.00	-480.00	210.00	-124.57	-165.06	-101.10
-610.00	-970.00	180.00	7.99	-107.74	-20.73	-80.00	-860.00	-260.00	-0.12	-5.49	18.41	160.00	-970.00	150.00	57.56	20.98	-211.59	370.00	-460.00	320.00	-124.57	-165.06	-101.10
-550.00	-1060.00	120.00	7.99	-107.74	-20.73	-60.00	-900.00	-250.00	0.24	-6.59	18.84	-120.00	-970.00	-70.00	50.06	-27.20	-241.59	550.00	-420.00	380.00	-123.72	-142.20	-120.24
-550.00	-1060.00	120.00	16.28	-95.06	-55.12	-20.00	-920.00	-260.00	-0.49	-4.51	19.09	-120.00	-970.00	-70.00	50.06	-27.20	-241.59	550.00	-470.00	360.00	-106.95	-85.37	-150.55
-550.00	-1060.00	120.00	18.11	-89.88	-67.32	-60.00	-870.00	-260.00	-1.77	-7.01	20.67	-120.00	-970.00	-70.00	50.06	-27.20	-241.59	550.00	-470.00	360.00	-97.44	-108.60	-152.99
-570.00	-1160.00	10.00	18.11	-89.88	-67.32	-50.00	-870.00	-280.00	-2.62	-6.52	21.65	-120.00	-970.00	-70.00	50.98	-3.72	-238.11	600.00	-630.00	370.00	-80.24	-193.78	-147.87
-620.00	-1100.00	-40.00	14.33	-83.48	-74.88	-20.00	-910.00	-250.00	-3.41	-3.90	20.98	-210.00	-1200.00	-160.00	50.98	-3.72	-238.11	520.00	-680.00	390.00	-80.24	-193.78	-147.87
-620.00	-1100.00	-40.00	4.70	-76.46	-81.10	-80.00	-880.00	-290.00	-4.09	-6.65	21.22	-580.00	-1310.00	-180.00	51.59	14.70	-232.13	540.00	-750.00	380.00	-74.94	-209.09	-146.28
-540.00	-1130.00	-170.00	-0.49	-71.89	-89.70	-50.00	-900.00	-260.00	-3.72	-7.32	20.06	-580.00	-1310.00	-180.00	50.61	52.07	-216.28	540.00	-800.00	350.00	-69.76	-213.60	-146.28
-300.00	-1140.00	-120.00	-7.87	-61.04	-121.71	-20.00	-930.00	-240.00	-3.60	-7.50	18.78	-580.00	-1310.00	-180.00	50.61	52.07	-216.28	-320.00	-1050.00	470.00	-62.80	-207.80	-145.24
-180.00	-1100.00	-10.00	-8.66	-60.67	-147.99	-60.00	-900.00	-240.00	-3.96	-11.04	19.51	-930.00	-1370.00	-240.00	50.61	52.07	-216.28	-410.00	-1120.00	470.00	-44.63	-168.54	-144.15
-20.00	-910.00	30.00	-13.11	-74.63	-159.02	-70.00	-890.00	-240.00	-4.33	-9.57	19.27	-930.00	-1370.00	-240.00	54.39	66.83	-203.11	-430.00	-1140.00	580.00	-33.66	-138.35	-146.22
-10.00	-820.00	90.00	-18.72	-88.29	-159.45	-110.00	-870.00	-260.00	-4.70	-10.00	19.76	-930.00	-1370.00	-240.00	60.79	82.74	-154.57	-380.00	-1110.00	650.00	-23.29	-106.04	-150.73
270.00	-860.00	230.00	-25.06	-102.87	-157.74	-120.00	-860.00	-280.00	-4.70	-10.61	21.22	-1040.00	-1370.00	-260.00	60.79	82.74	-154.57	-330.00	-1120.00	730.00	-13.84	-77.68	-155.18
