LKNE_MOMENT
File	Frame	X 	Y 	Z 
Trial_10.filtered_40_L1.c3d	1			
 - 	2			
 - 	3	-0.000675	0.000919	0.000044
 - 	4	-0.000679	0.000933	0.000042
 - 	5	-0.000674	0.000945	0.000037
 - 	6	-0.000672	0.000951	0.000035
 - 	7	-0.000672	0.000949	0.000037
 - 	8	-0.000680	0.000945	0.000042
 - 	9	-0.000685	0.000940	0.000045
 - 	10	-0.000686	0.000933	0.000047
 - 	11	-0.000679	0.000921	0.000046
 - 	12	-0.000668	0.000908	0.000044
 - 	13	-0.000662	0.000894	0.000043
 - 	14	-0.000665	0.000886	0.000044
 - 	15	-0.000667	0.000881	0.000045
 - 	16	-0.000665	0.000885	0.000044
 - 	17	-0.000654	0.000900	0.000039
 - 	18	-0.000654	0.000925	0.000036
 - 	19	-0.000662	0.000948	0.000035
 - 	20	-0.000677	0.000961	0.000038
 - 	21	-0.000685	0.000955	0.000042
 - 	22	-0.000679	0.000933	0.000044
 - 	23	-0.000664	0.000904	0.000044
 - 	24	-0.000653	0.000879	0.000044
 - 	25	-0.000654	0.000868	0.000044
 - 	26	-0.000667	0.000870	0.000045
 - 	27	-0.000679	0.000886	0.000044
 - 	28	-0.000681	0.000906	0.000042
 - 	29	-0.000667	0.000927	0.000036
 - 	30	-0.000649	0.000945	0.000030
 - 	31	-0.000640	0.000956	0.000029
 - 	32	-0.000643	0.000956	0.000031
 - 	33	-0.000649	0.000948	0.000034
 - 	34	-0.000648	0.000935	0.000036
 - 	35	-0.000649	0.000921	0.000037
 - 	36	-0.000655	0.000911	0.000037
 - 	37	-0.000669	0.000909	0.000039
 - 	38	-0.000686	0.000911	0.000041
 - 	39	-0.000692	0.000913	0.000042
 - 	40	-0.000684	0.000914	0.000041
 - 	41	-0.000664	0.000916	0.000038
 - 	42	-0.000639	0.000925	0.000032
 - 	43	-0.000626	0.000941	0.000029
 - 	44	-0.000647	0.000949	0.000033
 - 	45	-0.000676	0.000950	0.000039
 - 	46	-0.000687	0.000950	0.000041
 - 	47	-0.000674	0.000940	0.000038
 - 	48	-0.000658	0.000924	0.000036
 - 	49	-0.000659	0.000905	0.000040
 - 	50	-0.000669	0.000891	0.000046
 - 	51	-0.000678	0.000888	0.000050
 - 	52	-0.000671	0.000898	0.000047
 - 	53	-0.000660	0.000917	0.000042
 - 	54	-0.000647	0.000942	0.000034
 - 	55	-0.000640	0.000962	0.000028
 - 	56	-0.000645	0.000967	0.000029
 - 	57	-0.000651	0.000951	0.000034
 - 	58	-0.000651	0.000928	0.000037
 - 	59	-0.000644	0.000908	0.000038
 - 	60	-0.000637	0.000895	0.000037
 - 	61	-0.000638	0.000885	0.000040
 - 	62	-0.000643	0.000884	0.000042
 - 	63	-0.000644	0.000892	0.000042
 - 	64	-0.000640	0.000909	0.000038
 - 	65	-0.000632	0.000931	0.000032
 - 	66	-0.000635	0.000954	0.000029
 - 	67	-0.000643	0.000973	0.000028
 - 	68	-0.000661	0.000984	0.000030
 - 	69	-0.000668	0.000982	0.000032
 - 	70	-0.000662	0.000968	0.000033
 - 	71	-0.000647	0.000946	0.000032
 - 	72	-0.000641	0.000922	0.000034
 - 	73	-0.000647	0.000897	0.000039
 - 	74	-0.000660	0.000879	0.000046
 - 	75	-0.000657	0.000867	0.000050
 - 	76	-0.000641	0.000870	0.000048
 - 	77	-0.000619	0.000890	0.000041
 - 	78	-0.000602	0.000923	0.000033
 - 	79	-0.000590	0.000961	0.000025
 - 	80	-0.000587	0.000992	0.000019
 - 	81	-0.000584	0.001011	0.000014
 - 	82	-0.000579	0.001012	0.000012
 - 	83	-0.000566	0.000991	0.000012
 - 	84	-0.000549	0.000955	0.000013
 - 	85	-0.000544	0.000916	0.000018
 - 	86	-0.000541	0.000888	0.000022
 - 	87	-0.000550	0.000881	0.000025
 - 	88	-0.000561	0.000894	0.000025
 - 	89	-0.000570	0.000914	0.000024
 - 	90	-0.000581	0.000935	0.000024
 - 	91	-0.000601	0.000954	0.000027
 - 	92	-0.000614	0.000958	0.000030
 - 	93	-0.000604	0.000944	0.000029
 - 	94	-0.000585	0.000923	0.000027
 - 	95	-0.000579	0.000912	0.000027
 - 	96	-0.000583	0.000907	0.000030
 - 	97	-0.000603	0.000908	0.000036
 - 	98	-0.000623	0.000914	0.000042
 - 	99	-0.000642	0.000934	0.000043
 - 	100	-0.000643	0.000967	0.000038
 - 	101	-0.000639	0.001006	0.000029
 - 	102	-0.000643	0.001042	0.000023
 - 	103	-0.000666	0.001063	0.000023
 - 	104	-0.000693	0.001060	0.000027
 - 	105	-0.000714	0.001042	0.000032
 - 	106	-0.000730	0.001031	0.000033
 - 	107	-0.000742	0.001037	0.000032
 - 	108	-0.000758	0.001049	0.000032
 - 	109	-0.000757	0.001050	0.000032
 - 	110	-0.000744	0.001042	0.000031
 - 	111	-0.000717	0.001028	0.000026
 - 	112	-0.000683	0.001014	0.000020
 - 	113	-0.000652	0.001016	0.000015
 - 	114	-0.000635	0.001047	0.000009
 - 	115	-0.000605	0.001091	-0.000004
 - 	116	-0.000550	0.001122	-0.000026
 - 	117	-0.000476	0.001137	-0.000058
 - 	118	-0.000412	0.001148	-0.000093
 - 	119	-0.000390	0.001176	-0.000121
 - 	120	-0.000419	0.001231	-0.000141
 - 	121	-0.000470	0.001305	-0.000158
 - 	122	-0.000496	0.001392	-0.000187
 - 	123	-0.000487	0.001479	-0.000227
 - 	124	-0.000455	0.001551	-0.000271
 - 	125	-0.000425	0.001600	-0.000312
 - 	126	-0.000382	0.001627	-0.000359
 - 	127	-0.000303	0.001638	-0.000423
 - 	128	-0.000158	0.001664	-0.000518
 - 	129	0.000059	0.001743	-0.000655
 - 	130	0.000303	0.001869	-0.000826
 - 	131	0.000517	0.002000	-0.001006
 - 	132	0.000619	0.002093	-0.001161
 - 	133	0.000528	0.002136	-0.001255
 - 	134	0.000234	0.002094	-0.001264
 - 	135	-0.000214	0.001907	-0.001153
 - 	136	-0.000742	0.001576	-0.000919
 - 	137	-0.001297	0.001195	-0.000603
 - 	138	-0.001817	0.000871	-0.000282
 - 	139	-0.002190	0.000647	-0.000025
 - 	140	-0.002326	0.000503	0.000135
 - 	141	-0.002196	0.000377	0.000219
 - 	142	-0.001842	0.000212	0.000274
 - 	143	-0.001326	0.000018	0.000319
 - 	144	-0.000750	-0.000134	0.000331
 - 	145	-0.000216	-0.000177	0.000282
 - 	146	0.000227	-0.000104	0.000172
 - 	147	0.000587	0.000058	0.000018
 - 	148	0.000856	0.000289	-0.000175
 - 	149	0.000951	0.000534	-0.000366
 - 	150	0.000810	0.000707	-0.000487
 - 	151	0.000493	0.000774	-0.000518
 - 	152	0.000148	0.000757	-0.000493
 - 	153	-0.000160	0.000692	-0.000440
 - 	154	-0.000443	0.000617	-0.000383
 - 	155	-0.000728	0.000592	-0.000353
 - 	156	-0.000999	0.000642	-0.000361
 - 	157	-0.001225	0.000734	-0.000382
 - 	158	-0.001414	0.000814	-0.000390
 - 	159	-0.001610	0.000864	-0.000377
 - 	160	-0.001817	0.000910	-0.000359
 - 	161	-0.001976	0.000973	-0.000349
 - 	162	-0.002036	0.001024	-0.000335
 - 	163	-0.001988	0.001025	-0.000302
 - 	164	-0.001847	0.000993	-0.000260
 - 	165	-0.001635	0.000983	-0.000227
 - 	166	-0.001428	0.001019	-0.000207
 - 	167	-0.001299	0.001077	-0.000194
 - 	168	-0.001283	0.001109	-0.000177
 - 	169	-0.001325	0.001077	-0.000158
 - 	170	-0.001354	0.000983	-0.000144
 - 	171	-0.001341	0.000853	-0.000142
 - 	172	-0.001316	0.000726	-0.000145
 - 	173	-0.001319	0.000628	-0.000143
 - 	174	-0.001369	0.000583	-0.000129
 - 	175	-0.001410	0.000595	-0.000108
 - 	176	-0.001376	0.000655	-0.000088
 - 	177	-0.001320	0.000731	-0.000052
 - 	178	-0.001271	0.000791	0.000005
 - 	179	-0.001076	0.000849	0.000042
 - 	180	-0.000541	0.000932	0.000007
 - 	181	0.000353	0.001063	-0.000108
 - 	182	0.001384	0.001253	-0.000255
 - 	183	0.002165	0.001495	-0.000351
 - 	184	0.002455	0.001746	-0.000350
 - 	185	0.002328	0.001909	-0.000291
 - 	186	-0.007758	0.000218	0.002867
 - 	187	-0.007207	-0.002862	0.002483
 - 	188	-0.001769	-0.002463	0.000746
 - 	189	0.000145	-0.000772	0.000215
 - 	190	-0.003279	-0.001806	0.001185
 - 	191	-0.002306	-0.003904	0.000957
 - 	192	-0.001339	-0.003294	0.000976
 - 	193	-0.000464	-0.002682	0.000540
 - 	194	-0.000140	-0.002506	0.000202
 - 	195	-0.000681	-0.002286	0.000179
 - 	196	-0.000455	-0.002078	-0.000124
 - 	197	-0.000462	-0.001708	-0.000321
 - 	198	-0.001102	-0.000536	-0.000347
 - 	199	-0.001087	-0.000233	-0.000665
 - 	200	-0.000625	0.000331	-0.000759
 - 	201	-0.000314	0.001025	-0.000805
 - 	202	-0.000252	0.001473	-0.000982
 - 	203	0.000065	0.001718	-0.000941
 - 	204	0.000374	0.002014	-0.000959
 - 	205	0.000074	0.002241	-0.001005
 - 	206	0.000262	0.002393	-0.000953
 - 	207	0.000559	0.002249	-0.001063
 - 	208	0.001307	0.001892	-0.001255
 - 	209	0.000939	0.001716	-0.001303
 - 	210	0.000869	0.001696	-0.001287
 - 	211	0.000971	0.001444	-0.001332
 - 	212	0.000936	0.001000	-0.001252
 - 	213	0.001127	0.001502	-0.001349
 - 	214	0.001279	0.002432	-0.001294
 - 	215	0.001034	0.003472	-0.001271
 - 	216	0.001771	0.004538	-0.001114
 - 	217	0.002070	0.006243	-0.001012
 - 	218	0.002236	0.007138	-0.000746
 - 	219	0.002358	0.008277	-0.000545
 - 	220	0.002379	0.009064	-0.000408
 - 	221	0.001941	0.009279	-0.000112
 - 	222	0.001702	0.009877	0.000100
 - 	223	0.001755	0.009773	0.000108
 - 	224	0.000579	0.009697	0.000405
 - 	225	0.000497	0.009265	0.000361
 - 	226	-0.000183	0.008997	0.000628
 - 	227	-0.000982	0.008486	0.000908
 - 	228	-0.001633	0.007889	0.001029
 - 	229	-0.002433	0.007022	0.001149
 - 	230	-0.002873	0.006082	0.001193
 - 	231	-0.003579	0.005512	0.001340
 - 	232	-0.004096	0.005142	0.001459
 - 	233	-0.004582	0.004763	0.001507
 - 	234	-0.005270	0.003644	0.001516
 - 	235	-0.005726	0.002953	0.001604
 - 	236	-0.006550	0.002377	0.001700
 - 	237	-0.007008	0.001251	0.001794
 - 	238	-0.007526	0.000457	0.001893
 - 	239	-0.008186	-0.000269	0.001994
 - 	240	-0.008250	-0.001227	0.001990
 - 	241	-0.008007	-0.002010	0.002103
 - 	242	-0.008073	-0.002471	0.002171
 - 	243	-0.008223	-0.003124	0.002215
 - 	244	-0.007892	-0.003745	0.002153
 - 	245	-0.007279	-0.003614	0.002194
 - 	246			
 - 	247			
