LKNE_MOMENT
File	Frame	X 	Y 	Z 
Trial_6.filtered_40_L1.c3d	1			
 - 	2			
 - 	3	-0.000648	0.000706	0.000078
 - 	4	-0.000647	0.000703	0.000079
 - 	5	-0.000657	0.000709	0.000082
 - 	6	-0.000670	0.000725	0.000086
 - 	7	-0.000680	0.000736	0.000088
 - 	8	-0.000673	0.000736	0.000085
 - 	9	-0.000668	0.000733	0.000081
 - 	10	-0.000667	0.000735	0.000078
 - 	11	-0.000677	0.000740	0.000079
 - 	12	-0.000680	0.000740	0.000081
 - 	13	-0.000678	0.000737	0.000082
 - 	14	-0.000673	0.000728	0.000083
 - 	15	-0.000663	0.000718	0.000081
 - 	16	-0.000661	0.000709	0.000081
 - 	17	-0.000664	0.000706	0.000081
 - 	18	-0.000671	0.000706	0.000084
 - 	19	-0.000681	0.000710	0.000087
 - 	20	-0.000680	0.000716	0.000087
 - 	21	-0.000680	0.000720	0.000087
 - 	22	-0.000674	0.000722	0.000084
 - 	23	-0.000668	0.000720	0.000081
 - 	24	-0.000660	0.000715	0.000077
 - 	25	-0.000657	0.000706	0.000076
 - 	26	-0.000662	0.000703	0.000079
 - 	27	-0.000675	0.000713	0.000083
 - 	28	-0.000692	0.000732	0.000088
 - 	29	-0.000696	0.000744	0.000089
 - 	30	-0.000687	0.000746	0.000086
 - 	31	-0.000667	0.000749	0.000080
 - 	32	-0.000651	0.000757	0.000075
 - 	33	-0.000645	0.000763	0.000073
 - 	34	-0.000646	0.000762	0.000073
 - 	35	-0.000654	0.000748	0.000076
 - 	36	-0.000660	0.000724	0.000079
 - 	37	-0.000659	0.000697	0.000080
 - 	38	-0.000656	0.000676	0.000080
 - 	39	-0.000649	0.000666	0.000079
 - 	40	-0.000644	0.000675	0.000077
 - 	41	-0.000648	0.000702	0.000076
 - 	42	-0.000657	0.000744	0.000076
 - 	43	-0.000666	0.000779	0.000075
 - 	44	-0.000667	0.000793	0.000075
 - 	45	-0.000664	0.000784	0.000077
 - 	46	-0.000662	0.000754	0.000082
 - 	47	-0.000661	0.000707	0.000089
 - 	48	-0.000661	0.000653	0.000097
 - 	49	-0.000659	0.000603	0.000101
 - 	50	-0.000658	0.000572	0.000103
 - 	51	-0.000656	0.000571	0.000099
 - 	52	-0.000658	0.000601	0.000093
 - 	53	-0.000664	0.000654	0.000087
 - 	54	-0.000677	0.000718	0.000085
 - 	55	-0.000690	0.000780	0.000085
 - 	56	-0.000694	0.000825	0.000084
 - 	57	-0.000683	0.000844	0.000080
 - 	58	-0.000663	0.000842	0.000074
 - 	59	-0.000644	0.000829	0.000069
 - 	60	-0.000629	0.000812	0.000066
 - 	61	-0.000622	0.000800	0.000063
 - 	62	-0.000624	0.000794	0.000063
 - 	63	-0.000629	0.000795	0.000063
 - 	64	-0.000636	0.000803	0.000064
 - 	65	-0.000635	0.000812	0.000063
 - 	66	-0.000634	0.000817	0.000064
 - 	67	-0.000627	0.000815	0.000065
 - 	68	-0.000620	0.000802	0.000068
 - 	69	-0.000617	0.000778	0.000072
 - 	70	-0.000615	0.000755	0.000076
 - 	71	-0.000612	0.000740	0.000077
 - 	72	-0.000613	0.000742	0.000076
 - 	73	-0.000613	0.000761	0.000072
 - 	74	-0.000613	0.000793	0.000065
 - 	75	-0.000614	0.000832	0.000057
 - 	76	-0.000614	0.000866	0.000051
 - 	77	-0.000614	0.000891	0.000048
 - 	78	-0.000613	0.000902	0.000047
 - 	79	-0.000616	0.000898	0.000050
 - 	80	-0.000619	0.000880	0.000055
 - 	81	-0.000624	0.000858	0.000061
 - 	82	-0.000619	0.000839	0.000064
 - 	83	-0.000606	0.000829	0.000063
 - 	84	-0.000593	0.000828	0.000061
 - 	85	-0.000589	0.000834	0.000058
 - 	86	-0.000590	0.000844	0.000056
 - 	87	-0.000585	0.000854	0.000053
 - 	88	-0.000576	0.000867	0.000047
 - 	89	-0.000572	0.000894	0.000040
 - 	90	-0.000578	0.000923	0.000037
 - 	91	-0.000586	0.000945	0.000037
 - 	92	-0.000596	0.000956	0.000040
 - 	93	-0.000606	0.000967	0.000043
 - 	94	-0.000609	0.000980	0.000045
 - 	95	-0.000601	0.000990	0.000043
 - 	96	-0.000580	0.000987	0.000038
 - 	97	-0.000544	0.000974	0.000028
 - 	98	-0.000505	0.000966	0.000015
 - 	99	-0.000490	0.000970	0.000005
 - 	100	-0.000490	0.000974	-0.000002
 - 	101	-0.000497	0.000970	-0.000006
 - 	102	-0.000506	0.000966	-0.000007
 - 	103	-0.000525	0.000977	-0.000005
 - 	104	-0.000546	0.001001	-0.000004
 - 	105	-0.000555	0.001035	-0.000009
 - 	106	-0.000552	0.001093	-0.000024
 - 	107	-0.000539	0.001188	-0.000053
 - 	108	-0.000529	0.001302	-0.000091
 - 	109	-0.000527	0.001401	-0.000132
 - 	110	-0.000525	0.001483	-0.000178
 - 	111	-0.000517	0.001567	-0.000232
 - 	112	-0.000478	0.001666	-0.000300
 - 	113	-0.000405	0.001765	-0.000380
 - 	114	-0.000296	0.001846	-0.000470
 - 	115	-0.000163	0.001905	-0.000567
 - 	116	-0.000014	0.001964	-0.000675
 - 	117	0.000130	0.002030	-0.000789
 - 	118	0.000264	0.002076	-0.000904
 - 	119	0.000339	0.002071	-0.000989
 - 	120	0.000291	0.002021	-0.001019
 - 	121	0.000048	0.001923	-0.000962
 - 	122	-0.000416	0.001739	-0.000796
 - 	123	-0.001012	0.001454	-0.000535
 - 	124	-0.001610	0.001111	-0.000236
 - 	125	-0.002079	0.000781	0.000029
 - 	126	-0.002372	0.000525	0.000212
 - 	127	-0.002442	0.000365	0.000294
 - 	128	-0.002303	0.000290	0.000292
 - 	129	-0.002019	0.000269	0.000241
 - 	130	-0.001655	0.000270	0.000167
 - 	131	-0.001219	0.000263	0.000083
 - 	132	-0.000708	0.000226	0.000006
 - 	133	-0.000172	0.000162	-0.000056
 - 	134	0.000300	0.000107	-0.000109
 - 	135	0.000617	0.000093	-0.000161
 - 	136	0.000737	0.000130	-0.000215
 - 	137	0.000710	0.000203	-0.000270
 - 	138	0.000611	0.000291	-0.000322
 - 	139	0.000471	0.000376	-0.000355
 - 	140	0.000279	0.000454	-0.000364
 - 	141	0.000048	0.000541	-0.000361
 - 	142	-0.000187	0.000653	-0.000364
 - 	143	-0.000397	0.000789	-0.000376
 - 	144	-0.000586	0.000948	-0.000399
 - 	145	-0.000764	0.001118	-0.000423
 - 	146	-0.000947	0.001280	-0.000437
 - 	147	-0.001109	0.001412	-0.000433
 - 	148	-0.001237	0.001497	-0.000412
 - 	149	-0.001281	0.001510	-0.000380
 - 	150	-0.001211	0.001448	-0.000353
 - 	151	-0.001068	0.001323	-0.000343
 - 	152	-0.000965	0.001139	-0.000349
 - 	153	-0.000977	0.000904	-0.000363
 - 	154	-0.001064	0.000656	-0.000381
 - 	155	-0.001164	0.000443	-0.000392
 - 	156	-0.001247	0.000321	-0.000388
 - 	157	-0.001300	0.000308	-0.000359
 - 	158	-0.001322	0.000386	-0.000295
 - 	159	-0.001315	0.000529	-0.000198
 - 	160	-0.001298	0.000705	-0.000074
 - 	161	-0.001292	0.000870	0.000067
 - 	162	-0.001295	0.000999	0.000208
 - 	163	-0.001321	0.001090	0.000335
 - 	164	-0.001378	0.001146	0.000437
 - 	165	-0.001384	0.001187	0.000486
 - 	166	-0.001185	0.001273	0.000444
 - 	167	-0.000668	0.001480	0.000299
 - 	168	0.000076	0.001788	0.000086
 - 	169	0.000794	0.002023	-0.000124
 - 	170	0.001253	0.001992	-0.000269
 - 	171	-0.004699	-0.000489	0.002795
 - 	172	-0.004721	-0.001681	0.002484
 - 	173	0.000331	-0.001221	0.000770
 - 	174	0.000557	-0.000250	0.000791
 - 	175	-0.000983	-0.001450	0.001179
 - 	176	-0.000316	-0.002814	0.001372
 - 	177	-0.000139	-0.002888	0.001413
 - 	178	0.000572	-0.002382	0.001103
 - 	179	0.000547	-0.001865	0.000956
 - 	180	0.001492	-0.001647	0.000726
 - 	181	0.001248	-0.001652	0.000886
 - 	182	0.001071	-0.001533	0.000824
 - 	183	0.000938	-0.001770	0.000941
 - 	184	0.000342	-0.001696	0.000942
 - 	185	0.000579	-0.001611	0.000661
 - 	186	0.000828	-0.001219	0.000439
 - 	187	0.000504	-0.000882	0.000387
 - 	188	0.000737	-0.000372	0.000332
 - 	189	0.000508	-0.000102	0.000220
 - 	190	0.000307	-0.000343	0.000303
 - 	191	0.000185	-0.000778	0.000221
 - 	192	-0.000340	-0.001003	0.000094
 - 	193	-0.000521	-0.001881	0.000163
 - 	194	-0.001213	-0.001977	0.000133
 - 	195	-0.002357	-0.002029	0.000070
 - 	196	-0.003026	-0.002269	0.000054
 - 	197	-0.004616	-0.002486	0.000003
 - 	198	-0.005348	-0.002569	0.000020
 - 	199	-0.005463	-0.001701	-0.000080
 - 	200	-0.005589	-0.001198	-0.000125
 - 	201	-0.005597	0.000286	-0.000004
 - 	202	-0.005497	0.001012	-0.000072
 - 	203	-0.005314	0.001375	0.000088
 - 	204	-0.004899	0.001649	0.000082
 - 	205	-0.005088	0.002122	0.000321
 - 	206	-0.005298	0.002558	0.000636
 - 	207	-0.005749	0.002694	0.000743
 - 	208	-0.005613	0.002764	0.000887
 - 	209	-0.005657	0.002924	0.000979
 - 	210	-0.006344	0.002833	0.001280
 - 	211	-0.006378	0.003319	0.001510
 - 	212	-0.006163	0.003645	0.001685
 - 	213	-0.006883	0.003651	0.001920
 - 	214	-0.007339	0.003544	0.002210
 - 	215	-0.007887	0.003814	0.002515
 - 	216	-0.008307	0.003849	0.002834
 - 	217	-0.008860	0.003444	0.003085
 - 	218	-0.009428	0.003358	0.003265
 - 	219	-0.009848	0.003084	0.003518
 - 	220	-0.010080	0.002261	0.003663
 - 	221	-0.010449	0.001368	0.003876
 - 	222	-0.011078	0.000853	0.004123
 - 	223	-0.011503	-0.000120	0.004155
 - 	224	-0.011533	-0.001086	0.004146
 - 	225	-0.011577	-0.001588	0.004261
 - 	226	-0.011571	-0.002246	0.004221
 - 	227	-0.011662	-0.003091	0.004307
 - 	228	-0.011038	-0.003285	0.004325
 - 	229	-0.010461	-0.003885	0.004060
 - 	230			
 - 	231			
