RKNE_MOMENT
File	Frame	X 	Y 	Z 
Trial_12.filtered_40_R1.c3d	1			
 - 	2			
 - 	3	-0.000882	0.000199	0.000024
 - 	4	-0.000884	0.000202	0.000023
 - 	5	-0.000887	0.000206	0.000022
 - 	6	-0.000891	0.000210	0.000022
 - 	7	-0.000894	0.000213	0.000023
 - 	8	-0.000895	0.000215	0.000023
 - 	9	-0.000891	0.000213	0.000025
 - 	10	-0.000889	0.000206	0.000026
 - 	11	-0.000885	0.000194	0.000026
 - 	12	-0.000880	0.000183	0.000025
 - 	13	-0.000881	0.000179	0.000024
 - 	14	-0.000875	0.000185	0.000022
 - 	15	-0.000872	0.000194	0.000021
 - 	16	-0.000870	0.000199	0.000022
 - 	17	-0.000871	0.000203	0.000024
 - 	18	-0.000879	0.000211	0.000025
 - 	19	-0.000882	0.000222	0.000025
 - 	20	-0.000883	0.000228	0.000025
 - 	21	-0.000875	0.000226	0.000025
 - 	22	-0.000864	0.000215	0.000025
 - 	23	-0.000856	0.000196	0.000024
 - 	24	-0.000851	0.000174	0.000024
 - 	25	-0.000853	0.000160	0.000023
 - 	26	-0.000847	0.000153	0.000024
 - 	27	-0.000852	0.000166	0.000025
 - 	28	-0.000860	0.000191	0.000026
 - 	29	-0.000853	0.000208	0.000025
 - 	30	-0.000854	0.000218	0.000023
 - 	31	-0.000865	0.000224	0.000022
 - 	32	-0.000868	0.000224	0.000023
 - 	33	-0.000867	0.000209	0.000022
 - 	34	-0.000862	0.000197	0.000023
 - 	35	-0.000866	0.000198	0.000027
 - 	36	-0.000869	0.000196	0.000028
 - 	37	-0.000864	0.000191	0.000026
 - 	38	-0.000855	0.000182	0.000025
 - 	39	-0.000852	0.000179	0.000024
 - 	40	-0.000853	0.000180	0.000023
 - 	41	-0.000863	0.000183	0.000021
 - 	42	-0.000880	0.000193	0.000022
 - 	43	-0.000895	0.000205	0.000025
 - 	44	-0.000892	0.000205	0.000026
 - 	45	-0.000870	0.000192	0.000025
 - 	46	-0.000854	0.000181	0.000024
 - 	47	-0.000859	0.000180	0.000024
 - 	48	-0.000875	0.000179	0.000024
 - 	49	-0.000888	0.000175	0.000026
 - 	50	-0.000890	0.000176	0.000026
 - 	51	-0.000882	0.000186	0.000026
 - 	52	-0.000867	0.000199	0.000025
 - 	53	-0.000858	0.000204	0.000024
 - 	54	-0.000857	0.000199	0.000023
 - 	55	-0.000863	0.000188	0.000023
 - 	56	-0.000867	0.000178	0.000024
 - 	57	-0.000867	0.000172	0.000025
 - 	58	-0.000865	0.000171	0.000025
 - 	59	-0.000866	0.000171	0.000025
 - 	60	-0.000875	0.000171	0.000025
 - 	61	-0.000881	0.000173	0.000024
 - 	62	-0.000883	0.000177	0.000025
 - 	63	-0.000876	0.000187	0.000024
 - 	64	-0.000870	0.000199	0.000023
 - 	65	-0.000866	0.000208	0.000022
 - 	66	-0.000866	0.000210	0.000022
 - 	67	-0.000869	0.000201	0.000023
 - 	68	-0.000867	0.000185	0.000025
 - 	69	-0.000868	0.000170	0.000026
 - 	70	-0.000870	0.000161	0.000028
 - 	71	-0.000875	0.000160	0.000028
 - 	72	-0.000876	0.000166	0.000028
 - 	73	-0.000871	0.000176	0.000027
 - 	74	-0.000866	0.000185	0.000026
 - 	75	-0.000864	0.000193	0.000024
 - 	76	-0.000867	0.000196	0.000023
 - 	77	-0.000865	0.000194	0.000022
 - 	78	-0.000863	0.000190	0.000022
 - 	79	-0.000861	0.000188	0.000023
 - 	80	-0.000870	0.000187	0.000024
 - 	81	-0.000887	0.000187	0.000026
 - 	82	-0.000900	0.000185	0.000027
 - 	83	-0.000903	0.000178	0.000028
 - 	84	-0.000889	0.000165	0.000027
 - 	85	-0.000873	0.000154	0.000025
 - 	86	-0.000858	0.000151	0.000024
 - 	87	-0.000862	0.000162	0.000023
 - 	88	-0.000870	0.000181	0.000023
 - 	89	-0.000869	0.000197	0.000022
 - 	90	-0.000876	0.000215	0.000025
 - 	91	-0.000882	0.000223	0.000028
 - 	92	-0.000891	0.000209	0.000027
 - 	93	-0.000902	0.000190	0.000026
 - 	94	-0.000903	0.000167	0.000027
 - 	95	-0.000886	0.000149	0.000024
 - 	96	-0.000873	0.000139	0.000025
 - 	97	-0.000870	0.000142	0.000026
 - 	98	-0.000878	0.000155	0.000021
 - 	99	-0.000891	0.000174	0.000022
 - 	100	-0.000902	0.000192	0.000023
 - 	101	-0.000903	0.000203	0.000023
 - 	102	-0.000893	0.000208	0.000024
 - 	103	-0.000890	0.000204	0.000025
 - 	104	-0.000894	0.000195	0.000025
 - 	105	-0.000897	0.000186	0.000026
 - 	106	-0.000888	0.000178	0.000026
 - 	107	-0.000872	0.000172	0.000025
 - 	108	-0.000855	0.000167	0.000025
 - 	109	-0.000849	0.000164	0.000025
 - 	110	-0.000850	0.000163	0.000025
 - 	111	-0.000863	0.000166	0.000025
 - 	112	-0.000875	0.000177	0.000026
 - 	113	-0.000887	0.000194	0.000026
 - 	114	-0.000895	0.000212	0.000026
 - 	115	-0.000898	0.000225	0.000026
 - 	116	-0.000893	0.000230	0.000028
 - 	117	-0.000881	0.000228	0.000028
 - 	118	-0.000862	0.000220	0.000028
 - 	119	-0.000843	0.000206	0.000027
 - 	120	-0.000837	0.000187	0.000026
 - 	121	-0.000841	0.000171	0.000026
 - 	122	-0.000845	0.000165	0.000026
 - 	123	-0.000849	0.000166	0.000027
 - 	124	-0.000848	0.000171	0.000028
 - 	125	-0.000845	0.000177	0.000028
 - 	126	-0.000849	0.000179	0.000027
 - 	127	-0.000854	0.000175	0.000024
 - 	128	-0.000859	0.000166	0.000022
 - 	129	-0.000871	0.000157	0.000020
 - 	130	-0.000886	0.000154	0.000021
 - 	131	-0.000905	0.000162	0.000023
 - 	132	-0.000937	0.000178	0.000027
 - 	133	-0.000968	0.000192	0.000029
 - 	134	-0.001000	0.000203	0.000028
 - 	135	-0.001022	0.000210	0.000025
 - 	136	-0.001014	0.000208	0.000021
 - 	137	-0.000982	0.000199	0.000019
 - 	138	-0.000944	0.000190	0.000019
 - 	139	-0.000911	0.000190	0.000020
 - 	140	-0.000890	0.000195	0.000022
 - 	141	-0.000878	0.000193	0.000024
 - 	142	-0.000865	0.000177	0.000023
 - 	143	-0.000847	0.000151	0.000020
 - 	144	-0.000820	0.000122	0.000015
 - 	145	-0.000780	0.000097	0.000011
 - 	146	-0.000764	0.000085	0.000011
 - 	147	-0.000779	0.000096	0.000016
 - 	148	-0.000813	0.000130	0.000023
 - 	149	-0.000837	0.000178	0.000028
 - 	150	-0.000849	0.000229	0.000031
 - 	151	-0.000840	0.000263	0.000032
 - 	152	-0.000812	0.000263	0.000029
 - 	153	-0.000783	0.000234	0.000024
 - 	154	-0.000766	0.000197	0.000021
 - 	155	-0.000772	0.000173	0.000021
 - 	156	-0.000768	0.000178	0.000020
 - 	157	-0.000747	0.000225	0.000017
 - 	158	-0.000713	0.000297	0.000014
 - 	159	-0.000695	0.000363	0.000014
 - 	160	-0.000674	0.000399	0.000015
 - 	161	-0.000636	0.000401	0.000016
 - 	162	-0.000591	0.000367	0.000022
 - 	163	-0.000556	0.000316	0.000034
 - 	164	-0.000534	0.000278	0.000045
 - 	165	-0.000528	0.000265	0.000052
 - 	166	-0.000543	0.000271	0.000052
 - 	167	-0.000562	0.000307	0.000048
 - 	168	-0.000559	0.000387	0.000049
 - 	169	-0.000512	0.000499	0.000061
 - 	170	-0.000433	0.000615	0.000079
 - 	171	-0.000326	0.000709	0.000098
 - 	172	-0.000219	0.000768	0.000113
 - 	173	-0.000133	0.000789	0.000119
 - 	174	-0.000088	0.000766	0.000114
 - 	175	-0.000091	0.000702	0.000095
 - 	176	-0.000167	0.000612	0.000066
 - 	177	-0.000313	0.000505	0.000028
 - 	178	-0.000522	0.000365	-0.000017
 - 	179	-0.000745	0.000183	-0.000066
 - 	180	-0.000939	-0.000019	-0.000110
 - 	181	-0.001055	-0.000216	-0.000135
 - 	182	-0.001014	-0.000380	-0.000129
 - 	183	-0.000715	-0.000470	-0.000081
 - 	184	-0.000138	-0.000446	0.000014
 - 	185	0.000592	-0.000303	0.000146
 - 	186	0.001303	-0.000071	0.000290
 - 	187	0.001884	0.000202	0.000409
 - 	188	0.002330	0.000464	0.000476
 - 	189	0.002609	0.000683	0.000490
 - 	190	0.002664	0.000866	0.000478
 - 	191	0.002495	0.001021	0.000462
 - 	192	0.002162	0.001138	0.000450
 - 	193	0.001745	0.001204	0.000443
 - 	194	0.001329	0.001214	0.000440
 - 	195	0.000961	0.001162	0.000432
 - 	196	0.000646	0.001053	0.000412
 - 	197	0.000358	0.000906	0.000382
 - 	198	0.000068	0.000736	0.000345
 - 	199	-0.000243	0.000540	0.000293
 - 	200	-0.000579	0.000315	0.000228
 - 	201	-0.000959	0.000063	0.000156
 - 	202	-0.001391	-0.000200	0.000095
 - 	203	-0.001885	-0.000428	0.000062
 - 	204	-0.002397	-0.000576	0.000064
 - 	205	-0.002868	-0.000630	0.000089
 - 	206	-0.003288	-0.000594	0.000127
 - 	207	-0.003690	-0.000503	0.000166
 - 	208	-0.004113	-0.000419	0.000193
 - 	209	-0.004563	-0.000390	0.000199
 - 	210	-0.005014	-0.000435	0.000180
 - 	211	-0.005391	-0.000545	0.000139
 - 	212	-0.005538	-0.000691	0.000081
 - 	213	-0.005298	-0.000818	0.000015
 - 	214	-0.004571	-0.000847	-0.000044
 - 	215	-0.003436	-0.000701	-0.000082
 - 	216	-0.002137	-0.000300	-0.000099
 - 	217	-0.000951	0.000431	-0.000106
 - 	218	-0.000066	0.001406	-0.000111
 - 	219	0.000472	0.002262	-0.000101
 - 	220	-0.008239	-0.001833	-0.000097
 - 	221	-0.002215	-0.003370	-0.000019
 - 	222	0.003123	-0.003046	0.000250
 - 	223	0.003374	0.000407	0.000449
 - 	224	0.003493	0.002573	0.000728
 - 	225	0.004106	0.002442	0.001007
 - 	226	0.005225	0.003513	0.001194
 - 	227	0.006767	0.005182	0.001284
 - 	228	0.007659	0.006510	0.001754
 - 	229	0.007824	0.007791	0.002160
 - 	230	0.008007	0.009090	0.002398
 - 	231	0.007322	0.010567	0.002603
 - 	232	0.007641	0.011400	0.002818
 - 	233	0.008143	0.012742	0.002866
 - 	234	0.008289	0.014170	0.002982
 - 	235	0.008631	0.016021	0.003174
 - 	236	0.008405	0.018078	0.003317
 - 	237	0.008911	0.020354	0.003419
 - 	238	0.008809	0.022516	0.003557
 - 	239	0.009117	0.024413	0.003698
 - 	240	0.009177	0.026063	0.004034
 - 	241	0.009948	0.027655	0.004270
 - 	242	0.010498	0.029504	0.004563
 - 	243	0.011064	0.031023	0.004802
 - 	244	0.011906	0.033076	0.005284
 - 	245	0.013056	0.035232	0.005690
 - 	246	0.013846	0.037636	0.005963
 - 	247	0.014600	0.039125	0.006056
 - 	248	0.015262	0.040682	0.006250
 - 	249	0.016392	0.042120	0.006257
 - 	250	0.016709	0.043273	0.006321
 - 	251	0.016810	0.044054	0.006233
 - 	252	0.017746	0.044382	0.006149
 - 	253	0.017939	0.044992	0.005932
 - 	254	0.017719	0.044787	0.005885
 - 	255	0.017792	0.044458	0.005597
 - 	256	0.017687	0.043764	0.005371
 - 	257	0.017669	0.043375	0.004919
 - 	258	0.017464	0.042038	0.004623
 - 	259	0.016998	0.040905	0.004143
 - 	260	0.015862	0.039918	0.003801
 - 	261	0.014834	0.038753	0.003284
 - 	262	0.013646	0.037740	0.002728
 - 	263	0.012972	0.036513	0.002417
 - 	264	0.012482	0.035574	0.001993
 - 	265	0.011534	0.034642	0.001564
 - 	266	0.011030	0.033598	0.001209
 - 	267	0.010700	0.033021	0.000734
 - 	268	0.009963	0.032295	0.000487
 - 	269	0.009670	0.031890	0.000246
 - 	270	0.009422	0.031783	0.000023
 - 	271	0.009131	0.031882	-0.000191
 - 	272	0.008410	0.031445	0.000065
 - 	273	0.008399	0.031824	-0.000363
 - 	274	0.008297	0.031729	-0.000420
 - 	275	0.008311	0.032211	-0.000555
 - 	276	0.007940	0.032259	-0.000531
 - 	277	0.007970	0.032002	-0.000529
 - 	278	0.008124	0.031544	-0.000577
 - 	279	0.008577	0.031579	-0.000609
 - 	280	0.008561	0.031550	-0.000427
 - 	281			
 - 	282			
