LLACx	LLACy	LLACz	LLGYx	LLGYy	LLGYz	LMACx	LMACy	LMACz	LMGYx	LMGYy	LMGYz	RLACx	RLACy	RLACz	RLGYx	RLGYy	RLGYz	RMACx	RMACy	RMACz	RMGYx	RMGYy	RMGYz
-150.00	-1000.00	360.00	-1.65	-0.43	1.77	240.00	-860.00	-200.00	-2.93	-2.07	2.74	-230.00	-1010.00	-70.00	-3.66	2.50	-2.50	-10.00	-990.00	350.00	-2.56	2.87	-2.32
-310.00	-980.00	360.00	0.67	-1.10	1.83	70.00	-890.00	-240.00	-2.20	-1.40	2.50	-240.00	-1010.00	-70.00	1.34	-1.46	2.68	10.00	-990.00	370.00	-2.38	0.00	1.95
-300.00	-980.00	360.00	0.79	-1.28	1.65	60.00	-890.00	-240.00	-0.06	-0.49	0.79	-250.00	-1010.00	-70.00	1.77	-1.16	3.23	10.00	-1000.00	360.00	-2.80	0.00	2.20
-300.00	-980.00	360.00	0.85	-1.40	1.59	70.00	-880.00	-240.00	0.06	-0.49	0.73	-250.00	-1010.00	-70.00	2.13	-0.91	3.35	0.00	-990.00	360.00	-3.17	0.18	2.62
-310.00	-980.00	360.00	0.85	-1.40	1.52	70.00	-890.00	-240.00	-0.18	-0.43	0.67	-250.00	-1020.00	-60.00	2.13	-0.67	3.17	0.00	-990.00	360.00	-3.29	0.37	2.74
-310.00	-980.00	350.00	0.85	-1.52	1.59	70.00	-890.00	-240.00	-0.30	-0.43	0.67	-240.00	-1020.00	-60.00	1.71	-0.43	3.05	10.00	-990.00	360.00	-3.17	0.37	2.93
-310.00	-980.00	350.00	0.73	-1.77	1.59	70.00	-880.00	-240.00	-0.30	-0.37	0.73	-240.00	-1020.00	-70.00	1.40	-0.24	2.68	10.00	-990.00	370.00	-3.05	0.30	2.99
-310.00	-980.00	360.00	0.79	-1.89	1.46	60.00	-890.00	-240.00	-0.24	-0.12	0.79	-250.00	-1020.00	-80.00	0.98	0.06	2.32	10.00	-990.00	370.00	-2.93	0.30	2.74
-310.00	-990.00	360.00	0.79	-2.01	1.22	60.00	-890.00	-230.00	-0.30	-0.30	0.67	-250.00	-1020.00	-70.00	0.55	0.30	1.65	10.00	-990.00	360.00	-2.80	0.43	2.44
-310.00	-980.00	360.00	0.79	-1.89	0.91	60.00	-890.00	-240.00	-0.18	-0.61	0.61	-250.00	-1010.00	-70.00	0.37	0.37	1.10	10.00	-990.00	360.00	-2.80	0.43	2.07
-310.00	-980.00	360.00	0.67	-1.77	0.79	60.00	-890.00	-240.00	-0.18	-0.55	0.49	-250.00	-1010.00	-70.00	0.18	0.43	0.67	0.00	-990.00	350.00	-2.56	0.55	1.65
-320.00	-980.00	360.00	0.67	-1.83	0.61	60.00	-890.00	-240.00	-0.12	-0.49	0.30	-250.00	-1000.00	-70.00	0.06	0.61	0.18	-0.00	-990.00	360.00	-2.07	0.55	0.67
-310.00	-980.00	360.00	0.67	-1.71	0.55	70.00	-880.00	-250.00	-0.12	-0.55	0.12	-260.00	-1010.00	-60.00	-0.18	0.85	-0.43	-0.00	-980.00	350.00	0.18	-0.18	-1.40
-320.00	-980.00	360.00	0.49	-1.65	0.37	60.00	-890.00	-240.00	-0.12	-0.55	0.12	-250.00	-1010.00	-70.00	-0.49	1.10	-1.04	-0.00	-990.00	360.00	0.37	-0.37	-1.34
-310.00	-980.00	350.00	0.24	-1.34	0.24	70.00	-880.00	-240.00	0.00	-0.85	0.00	-260.00	-1000.00	-70.00	-0.61	1.40	-1.46	-10.00	-980.00	360.00	0.37	-0.37	-1.34
-310.00	-980.00	360.00	0.12	-1.04	-0.12	60.00	-890.00	-240.00	0.18	-1.04	-0.12	-260.00	-1000.00	-70.00	-0.85	1.34	-1.83	-10.00	-990.00	350.00	0.55	-0.43	-1.46
-310.00	-980.00	350.00	0.00	-0.85	-0.24	70.00	-890.00	-240.00	0.18	-0.98	-0.12	-260.00	-1000.00	-70.00	-1.16	1.10	-2.01	-0.00	-990.00	350.00	0.55	-0.43	-1.46
-310.00	-970.00	360.00	-0.06	-0.67	-0.30	60.00	-890.00	-240.00	0.12	-0.79	-0.24	-260.00	-1000.00	-70.00	-1.40	1.10	-2.07	-10.00	-990.00	350.00	0.49	-0.49	-1.22
-310.00	-970.00	360.00	0.00	-0.55	-0.37	60.00	-880.00	-240.00	0.00	-0.67	-0.49	-260.00	-1000.00	-70.00	-1.65	1.28	-2.26	-10.00	-980.00	350.00	0.49	-0.49	-1.22
-310.00	-970.00	360.00	-0.12	-0.43	-0.12	60.00	-890.00	-240.00	-0.12	-0.37	-0.30	-260.00	-1000.00	-80.00	-1.83	1.22	-2.38	-0.00	-990.00	360.00	0.61	-0.37	-1.10
-310.00	-980.00	360.00	-0.06	-0.43	-0.12	60.00	-880.00	-240.00	-0.18	-0.30	-0.24	-260.00	-1000.00	-70.00	-1.71	1.22	-2.32	0.00	-990.00	350.00	0.49	-0.30	-0.91
-310.00	-970.00	360.00	0.00	-0.43	0.12	60.00	-880.00	-240.00	-0.18	-0.12	-0.30	-260.00	-1010.00	-70.00	-1.46	1.16	-2.20	0.00	-990.00	350.00	0.49	-0.30	-0.91
-310.00	-980.00	360.00	0.00	-0.43	0.30	60.00	-880.00	-240.00	-0.24	-0.06	-0.24	-250.00	-1010.00	-70.00	-1.16	1.04	-2.13	0.00	-990.00	350.00	0.24	-0.30	-0.73
-310.00	-980.00	360.00	0.24	-0.37	0.67	60.00	-880.00	-240.00	-0.37	0.06	-0.06	-250.00	-1010.00	-70.00	-0.85	0.91	-2.01	-0.00	-1000.00	350.00	0.24	-0.30	-0.73
-310.00	-980.00	360.00	0.24	-0.37	0.67	60.00	-880.00	-240.00	-0.49	0.18	-0.12	-250.00	-1010.00	-70.00	-0.73	0.85	-1.83	-0.00	-1000.00	350.00	0.18	-0.30	-0.79
-310.00	-980.00	360.00	0.18	-0.30	0.73	60.00	-880.00	-240.00	-0.55	0.43	-0.30	-250.00	-1010.00	-70.00	-0.79	0.91	-1.71	0.00	-990.00	360.00	0.18	-0.30	-0.79
-300.00	-990.00	360.00	0.37	-0.43	1.22	60.00	-880.00	-240.00	-0.67	0.67	-0.12	-250.00	-1010.00	-70.00	-0.79	0.98	-1.83	0.00	-990.00	360.00	0.49	-0.18	-1.34
-310.00	-990.00	360.00	0.37	-0.43	1.22	60.00	-880.00	-240.00	-0.73	0.67	-0.12	-250.00	-1010.00	-70.00	-0.91	1.04	-1.95	0.00	-990.00	360.00	0.49	-0.18	-1.34
-310.00	-990.00	360.00	0.18	-0.43	1.16	60.00	-880.00	-240.00	-0.73	0.61	-0.12	-250.00	-1010.00	-70.00	-1.10	1.22	-2.07	0.00	-990.00	360.00	0.67	-0.18	-1.71
-300.00	-990.00	360.00	0.24	-0.67	1.10	60.00	-880.00	-230.00	-0.73	0.73	0.06	-250.00	-1020.00	-70.00	-1.22	1.40	-2.32	0.00	-990.00	360.00	0.79	-0.12	-2.01
-300.00	-990.00	360.00	0.37	-0.85	1.10	60.00	-880.00	-240.00	-0.67	0.73	0.24	-250.00	-1010.00	-60.00	-1.22	1.40	-2.62	0.00	-990.00	360.00	0.79	-0.12	-2.01
-300.00	-990.00	360.00	0.43	-0.91	0.91	60.00	-880.00	-240.00	-0.61	0.55	0.37	-250.00	-1010.00	-70.00	-1.16	1.71	-2.74	0.00	-990.00	360.00	0.79	-0.12	-2.01
-310.00	-980.00	360.00	0.37	-0.91	0.85	60.00	-880.00	-240.00	-0.67	0.49	0.43	-250.00	-1010.00	-70.00	-1.10	1.83	-2.93	-0.00	-990.00	350.00	0.67	-0.12	-1.95
-300.00	-980.00	350.00	0.37	-0.85	0.67	70.00	-890.00	-240.00	-0.73	0.49	0.61	-250.00	-1010.00	-80.00	-1.28	2.26	-2.87	-0.00	-990.00	350.00	0.55	-0.30	-1.22
-310.00	-980.00	360.00	0.30	-0.73	0.55	70.00	-890.00	-240.00	-0.61	0.49	0.67	-250.00	-1010.00	-70.00	-1.10	2.01	-2.56	-0.00	-990.00	360.00	0.55	-0.30	-1.22
-310.00	-980.00	350.00	0.24	-0.85	0.49	70.00	-890.00	-250.00	-0.55	0.37	0.79	-250.00	-1010.00	-70.00	-0.79	1.16	-1.95	-0.00	-990.00	360.00	0.12	-0.30	-0.61
-310.00	-980.00	360.00	0.18	-0.85	0.55	70.00	-890.00	-240.00	-0.55	0.24	0.73	-250.00	-1010.00	-80.00	-0.55	0.85	-1.28	10.00	-990.00	350.00	-0.79	-0.67	0.79
-310.00	-980.00	360.00	0.24	-0.55	0.55	70.00	-890.00	-240.00	-0.37	0.18	0.67	-250.00	-1010.00	-70.00	-0.49	0.79	-0.91	10.00	-990.00	350.00	-0.67	-0.61	0.67
-310.00	-980.00	360.00	0.24	-0.55	0.55	70.00	-890.00	-240.00	-0.30	0.18	0.61	-250.00	-1010.00	-70.00	-0.30	0.67	-0.61	10.00	-1000.00	360.00	-0.67	-0.61	0.67
-310.00	-980.00	360.00	0.24	-0.55	0.55	70.00	-890.00	-240.00	-0.24	0.12	0.55	-250.00	-1020.00	-70.00	-0.18	0.43	-0.43	10.00	-990.00	370.00	-0.67	-0.61	0.67
-310.00	-980.00	360.00	0.43	-0.73	0.49	60.00	-880.00	-240.00	-0.30	0.18	0.55	-240.00	-1020.00	-70.00	-0.24	0.30	-0.18	10.00	-990.00	370.00	-0.67	-0.37	0.43
-310.00	-980.00	360.00	0.43	-0.73	0.49	60.00	-880.00	-250.00	-0.37	0.12	0.55	-240.00	-1020.00	-70.00	-0.18	0.00	0.18	10.00	-990.00	370.00	-0.67	-0.37	0.43
-310.00	-980.00	350.00	0.43	-0.73	0.49	70.00	-880.00	-240.00	-0.18	0.24	0.49	-250.00	-1020.00	-70.00	-0.12	0.06	0.37	10.00	-990.00	360.00	-0.67	-0.37	0.43
-310.00	-980.00	360.00	0.37	-0.79	0.43	60.00	-880.00	-240.00	-0.24	0.24	0.43	-240.00	-1020.00	-70.00	-0.24	0.37	0.12	10.00	-990.00	360.00	-0.67	-0.37	0.49
-310.00	-980.00	360.00	0.37	-0.55	1.16	60.00	-880.00	-240.00	-0.30	0.12	0.37	-250.00	-1020.00	-70.00	-0.30	0.43	0.00	0.00	-990.00	360.00	-0.67	-0.30	0.43
-310.00	-980.00	360.00	0.37	-0.55	1.16	60.00	-880.00	-240.00	-0.43	0.18	0.24	-250.00	-1010.00	-70.00	-0.12	0.37	-0.06	0.00	-990.00	360.00	-0.67	-0.30	0.43
-310.00	-980.00	360.00	0.49	-0.61	1.40	70.00	-880.00	-240.00	-0.43	0.30	0.24	-240.00	-1020.00	-70.00	-0.18	0.24	-0.18	0.00	-990.00	350.00	-0.55	-0.49	0.30
-300.00	-990.00	350.00	0.49	-0.61	1.40	70.00	-890.00	-240.00	-0.49	0.37	0.24	-240.00	-1020.00	-70.00	-0.18	0.24	0.00	0.00	-990.00	350.00	-0.55	-0.49	0.30
-300.00	-990.00	350.00	0.49	-0.61	1.40	60.00	-890.00	-240.00	-0.49	0.30	0.18	-240.00	-1010.00	-70.00	-0.24	0.18	-0.24	0.00	-990.00	350.00	-0.43	-0.37	0.18
-310.00	-990.00	350.00	0.49	-0.61	1.40	60.00	-880.00	-240.00	-0.55	0.43	0.18	-250.00	-1010.00	-70.00	-0.24	0.18	-0.24	0.00	-990.00	360.00	-0.43	-0.37	0.37
-300.00	-980.00	360.00	0.73	-0.85	1.04	70.00	-890.00	-240.00	-0.61	0.30	0.24	-240.00	-1010.00	-80.00	-0.24	0.18	-0.24	0.00	-990.00	350.00	-0.43	-0.37	0.37
-300.00	-980.00	360.00	0.73	-0.85	1.04	70.00	-880.00	-240.00	-0.61	0.24	0.24	-250.00	-1010.00	-70.00	0.18	-0.37	-0.12	0.00	-990.00	350.00	-0.37	-0.37	0.49
-300.00	-980.00	360.00	0.73	-0.85	1.04	60.00	-880.00	-240.00	-0.49	0.30	0.30	-240.00	-1010.00	-70.00	0.18	-0.37	-0.12	0.00	-990.00	350.00	-0.37	-0.37	0.49
-300.00	-980.00	360.00	0.73	-0.85	0.91	70.00	-880.00	-240.00	-0.49	0.30	0.30	-250.00	-1010.00	-70.00	0.18	-0.37	-0.12	10.00	-990.00	360.00	-0.67	-0.43	0.73
-310.00	-980.00	350.00	0.73	-0.79	0.91	70.00	-880.00	-240.00	-0.49	0.12	0.43	-250.00	-1010.00	-70.00	-0.06	0.00	-0.12	10.00	-990.00	360.00	-0.67	-0.43	0.73
-310.00	-980.00	350.00	0.73	-0.79	0.91	70.00	-880.00	-250.00	-0.61	0.06	0.49	-240.00	-1010.00	-70.00	-0.06	0.00	-0.12	10.00	-990.00	360.00	-0.79	-0.61	1.04
-310.00	-980.00	350.00	0.73	-0.79	0.91	70.00	-880.00	-240.00	-0.43	0.00	0.55	-240.00	-1010.00	-70.00	0.24	0.18	-0.12	10.00	-990.00	360.00	-1.10	-0.61	1.40
-300.00	-980.00	360.00	0.73	-0.67	1.04	70.00	-890.00	-240.00	-0.37	0.00	0.55	-240.00	-1010.00	-70.00	0.43	-0.55	0.55	10.00	-990.00	360.00	-1.10	-0.61	1.40
-310.00	-980.00	350.00	0.85	-0.79	1.10	70.00	-890.00	-240.00	-0.30	0.06	0.61	-240.00	-1010.00	-70.00	0.61	-0.79	0.67	10.00	-990.00	360.00	-1.04	-0.61	1.28
-310.00	-980.00	350.00	0.85	-0.79	1.10	70.00	-890.00	-240.00	-0.18	0.12	0.73	-240.00	-1010.00	-70.00	0.61	-0.79	0.67	10.00	-990.00	360.00	-0.79	-0.67	1.04
-310.00	-980.00	350.00	0.73	-0.98	1.28	60.00	-890.00	-240.00	-0.24	0.18	0.73	-240.00	-1010.00	-70.00	0.55	-0.37	0.85	10.00	-990.00	360.00	-0.79	-0.67	1.04
-310.00	-990.00	360.00	0.73	-0.98	1.40	70.00	-890.00	-240.00	-0.18	0.12	0.67	-240.00	-1010.00	-70.00	0.43	-0.06	0.79	10.00	-990.00	360.00	-0.79	-0.55	0.85
-310.00	-990.00	360.00	0.73	-0.98	1.40	60.00	-890.00	-240.00	-0.18	0.06	0.61	-240.00	-1010.00	-70.00	0.43	-0.06	0.79	10.00	-990.00	360.00	-0.67	-0.55	0.73
-310.00	-990.00	360.00	0.85	-0.85	1.59	60.00	-880.00	-250.00	-0.24	0.12	0.49	-250.00	-1010.00	-70.00	0.30	0.24	0.37	-0.00	-990.00	350.00	-0.61	-0.55	0.55
-310.00	-980.00	360.00	0.91	-0.85	1.52	70.00	-890.00	-250.00	-0.24	0.24	0.30	-240.00	-1020.00	-60.00	0.30	0.24	0.37	0.00	-990.00	350.00	-0.61	-0.55	0.55
-300.00	-980.00	360.00	0.91	-0.85	1.52	60.00	-880.00	-240.00	-0.30	0.30	0.37	-240.00	-1020.00	-60.00	0.18	0.55	0.24	-0.00	-990.00	360.00	-0.55	-0.43	0.37
-300.00	-980.00	360.00	1.04	-0.98	1.59	60.00	-880.00	-240.00	-0.24	0.18	0.37	-250.00	-1010.00	-70.00	0.18	0.55	0.24	0.00	-990.00	360.00	0.06	-0.43	-0.43
-310.00	-990.00	360.00	1.10	-1.34	1.59	70.00	-890.00	-240.00	-0.24	0.18	0.37	-250.00	-1010.00	-70.00	-0.18	0.85	-0.06	0.00	-990.00	360.00	0.12	-0.37	-0.55
-310.00	-990.00	360.00	1.10	-1.34	1.59	60.00	-890.00	-240.00	-0.12	0.18	0.37	-250.00	-1010.00	-70.00	-0.06	0.85	-0.30	-0.00	-980.00	350.00	0.12	-0.37	-0.55
-310.00	-980.00	360.00	1.10	-1.46	1.52	60.00	-880.00	-240.00	0.00	0.12	0.43	-250.00	-1010.00	-70.00	-0.06	0.85	-0.30	0.00	-990.00	360.00	0.12	-0.37	-0.43
-300.00	-980.00	360.00	1.10	-1.46	1.52	60.00	-890.00	-240.00	0.00	0.06	0.55	-250.00	-1010.00	-70.00	-0.12	0.73	-0.55	0.00	-990.00	360.00	0.00	-0.37	-0.49
-310.00	-980.00	360.00	0.98	-1.16	1.34	70.00	-880.00	-240.00	0.06	-0.12	0.61	-250.00	-1010.00	-70.00	-0.43	0.98	-0.91	0.00	-990.00	350.00	0.00	-0.37	-0.49
-310.00	-980.00	360.00	0.98	-1.16	1.34	60.00	-890.00	-250.00	0.12	-0.18	0.73	-250.00	-1010.00	-70.00	-0.55	1.04	-0.91	0.00	-990.00	360.00	-0.18	-0.30	-0.55
-310.00	-980.00	350.00	0.98	-1.10	1.16	70.00	-890.00	-250.00	0.06	-0.24	0.98	-250.00	-1010.00	-70.00	-0.61	1.22	-1.04	0.00	-990.00	360.00	-0.18	-0.30	-0.55
-310.00	-980.00	350.00	0.73	-1.04	0.91	70.00	-880.00	-250.00	-0.06	-0.30	0.85	-250.00	-1010.00	-80.00	-0.73	1.22	-1.28	0.00	-990.00	360.00	0.00	-0.18	-0.67
-310.00	-980.00	360.00	0.73	-1.04	0.91	70.00	-890.00	-240.00	0.06	-0.24	0.91	-250.00	-1010.00	-80.00	-0.73	1.22	-1.28	0.00	-990.00	360.00	0.00	-0.18	-0.67
-300.00	-980.00	360.00	0.61	-0.91	0.85	70.00	-880.00	-240.00	0.00	-0.06	0.91	-240.00	-1010.00	-70.00	-0.55	1.10	-1.46	0.00	-990.00	360.00	0.18	-0.18	-1.04
-310.00	-980.00	360.00	0.61	-0.91	0.85	70.00	-890.00	-240.00	-0.06	0.00	0.79	-240.00	-1010.00	-70.00	-0.49	0.85	-1.28	0.00	-990.00	360.00	0.00	-0.12	-0.43
-310.00	-980.00	360.00	0.61	-0.98	0.79	60.00	-890.00	-240.00	-0.06	-0.06	0.55	-240.00	-1010.00	-60.00	-0.55	0.79	-1.16	10.00	-990.00	360.00	0.06	-0.12	-0.43
-310.00	-980.00	360.00	0.61	-0.98	0.79	60.00	-890.00	-240.00	0.12	-0.24	0.67	-250.00	-1010.00	-80.00	-0.55	0.79	-1.16	0.00	-990.00	360.00	0.12	-0.18	-0.49
-310.00	-980.00	360.00	0.61	-0.98	0.85	60.00	-890.00	-240.00	0.06	-0.12	0.67	-250.00	-1010.00	-80.00	-0.18	0.61	-1.10	0.00	-990.00	360.00	0.37	-0.43	-0.79
-310.00	-980.00	350.00	0.73	-1.16	0.73	70.00	-880.00	-240.00	0.18	-0.12	0.61	-250.00	-1010.00	-80.00	0.00	0.43	-1.10	0.00	-990.00	360.00	0.18	-0.37	-0.73
-310.00	-980.00	350.00	0.73	-1.16	0.73	60.00	-880.00	-250.00	0.06	-0.24	0.67	-240.00	-1010.00	-70.00	0.00	0.43	-1.10	10.00	-990.00	360.00	0.18	-0.37	-0.73
-310.00	-980.00	350.00	0.73	-1.16	0.67	60.00	-880.00	-240.00	-0.06	-0.12	0.61	-240.00	-1010.00	-70.00	-0.12	0.55	-1.10	10.00	-990.00	360.00	0.49	-0.43	-0.73
-310.00	-980.00	360.00	0.73	-1.16	0.67	60.00	-890.00	-240.00	-0.06	0.00	0.55	-250.00	-1020.00	-70.00	-0.49	0.91	-1.65	10.00	-990.00	360.00	0.61	-0.43	-0.85
-310.00	-980.00	360.00	0.43	-0.91	0.67	70.00	-880.00	-240.00	-0.12	0.00	0.49	-240.00	-1010.00	-70.00	-0.30	0.79	-1.46	10.00	-990.00	360.00	0.61	-0.43	-0.85
-310.00	-980.00	360.00	0.43	-0.91	0.67	60.00	-880.00	-240.00	-0.12	0.06	0.43	-240.00	-1010.00	-70.00	-0.12	0.79	-1.40	0.00	-990.00	350.00	0.61	-0.30	-1.04
-310.00	-980.00	360.00	0.49	-0.91	0.55	60.00	-890.00	-230.00	0.00	0.00	0.49	-250.00	-1010.00	-70.00	-0.12	0.79	-1.40	10.00	-990.00	360.00	0.61	-0.24	-0.98
-310.00	-980.00	360.00	0.43	-0.79	0.49	70.00	-880.00	-240.00	0.12	0.00	0.37	-250.00	-1010.00	-70.00	-0.06	0.73	-1.52	0.00	-990.00	360.00	0.61	-0.24	-0.85
-310.00	-980.00	360.00	0.43	-0.79	0.49	60.00	-890.00	-240.00	0.18	0.00	0.30	-250.00	-1000.00	-70.00	-0.06	0.73	-1.52	0.00	-990.00	360.00	0.61	-0.24	-0.85
-310.00	-980.00	360.00	0.43	-0.79	0.49	70.00	-880.00	-240.00	0.30	-0.06	0.37	-250.00	-1000.00	-70.00	0.00	0.91	-1.59	0.00	-990.00	360.00	0.61	-0.43	-0.67
-310.00	-980.00	360.00	0.55	-0.91	0.43	70.00	-880.00	-240.00	0.06	0.00	0.43	-250.00	-1010.00	-80.00	0.24	0.61	-1.34	10.00	-990.00	360.00	0.61	-0.43	-0.67
-310.00	-980.00	360.00	0.37	-0.85	0.24	60.00	-880.00	-240.00	-0.06	0.00	0.37	-240.00	-1010.00	-70.00	0.24	0.61	-1.34	10.00	-990.00	360.00	0.49	-0.43	-0.61
-310.00	-980.00	360.00	0.37	-0.85	0.24	60.00	-880.00	-240.00	0.00	0.06	0.37	-240.00	-1010.00	-70.00	0.24	0.61	-1.34	10.00	-990.00	360.00	0.37	-0.55	-0.55
-310.00	-980.00	360.00	0.37	-0.73	0.24	70.00	-890.00	-240.00	-0.06	0.12	0.30	-240.00	-1010.00	-80.00	0.24	0.61	-1.34	10.00	-990.00	360.00	-0.55	-0.30	0.00
-300.00	-980.00	360.00	0.43	-0.37	0.30	70.00	-890.00	-240.00	0.00	0.06	0.18	-250.00	-1010.00	-70.00	0.06	0.37	-1.22	10.00	-990.00	370.00	-0.55	-0.30	0.00
-300.00	-980.00	360.00	0.43	-0.37	0.30	60.00	-890.00	-240.00	0.00	0.06	0.18	-250.00	-1010.00	-70.00	0.06	0.37	-1.22	10.00	-980.00	360.00	-0.61	-0.24	0.00
-310.00	-980.00	360.00	0.43	-0.37	0.30	70.00	-890.00	-240.00	0.00	0.06	0.18	-250.00	-1010.00	-70.00	0.06	0.06	-1.04	10.00	-980.00	370.00	-0.55	0.06	-0.12
-300.00	-980.00	360.00	0.43	-0.49	0.30	70.00	-890.00	-240.00	0.00	0.06	0.24	-250.00	-1010.00	-70.00	-0.06	-0.06	-0.91	10.00	-990.00	370.00	-0.55	0.06	-0.12
-300.00	-980.00	360.00	0.37	-0.12	0.55	60.00	-880.00	-240.00	-0.06	0.24	0.12	-240.00	-1010.00	-70.00	-0.12	0.18	-1.04	10.00	-990.00	370.00	-0.43	-0.18	-0.12
-300.00	-980.00	360.00	0.37	-0.12	0.55	70.00	-880.00	-240.00	-0.06	0.24	0.12	-240.00	-1010.00	-70.00	-0.12	0.06	-0.91	10.00	-980.00	370.00	-0.43	-0.18	-0.30
-310.00	-990.00	360.00	0.49	-0.30	0.61	70.00	-880.00	-240.00	-0.06	0.30	0.18	-240.00	-1010.00	-70.00	-0.12	0.06	-0.91	10.00	-990.00	370.00	-0.43	-0.18	-0.30
-300.00	-980.00	360.00	0.49	-0.30	0.61	70.00	-880.00	-240.00	-0.06	0.30	0.18	-240.00	-1020.00	-70.00	0.00	0.06	-0.67	10.00	-990.00	370.00	-0.18	-0.30	-0.55
-300.00	-980.00	360.00	0.49	-0.30	0.61	70.00	-880.00	-240.00	-0.06	0.30	0.18	-240.00	-1020.00	-70.00	-0.06	0.24	-0.79	10.00	-990.00	370.00	-0.18	-0.30	-0.55
-300.00	-980.00	360.00	0.49	-0.30	0.61	70.00	-880.00	-240.00	-0.12	0.24	0.18	-240.00	-1010.00	-70.00	-0.06	0.24	-0.79	10.00	-990.00	360.00	0.12	-0.37	-0.67
-300.00	-980.00	360.00	0.79	-0.61	1.16	60.00	-890.00	-240.00	-0.24	0.24	0.18	-240.00	-1010.00	-70.00	-0.06	0.37	-0.61	10.00	-980.00	360.00	0.30	-0.55	-0.98
-300.00	-980.00	360.00	0.79	-0.61	1.16	60.00	-880.00	-240.00	-0.18	0.18	0.24	-240.00	-1020.00	-70.00	-0.06	0.37	-0.61	10.00	-980.00	360.00	0.49	-0.49	-1.10
-300.00	-980.00	360.00	0.79	-0.61	1.16	70.00	-880.00	-240.00	-0.18	0.30	0.18	-240.00	-1020.00	-70.00	-0.24	0.49	-0.91	10.00	-990.00	360.00	0.49	-0.49	-1.10
-300.00	-980.00	360.00	0.55	-0.49	1.16	70.00	-880.00	-240.00	-0.30	0.49	0.18	-240.00	-1010.00	-80.00	-0.37	0.49	-1.16	10.00	-990.00	360.00	0.24	-0.37	-0.85
-300.00	-990.00	360.00	0.55	-0.49	1.16	70.00	-890.00	-240.00	-0.37	0.55	0.18	-240.00	-1010.00	-80.00	-0.37	0.49	-1.16	10.00	-990.00	360.00	-0.12	-0.24	-0.67
-300.00	-990.00	360.00	0.55	-0.49	1.16	60.00	-890.00	-230.00	-0.37	0.61	0.24	-240.00	-1010.00	-80.00	-0.43	0.67	-1.40	10.00	-990.00	360.00	-0.12	-0.24	-0.67
-300.00	-990.00	360.00	0.55	-0.49	1.16	60.00	-880.00	-240.00	-0.30	0.67	0.37	-240.00	-1010.00	-70.00	-0.43	0.67	-1.40	10.00	-990.00	360.00	-0.12	-0.30	-0.79
-300.00	-990.00	360.00	0.73	-0.85	1.04	60.00	-880.00	-230.00	-0.24	0.67	0.49	-240.00	-1010.00	-70.00	-0.43	0.79	-1.52	10.00	-990.00	370.00	0.12	-0.30	-0.91
-300.00	-990.00	360.00	0.73	-0.85	1.04	70.00	-890.00	-240.00	-0.55	0.85	0.49	-240.00	-1010.00	-70.00	-0.43	0.79	-1.52	10.00	-990.00	370.00	0.06	-0.30	-1.04
-300.00	-990.00	360.00	0.73	-0.85	1.04	70.00	-890.00	-240.00	-0.49	0.73	0.49	-240.00	-1010.00	-80.00	-0.49	0.91	-1.65	10.00	-990.00	370.00	0.06	-0.24	-1.22
-300.00	-990.00	360.00	0.61	-0.73	0.79	70.00	-890.00	-240.00	-0.43	0.61	0.55	-240.00	-1010.00	-80.00	-0.43	0.79	-1.65	10.00	-990.00	360.00	0.06	-0.24	-1.22
-300.00	-980.00	360.00	0.61	-0.73	0.79	60.00	-890.00	-240.00	-0.49	0.49	0.61	-240.00	-1010.00	-80.00	-0.43	0.79	-1.65	10.00	-990.00	360.00	0.49	-0.12	-1.34
-300.00	-980.00	360.00	0.61	-0.73	0.79	70.00	-890.00	-240.00	-0.49	0.43	0.67	-240.00	-1010.00	-80.00	-0.37	0.98	-1.46	10.00	-980.00	370.00	0.49	-0.12	-1.34
-300.00	-980.00	360.00	0.67	-0.73	0.61	70.00	-880.00	-240.00	-0.61	0.18	0.67	-250.00	-1010.00	-70.00	-0.24	0.73	-1.52	10.00	-980.00	370.00	0.91	-0.12	-1.46
-300.00	-980.00	360.00	0.73	-0.73	0.43	70.00	-890.00	-240.00	-0.37	0.12	0.67	-240.00	-1010.00	-70.00	-0.24	0.73	-1.52	10.00	-980.00	370.00	1.28	0.00	-1.71
-300.00	-980.00	360.00	0.73	-0.73	0.43	70.00	-890.00	-240.00	-0.30	0.06	0.55	-240.00	-1010.00	-70.00	-0.37	0.98	-1.40	10.00	-980.00	370.00	1.34	0.18	-1.77
-300.00	-980.00	360.00	0.73	-0.73	0.43	70.00	-890.00	-240.00	-0.30	0.18	0.43	-240.00	-1010.00	-70.00	-0.37	0.98	-1.52	10.00	-980.00	360.00	1.40	0.30	-1.83
-310.00	-980.00	360.00	0.85	-0.91	0.43	70.00	-890.00	-250.00	-0.24	0.30	0.49	-240.00	-1010.00	-70.00	-0.37	0.98	-1.52	10.00	-990.00	360.00	1.40	0.30	-1.83
-300.00	-980.00	360.00	0.85	-1.04	0.37	70.00	-890.00	-240.00	-0.24	0.37	0.43	-240.00	-1010.00	-70.00	-0.67	1.28	-1.95	10.00	-990.00	360.00	0.73	0.67	-1.46
-300.00	-980.00	360.00	0.79	-1.16	0.49	70.00	-890.00	-240.00	-0.18	0.24	0.43	-240.00	-1010.00	-70.00	-0.67	1.28	-1.95	10.00	-990.00	360.00	0.73	0.67	-1.46
-310.00	-980.00	360.00	0.55	-0.98	0.43	70.00	-890.00	-240.00	-0.12	0.18	0.43	-230.00	-1020.00	-70.00	-0.67	1.28	-2.26	10.00	-990.00	360.00	0.43	0.67	-1.10
-310.00	-980.00	360.00	0.30	-0.73	0.43	70.00	-880.00	-240.00	-0.12	0.06	0.49	-240.00	-1010.00	-70.00	-0.67	1.28	-2.26	20.00	-990.00	370.00	0.12	0.67	-0.67
-310.00	-980.00	360.00	0.37	-0.67	0.49	70.00	-880.00	-240.00	-0.18	0.12	0.43	-240.00	-1010.00	-70.00	-0.73	1.89	-2.87	20.00	-990.00	370.00	-0.18	0.49	-0.24
-310.00	-980.00	360.00	0.55	-0.79	0.73	70.00	-890.00	-240.00	-0.18	0.37	0.37	-240.00	-1010.00	-70.00	-0.67	2.07	-3.05	20.00	-980.00	370.00	-0.18	0.49	-0.24
-310.00	-980.00	360.00	0.49	-0.79	0.79	70.00	-880.00	-240.00	-0.24	0.43	0.24	-240.00	-1010.00	-70.00	-0.67	2.07	-3.05	20.00	-990.00	370.00	-0.43	0.12	-0.06
-310.00	-980.00	360.00	0.49	-0.79	0.98	70.00	-880.00	-240.00	-0.30	0.37	0.12	-240.00	-1010.00	-70.00	-0.49	2.80	-3.17	20.00	-990.00	370.00	-0.79	-0.12	0.06
-310.00	-980.00	360.00	0.49	-0.85	0.85	60.00	-890.00	-240.00	-0.18	0.49	0.12	-240.00	-1010.00	-70.00	-0.85	3.48	-3.05	20.00	-990.00	370.00	-1.10	-0.12	0.12
-300.00	-980.00	360.00	0.49	-0.85	0.61	60.00	-880.00	-240.00	-0.24	0.49	0.12	-240.00	-1010.00	-70.00	-0.85	3.48	-3.05	20.00	-990.00	370.00	-1.16	-0.18	0.24
-300.00	-980.00	360.00	0.43	-0.79	0.55	60.00	-880.00	-240.00	-0.18	0.43	0.18	-240.00	-1010.00	-70.00	-1.16	4.27	-2.87	20.00	-990.00	370.00	-1.10	-0.24	0.43
-300.00	-990.00	360.00	0.30	-0.79	0.30	60.00	-880.00	-240.00	-0.12	0.30	0.24	-240.00	-1010.00	-70.00	-1.22	4.51	-2.56	20.00	-980.00	370.00	-1.28	-0.24	0.55
-300.00	-980.00	360.00	0.18	-0.98	0.30	60.00	-880.00	-240.00	-0.12	0.24	0.18	-240.00	-1010.00	-70.00	-1.04	4.45	-2.44	10.00	-980.00	380.00	-1.28	-0.24	0.55
-300.00	-980.00	360.00	0.12	-0.91	0.06	70.00	-890.00	-240.00	-0.12	0.18	0.18	-240.00	-1010.00	-70.00	-1.04	4.45	-2.44	20.00	-980.00	380.00	-1.28	-0.30	0.67
-300.00	-980.00	360.00	0.00	-0.85	-0.06	70.00	-880.00	-240.00	-0.12	0.30	0.12	-230.00	-1010.00	-70.00	0.12	1.16	-1.59	20.00	-990.00	370.00	-1.10	-0.30	0.73
-310.00	-980.00	360.00	-0.24	-0.30	-0.18	60.00	-880.00	-240.00	-0.12	0.30	0.18	-230.00	-1010.00	-70.00	0.12	0.55	-1.10	20.00	-990.00	370.00	-1.10	-0.43	0.73
-310.00	-980.00	360.00	-0.43	0.12	-0.18	60.00	-880.00	-240.00	-0.30	0.18	0.24	-240.00	-1020.00	-60.00	0.12	0.55	-1.10	20.00	-990.00	370.00	-1.10	-0.43	0.73
-300.00	-980.00	360.00	-0.43	0.12	-0.18	70.00	-880.00	-240.00	-0.24	0.24	0.30	-230.00	-1020.00	-60.00	0.12	0.55	-1.10	20.00	-990.00	370.00	-1.22	-0.49	1.10
-310.00	-980.00	350.00	-0.30	0.24	-0.12	70.00	-890.00	-240.00	-0.18	0.24	0.37	-230.00	-1020.00	-60.00	-0.49	0.43	-0.43	10.00	-990.00	370.00	-1.46	-0.30	1.04
-300.00	-980.00	360.00	0.43	0.00	0.37	70.00	-890.00	-240.00	-0.30	0.18	0.43	-230.00	-1020.00	-80.00	-0.37	0.43	-0.30	10.00	-990.00	370.00	-1.46	-0.30	1.04
-310.00	-980.00	360.00	0.49	-0.18	0.43	70.00	-880.00	-230.00	-0.30	0.18	0.30	-230.00	-1020.00	-90.00	-0.37	0.43	-0.30	20.00	-990.00	370.00	-1.59	-0.24	1.10
-300.00	-990.00	370.00	0.49	-0.18	0.43	70.00	-890.00	-240.00	-0.30	0.37	0.30	-230.00	-1020.00	-90.00	-0.18	0.18	-0.18	10.00	-990.00	370.00	-1.46	-0.24	1.04
-300.00	-980.00	360.00	0.30	-0.43	0.61	60.00	-890.00	-240.00	-0.30	0.37	0.37	-230.00	-1020.00	-90.00	0.06	-0.30	0.00	10.00	-990.00	370.00	-1.40	-0.30	0.98
-300.00	-980.00	360.00	0.30	-0.43	0.61	60.00	-890.00	-240.00	-0.24	0.49	0.18	-230.00	-1020.00	-80.00	0.06	-0.30	0.00	10.00	-980.00	370.00	-1.40	-0.30	0.98
-300.00	-980.00	360.00	0.37	-0.61	0.67	70.00	-880.00	-240.00	-0.43	0.49	0.24	-230.00	-1010.00	-70.00	0.49	-1.34	0.24	10.00	-980.00	370.00	-1.34	-0.24	1.04
-300.00	-980.00	370.00	0.49	-0.73	1.10	60.00	-880.00	-250.00	-0.67	0.67	0.43	-230.00	-1010.00	-70.00	0.61	-1.89	0.37	10.00	-990.00	370.00	-1.34	-0.24	1.04
-300.00	-980.00	360.00	0.49	-0.73	1.10	70.00	-880.00	-240.00	-0.61	1.04	0.61	-230.00	-1020.00	-70.00	0.61	-1.89	0.37	10.00	-990.00	370.00	-1.34	-0.37	1.22
-300.00	-980.00	360.00	0.55	-0.85	1.46	70.00	-880.00	-240.00	-0.61	1.04	0.61	-230.00	-1020.00	-70.00	0.49	-1.46	0.67	10.00	-990.00	370.00	-1.34	-0.37	1.22
-300.00	-980.00	360.00	0.55	-0.85	1.46	70.00	-880.00	-250.00	-0.61	1.04	0.61	-230.00	-1020.00	-70.00	0.43	-1.10	0.73	10.00	-990.00	370.00	-0.98	-0.79	1.34
-300.00	-990.00	360.00	0.85	-0.85	1.95	70.00	-880.00	-240.00	-0.49	1.22	0.85	-230.00	-1020.00	-70.00	0.43	-1.10	0.73	10.00	-990.00	370.00	-0.91	-0.73	1.16
-300.00	-990.00	360.00	0.85	-0.85	1.95	60.00	-890.00	-240.00	-0.49	1.22	0.85	-230.00	-1020.00	-80.00	0.49	-1.04	0.73	10.00	-990.00	370.00	-0.91	-0.73	1.16
-300.00	-990.00	360.00	0.98	-0.98	2.13	70.00	-880.00	-240.00	-0.49	1.22	0.85	-230.00	-1020.00	-80.00	0.61	-0.73	0.73	10.00	-980.00	370.00	-0.91	-0.85	1.04
-300.00	-990.00	360.00	1.04	-1.10	2.20	70.00	-880.00	-240.00	-0.49	1.40	0.79	-230.00	-1020.00	-80.00	0.61	-0.73	0.73	10.00	-980.00	360.00	-0.91	-0.85	1.04
-300.00	-990.00	360.00	1.04	-1.10	2.20	70.00	-890.00	-240.00	-0.37	1.10	0.61	-230.00	-1020.00	-80.00	0.61	-0.73	0.73	10.00	-980.00	360.00	-1.04	-0.85	0.98
-300.00	-990.00	360.00	1.04	-1.10	2.20	70.00	-890.00	-240.00	-0.37	1.10	0.61	-230.00	-1020.00	-70.00	0.67	-0.49	1.22	10.00	-980.00	370.00	-1.04	-0.85	0.98
-310.00	-990.00	360.00	1.16	-1.34	1.89	70.00	-890.00	-240.00	-0.37	0.91	0.55	-230.00	-1020.00	-70.00	0.49	-0.18	1.22	10.00	-980.00	370.00	-0.98	-0.73	0.91
-300.00	-990.00	360.00	1.16	-1.34	1.89	70.00	-890.00	-230.00	-0.43	0.73	0.55	-230.00	-1020.00	-70.00	0.49	-0.18	1.22	10.00	-990.00	370.00	-0.73	-0.43	0.24
-300.00	-990.00	360.00	1.16	-1.34	1.89	70.00	-890.00	-240.00	-0.61	0.61	0.49	-240.00	-1020.00	-80.00	0.00	0.30	0.85	10.00	-990.00	370.00	-0.73	-0.43	0.24
-300.00	-990.00	360.00	0.55	-1.10	1.52	70.00	-890.00	-240.00	-0.55	0.49	0.49	-240.00	-1020.00	-80.00	-0.18	0.49	0.79	10.00	-990.00	370.00	-0.49	-0.49	-0.12
-300.00	-990.00	360.00	0.55	-1.10	1.52	70.00	-880.00	-240.00	-0.49	0.49	0.61	-240.00	-1020.00	-80.00	-0.18	0.49	0.79	10.00	-990.00	370.00	-0.43	-0.18	-0.18
-300.00	-980.00	360.00	0.55	-1.10	1.52	70.00	-890.00	-240.00	-0.61	0.30	0.61	-230.00	-1020.00	-70.00	-0.18	0.49	0.79	20.00	-990.00	370.00	-0.43	-0.18	-0.18
-300.00	-980.00	360.00	0.37	-0.98	1.28	70.00	-880.00	-240.00	-0.43	0.12	0.67	-240.00	-1010.00	-70.00	-0.24	0.18	0.67	10.00	-980.00	360.00	-0.49	-0.12	-0.12
-300.00	-980.00	360.00	0.37	-0.98	1.28	70.00	-880.00	-240.00	-0.37	-0.18	0.73	-240.00	-1010.00	-70.00	-0.24	0.18	0.67	10.00	-980.00	360.00	-0.49	-0.12	-0.12
-300.00	-980.00	360.00	0.37	-0.98	1.28	70.00	-890.00	-240.00	-0.06	-0.24	0.79	-230.00	-1010.00	-60.00	-0.24	0.18	0.67	10.00	-990.00	370.00	-0.55	-0.24	0.06
-300.00	-980.00	360.00	0.37	-0.98	1.28	70.00	-890.00	-240.00	0.00	-0.37	0.91	-240.00	-1010.00	-70.00	-0.37	0.24	0.43	10.00	-990.00	370.00	-0.55	-0.24	0.06
-300.00	-980.00	350.00	0.30	-0.67	1.52	70.00	-890.00	-240.00	0.12	-0.43	0.98	-240.00	-1010.00	-70.00	-0.55	0.73	0.06	10.00	-990.00	360.00	-0.55	-0.24	-0.12
-300.00	-980.00	350.00	0.30	-0.67	1.52	70.00	-890.00	-240.00	0.00	-0.37	1.10	-240.00	-1010.00	-70.00	-0.55	0.73	0.06	10.00	-980.00	370.00	-0.61	-0.18	-0.06
-300.00	-980.00	350.00	0.30	-0.67	1.52	70.00	-890.00	-250.00	-0.12	-0.49	1.04	-240.00	-1010.00	-70.00	-0.55	1.04	-0.55	10.00	-980.00	370.00	-0.61	-0.18	-0.06
-300.00	-980.00	360.00	0.55	-0.98	1.52	70.00	-890.00	-240.00	0.06	-0.67	0.91	-230.00	-1010.00	-80.00	-0.55	1.04	-0.55	10.00	-990.00	370.00	-0.67	-0.18	0.06
-300.00	-980.00	360.00	0.55	-0.98	1.52	70.00	-890.00	-240.00	0.00	-0.61	0.91	-230.00	-1010.00	-80.00	-0.55	1.04	-0.55	10.00	-990.00	370.00	-0.67	-0.18	0.06
-300.00	-980.00	360.00	0.55	-0.98	1.52	70.00	-890.00	-240.00	-0.06	-0.55	0.79	-240.00	-1010.00	-80.00	-0.61	1.04	-0.61	10.00	-990.00	370.00	-0.98	-0.30	0.85
-300.00	-980.00	360.00	0.37	-0.85	1.04	70.00	-880.00	-240.00	-0.06	-0.43	0.79	-230.00	-1020.00	-70.00	-0.55	0.67	-0.67	10.00	-990.00	370.00	-1.40	-0.61	1.16
-310.00	-980.00	360.00	0.37	-0.85	1.04	60.00	-880.00	-240.00	-0.12	-0.30	0.73	-230.00	-1020.00	-70.00	-0.55	0.67	-0.67	10.00	-990.00	370.00	-1.40	-0.61	1.16
-310.00	-980.00	360.00	0.37	-0.85	1.04	60.00	-880.00	-240.00	-0.18	-0.43	0.61	-230.00	-1020.00	-70.00	-0.55	0.67	-0.67	10.00	-990.00	370.00	-1.40	-0.61	1.16
-310.00	-980.00	360.00	0.37	-0.49	1.10	70.00	-880.00	-240.00	-0.30	-0.37	0.67	-240.00	-1010.00	-70.00	-0.67	0.67	-0.91	10.00	-990.00	370.00	-1.34	-0.49	1.04
-300.00	-980.00	360.00	0.37	-0.49	1.10	70.00	-890.00	-240.00	-0.43	-0.30	0.67	-240.00	-1010.00	-70.00	-0.73	0.79	-0.91	20.00	-990.00	370.00	-1.28	-0.43	0.98
-300.00	-970.00	360.00	0.37	-0.49	1.10	70.00	-880.00	-240.00	-0.43	-0.18	0.67	-240.00	-1010.00	-70.00	-0.37	0.67	-0.37	20.00	-1000.00	370.00	-1.28	-0.43	0.98
-300.00	-970.00	360.00	0.30	-0.55	1.16	60.00	-880.00	-240.00	-0.43	-0.12	0.79	-240.00	-1010.00	-80.00	-0.37	0.67	-0.37	20.00	-980.00	370.00	-1.34	-0.49	0.73
-300.00	-980.00	360.00	0.30	-0.55	1.16	70.00	-880.00	-240.00	-0.49	-0.12	0.85	-230.00	-1020.00	-70.00	-0.37	0.67	-0.37	10.00	-990.00	360.00	-1.34	-0.30	0.91
-300.00	-980.00	360.00	0.30	-0.55	1.16	70.00	-890.00	-240.00	-0.43	-0.12	0.85	-230.00	-1020.00	-70.00	-0.37	0.67	0.61	10.00	-990.00	360.00	-1.34	-0.30	0.91
-300.00	-980.00	360.00	0.06	-0.37	1.28	70.00	-890.00	-230.00	-0.49	-0.06	0.85	-230.00	-1020.00	-70.00	-0.37	0.67	0.61	10.00	-990.00	370.00	-1.46	-0.37	1.04
-310.00	-980.00	350.00	0.06	-0.43	1.52	60.00	-890.00	-240.00	-0.43	-0.12	0.85	-240.00	-1020.00	-70.00	-0.30	0.79	0.67	10.00	-990.00	360.00	-1.71	-0.43	0.91
-310.00	-980.00	350.00	0.06	-0.43	1.52	70.00	-890.00	-240.00	-0.37	-0.12	0.79	-240.00	-1020.00	-70.00	-0.55	0.67	0.49	10.00	-990.00	360.00	-2.26	-0.30	1.52
-310.00	-980.00	350.00	0.06	-0.43	1.52	70.00	-880.00	-240.00	-0.49	-0.12	0.67	-240.00	-1020.00	-70.00	-0.55	0.67	0.49	10.00	-990.00	370.00	-2.26	-0.30	1.52
-310.00	-980.00	360.00	-0.06	-0.43	1.46	70.00	-880.00	-240.00	-0.61	0.06	0.79	-230.00	-1010.00	-70.00	-0.55	0.73	0.37	10.00	-990.00	370.00	-2.93	-0.24	2.07
-300.00	-980.00	360.00	-0.06	-0.43	1.46	60.00	-880.00	-240.00	-0.67	0.06	0.61	-230.00	-1010.00	-70.00	-0.55	0.73	0.37	10.00	-990.00	370.00	-3.35	0.00	2.87
-300.00	-980.00	360.00	-0.06	-0.49	1.40	60.00	-890.00	-240.00	-0.61	0.12	0.55	-230.00	-1020.00	-70.00	-0.43	0.12	0.43	10.00	-990.00	370.00	-3.35	0.00	2.87
-310.00	-980.00	350.00	-0.18	-0.49	1.34	60.00	-880.00	-240.00	-0.67	0.18	0.61	-230.00	-1020.00	-70.00	-0.43	0.12	0.43	10.00	-980.00	370.00	-3.48	0.00	2.99
-300.00	-990.00	360.00	-0.06	-0.55	1.28	70.00	-890.00	-240.00	-0.79	0.30	0.79	-230.00	-1020.00	-70.00	-0.49	0.12	0.43	20.00	-990.00	380.00	-4.94	0.37	4.27
-300.00	-990.00	360.00	-0.06	-0.61	1.28	70.00	-890.00	-240.00	-0.79	0.24	0.73	-230.00	-1020.00	-80.00	-0.49	-0.18	0.30	20.00	-990.00	380.00	-4.76	0.55	3.78
-300.00	-980.00	360.00	0.06	-0.73	1.40	70.00	-890.00	-240.00	-0.79	0.30	0.91	-230.00	-1020.00	-80.00	-0.49	-0.18	0.30	20.00	-990.00	380.00	-4.76	0.55	3.78
-310.00	-980.00	360.00	0.12	-0.73	1.52	70.00	-890.00	-240.00	-0.67	0.24	0.91	-240.00	-1010.00	-70.00	-0.06	-0.91	0.67	10.00	-990.00	370.00	-3.96	1.04	2.44
-310.00	-980.00	360.00	0.06	-0.61	1.59	70.00	-880.00	-240.00	-0.79	0.12	1.04	-240.00	-1010.00	-70.00	-0.06	-0.91	0.67	10.00	-990.00	370.00	-3.48	1.16	1.83
-310.00	-980.00	360.00	0.00	-0.67	1.71	70.00	-890.00	-240.00	-0.73	-0.06	1.10	-230.00	-1010.00	-80.00	1.28	-3.17	1.71	10.00	-990.00	370.00	-3.48	1.16	1.83
-310.00	-980.00	360.00	-0.06	-0.73	1.83	70.00	-890.00	-240.00	-0.55	-0.18	0.98	-230.00	-1010.00	-80.00	1.59	-3.66	2.38	20.00	-990.00	370.00	-3.11	1.10	1.34
-310.00	-980.00	350.00	0.00	-0.79	2.01	70.00	-890.00	-240.00	-0.49	-0.30	0.98	-230.00	-1010.00	-80.00	1.59	-3.66	2.38	-10.00	-990.00	360.00	-2.32	1.04	0.37
-310.00	-980.00	360.00	-0.12	-0.67	2.01	70.00	-880.00	-240.00	-0.67	-0.30	0.91	-240.00	-1010.00	-70.00	1.59	-3.05	2.68	-10.00	-990.00	350.00	-2.32	1.04	0.37
-300.00	-980.00	360.00	0.00	-0.67	1.95	70.00	-890.00	-240.00	-0.73	-0.12	0.85	-240.00	-1010.00	-70.00	2.44	-3.54	5.43	-10.00	-980.00	350.00	-0.98	0.12	-0.12
-300.00	-990.00	370.00	0.18	-0.73	2.07	70.00	-890.00	-240.00	-0.61	-0.06	0.85	-240.00	-1010.00	-70.00	2.74	-3.05	6.46	0.00	-990.00	350.00	-0.73	0.00	-0.12
-300.00	-990.00	360.00	0.18	-0.85	2.13	70.00	-880.00	-240.00	-0.91	0.00	0.79	-240.00	-1010.00	-70.00	2.74	-3.05	6.46	-10.00	-990.00	350.00	-0.55	-0.43	0.00
-300.00	-990.00	360.00	0.24	-0.85	2.32	60.00	-880.00	-230.00	-0.91	0.00	0.79	-230.00	-1020.00	-70.00	2.87	-2.07	6.04	-0.00	-980.00	360.00	-0.55	-0.43	0.00
-310.00	-980.00	360.00	0.43	-0.98	2.44	60.00	-880.00	-240.00	-0.91	0.00	0.79	-230.00	-1020.00	-70.00	2.74	-2.13	5.61	-10.00	-980.00	350.00	-0.43	-0.61	0.12
-300.00	-980.00	360.00	0.55	-0.73	2.50	60.00	-880.00	-240.00	-0.91	-0.18	0.91	-230.00	-1020.00	-70.00	2.74	-2.13	5.61	-0.00	-990.00	350.00	-0.55	-0.43	0.30
-300.00	-980.00	360.00	0.73	-0.91	2.74	60.00	-890.00	-240.00	-0.91	-0.18	0.91	-240.00	-1020.00	-70.00	1.95	-1.46	4.57	10.00	-1000.00	350.00	-0.55	-0.43	0.30
-310.00	-990.00	360.00	0.49	-0.79	2.80	60.00	-890.00	-240.00	-0.91	-0.18	0.91	-240.00	-1020.00	-70.00	1.95	-1.46	4.57	10.00	-1000.00	350.00	-0.67	-0.24	0.24
-300.00	-980.00	350.00	0.61	-0.85	3.17	60.00	-890.00	-240.00	-0.98	-0.24	1.04	-240.00	-1020.00	-70.00	1.59	-1.16	3.54	0.00	-990.00	350.00	-0.73	-0.18	0.18
-310.00	-980.00	360.00	0.79	-0.91	3.41	70.00	-890.00	-240.00	-0.85	-0.30	1.04	-240.00	-1020.00	-70.00	0.61	-0.43	2.01	0.00	-990.00	350.00	-0.98	0.00	0.12
-310.00	-990.00	360.00	0.79	-1.22	3.54	60.00	-890.00	-240.00	-0.85	-0.30	1.04	-240.00	-1030.00	-60.00	0.43	-0.24	1.46	0.00	-1000.00	350.00	-1.04	0.00	0.18
-300.00	-990.00	360.00	0.73	-1.59	3.48	60.00	-890.00	-240.00	-0.91	-0.49	1.04	-240.00	-1030.00	-60.00	0.43	-0.24	1.46	-0.00	-990.00	360.00	-1.04	0.00	0.18
-310.00	-990.00	370.00	0.73	-1.71	3.23	70.00	-890.00	-240.00	-0.79	-0.49	0.91	-240.00	-1020.00	-70.00	-0.37	0.61	0.61	0.00	-990.00	360.00	-1.04	-0.06	0.06
-310.00	-980.00	360.00	0.79	-1.83	2.93	70.00	-890.00	-240.00	-0.79	-0.49	0.91	-260.00	-1010.00	-90.00	-0.37	0.61	0.61	0.00	-990.00	350.00	-1.04	-0.06	0.06
-310.00	-990.00	360.00	0.85	-1.95	2.44	70.00	-890.00	-240.00	-0.73	-0.55	1.04	-250.00	-1010.00	-80.00	-1.46	1.04	-1.04	0.00	-990.00	350.00	-0.85	-0.18	-0.12
-310.00	-980.00	350.00	0.98	-2.20	2.13	70.00	-890.00	-240.00	-0.73	-0.79	1.04	-250.00	-1010.00	-80.00	-1.46	1.04	-1.04	0.00	-990.00	360.00	-0.73	-0.24	-0.30
-310.00	-990.00	350.00	0.98	-2.13	1.95	70.00	-880.00	-240.00	-0.73	-0.79	1.04	-250.00	-1010.00	-80.00	-1.46	1.04	-1.04	0.00	-990.00	360.00	0.24	-0.30	-0.61
-310.00	-980.00	350.00	1.10	-2.32	1.83	70.00	-880.00	-240.00	-0.79	-0.73	0.85	-260.00	-1000.00	-70.00	-1.22	1.22	-0.98	-0.00	-990.00	350.00	-0.06	-0.30	-0.79
-310.00	-980.00	350.00	1.16	-2.32	1.77	70.00	-890.00	-240.00	-0.61	-0.98	0.67	-250.00	-1000.00	-70.00	-1.22	1.22	-0.98	0.00	-990.00	350.00	-0.06	-0.30	-0.79
-310.00	-980.00	360.00	1.10	-2.01	1.71	70.00	-890.00	-240.00	-0.43	-1.16	0.55	-250.00	-1000.00	-70.00	-1.10	1.04	-0.67	-0.00	-990.00	350.00	-0.73	-0.24	-0.37
-310.00	-970.00	340.00	1.10	-1.71	1.52	70.00	-890.00	-240.00	0.00	-1.71	0.30	-250.00	-1010.00	-60.00	-1.04	1.10	-0.43	-10.00	-990.00	350.00	-0.73	-0.12	-0.24
-310.00	-980.00	350.00	0.55	-1.46	0.98	70.00	-890.00	-230.00	0.00	-1.71	0.30	-250.00	-1010.00	-60.00	-1.04	1.10	-0.43	-10.00	-990.00	350.00	-0.73	-0.12	-0.24
-310.00	-970.00	350.00	0.55	-1.46	0.98	70.00	-890.00	-240.00	0.00	-1.71	0.30	-250.00	-1000.00	-70.00	-1.04	1.10	-0.49	0.00	-1000.00	340.00	-1.40	0.06	0.06
-310.00	-980.00	360.00	0.55	-1.40	0.91	60.00	-900.00	-240.00	-0.12	-1.65	-0.12	-250.00	-1000.00	-70.00	-0.91	1.10	-0.49	0.00	-990.00	350.00	-1.65	0.00	0.55
-310.00	-970.00	360.00	0.30	-1.16	0.85	70.00	-880.00	-250.00	-0.12	-1.65	-0.12	-250.00	-1010.00	-70.00	-0.43	0.49	-0.43	0.00	-990.00	360.00	-2.44	1.83	2.38
-310.00	-970.00	360.00	0.30	-1.16	0.85	70.00	-880.00	-250.00	-0.12	-1.65	-0.12	-250.00	-1000.00	-70.00	-0.43	0.49	-0.43	0.00	-990.00	360.00	-2.44	1.83	2.38
-310.00	-980.00	360.00	0.30	-1.16	0.85	70.00	-880.00	-250.00	-0.06	-1.46	-0.24	-250.00	-1000.00	-70.00	-0.55	0.61	-0.37	10.00	-990.00	360.00	-2.20	4.27	4.45
-310.00	-980.00	360.00	0.49	-1.28	1.71	60.00	-880.00	-250.00	-0.06	-1.46	-0.24	-250.00	-1010.00	-70.00	-0.49	0.79	-0.55	10.00	-990.00	360.00	-2.87	8.11	7.32
-310.00	-980.00	360.00	0.24	-0.79	2.20	60.00	-880.00	-250.00	-0.06	-1.46	-0.24	-250.00	-1010.00	-60.00	-0.49	0.79	-0.55	10.00	-990.00	360.00	-2.87	8.11	7.32
-310.00	-980.00	360.00	0.24	-0.79	2.20	60.00	-880.00	-250.00	-0.12	-1.16	-0.18	-250.00	-1010.00	-60.00	-0.67	0.98	-0.61	10.00	-990.00	360.00	-4.57	8.35	8.66
-310.00	-990.00	360.00	0.30	-0.61	2.13	50.00	-870.00	-250.00	-0.12	-1.16	-0.18	-250.00	-1010.00	-70.00	-1.10	1.40	-0.79	0.00	-990.00	350.00	-6.04	8.54	10.12
-310.00	-990.00	360.00	0.55	-0.24	1.83	60.00	-880.00	-250.00	-0.12	-1.16	-0.18	-250.00	-1010.00	-70.00	-1.10	1.40	-0.79	20.00	-1000.00	380.00	-6.10	8.90	10.98
-310.00	-990.00	360.00	0.55	-0.24	1.83	60.00	-880.00	-250.00	-0.37	-0.37	-0.30	-250.00	-1010.00	-70.00	-1.28	1.46	-1.04	30.00	-990.00	390.00	-5.91	9.76	10.37
-310.00	-990.00	360.00	0.55	0.00	1.83	60.00	-890.00	-240.00	-0.37	-0.37	-0.30	-250.00	-1010.00	-60.00	-1.28	1.46	-1.04	10.00	-980.00	410.00	-5.91	9.76	10.37
-310.00	-980.00	360.00	0.61	0.06	1.89	60.00	-890.00	-240.00	-0.37	-0.37	-0.30	-240.00	-1020.00	-70.00	-1.10	1.16	-1.34	10.00	-970.00	410.00	-3.48	10.18	6.89
-310.00	-980.00	360.00	0.61	0.06	1.89	60.00	-890.00	-240.00	-0.37	-0.24	-0.18	-250.00	-1010.00	-70.00	-1.10	1.16	-1.34	10.00	-990.00	390.00	-3.48	10.18	6.89
-310.00	-980.00	360.00	0.49	0.12	1.71	60.00	-880.00	-240.00	-0.73	-0.06	0.00	-250.00	-1020.00	-70.00	-0.98	0.85	-1.52	10.00	-990.00	390.00	-1.04	9.57	5.12
-310.00	-980.00	350.00	0.49	0.12	1.71	60.00	-880.00	-240.00	-0.73	-0.06	0.00	-240.00	-1010.00	-70.00	-0.91	0.85	-1.65	-10.00	-1000.00	360.00	1.34	9.27	3.48
-310.00	-980.00	350.00	0.43	0.43	1.65	60.00	-880.00	-240.00	-0.73	0.00	0.37	-250.00	-1010.00	-70.00	-0.91	0.85	-1.65	-10.00	-1000.00	360.00	4.82	8.78	1.52
-310.00	-980.00	360.00	0.43	0.43	1.65	60.00	-880.00	-240.00	-0.55	-0.30	0.67	-250.00	-1010.00	-70.00	-1.28	1.16	-1.77	-20.00	-1000.00	340.00	7.68	3.60	0.06
-310.00	-980.00	360.00	0.49	0.49	1.46	60.00	-880.00	-240.00	-0.55	-0.30	0.67	-250.00	-1010.00	-70.00	-1.28	1.16	-1.77	-30.00	-1000.00	320.00	9.63	0.55	-1.16
-310.00	-980.00	360.00	0.61	0.30	1.52	60.00	-880.00	-240.00	-0.61	-0.49	0.98	-250.00	-1010.00	-70.00	-2.20	1.77	-2.32	-40.00	-1000.00	310.00	10.55	-1.83	-2.26
-310.00	-980.00	360.00	0.61	0.30	1.52	70.00	-880.00	-240.00	-0.61	-0.49	1.10	-250.00	-1000.00	-70.00	-2.20	1.77	-2.32	-30.00	-1000.00	310.00	10.18	-3.23	-2.44
-310.00	-980.00	370.00	0.67	0.55	1.40	70.00	-880.00	-250.00	-0.55	-0.49	1.28	-250.00	-1000.00	-70.00	-2.38	2.07	-2.38	-30.00	-1000.00	310.00	8.54	-5.00	-1.10
-320.00	-980.00	360.00	0.67	0.55	1.40	70.00	-890.00	-240.00	-0.55	-0.55	1.46	-240.00	-1010.00	-70.00	-1.59	1.16	-1.52	-60.00	-990.00	270.00	7.74	-5.24	-0.30
-320.00	-980.00	360.00	0.85	0.61	1.28	70.00	-890.00	-240.00	-0.67	-0.49	1.46	-250.00	-1010.00	-80.00	-1.59	1.16	-1.52	-40.00	-990.00	300.00	7.74	-5.24	-0.30
-320.00	-980.00	360.00	0.79	1.28	0.67	60.00	-890.00	-240.00	-0.61	-0.49	1.46	-250.00	-1010.00	-80.00	-1.22	0.73	-1.28	-40.00	-990.00	300.00	6.52	-6.34	2.50
-320.00	-980.00	360.00	0.79	1.28	0.67	70.00	-890.00	-240.00	-0.67	-0.43	1.34	-250.00	-1010.00	-80.00	-1.22	0.73	-1.28	-10.00	-970.00	360.00	6.52	-6.34	2.50
-310.00	-980.00	360.00	0.98	1.59	0.37	70.00	-890.00	-240.00	-0.61	-0.43	1.28	-250.00	-1010.00	-80.00	-0.67	0.43	-0.67	-10.00	-970.00	380.00	5.00	-7.20	5.73
-310.00	-980.00	360.00	0.98	1.59	0.37	60.00	-890.00	-240.00	-0.55	-0.37	1.16	-240.00	-1020.00	-70.00	-0.67	0.43	-0.67	-10.00	-970.00	380.00	4.15	-7.38	7.68
-310.00	-970.00	350.00	2.20	2.32	-1.28	70.00	-890.00	-240.00	-0.61	-0.24	1.10	-240.00	-1020.00	-70.00	-0.49	0.61	-0.18	-0.00	-990.00	380.00	4.15	-7.38	7.68
-320.00	-970.00	370.00	2.20	2.32	-1.28	60.00	-880.00	-240.00	-0.61	-0.18	1.04	-250.00	-1010.00	-70.00	-0.73	1.04	-0.06	-10.00	-990.00	370.00	5.91	-7.80	9.09
-320.00	-970.00	370.00	3.11	3.11	-2.07	60.00	-880.00	-240.00	-0.73	0.06	0.98	-240.00	-1020.00	-70.00	-0.73	1.04	-0.06	0.00	-1010.00	370.00	5.91	-7.80	9.09
-310.00	-970.00	370.00	4.21	3.29	-2.68	60.00	-880.00	-240.00	-0.67	0.24	0.98	-240.00	-1020.00	-70.00	-0.98	1.16	-0.37	10.00	-1010.00	370.00	10.49	-12.44	8.29
-330.00	-960.00	350.00	5.61	2.56	-2.68	60.00	-880.00	-250.00	-0.79	0.49	0.91	-240.00	-1020.00	-70.00	-0.98	1.16	-0.37	-0.00	-1000.00	380.00	10.49	-12.44	8.29
-330.00	-960.00	350.00	5.61	2.56	-2.68	60.00	-880.00	-240.00	-0.85	0.67	0.98	-240.00	-1020.00	-70.00	-0.79	-4.88	-1.59	-10.00	-990.00	380.00	12.74	-15.79	10.24
-330.00	-960.00	350.00	7.01	1.83	-2.13	50.00	-880.00	-250.00	-0.91	0.61	0.98	-240.00	-1010.00	-70.00	-0.79	-4.88	-1.59	-20.00	-990.00	360.00	16.10	-16.10	9.51
-330.00	-960.00	350.00	7.50	1.22	-0.55	50.00	-880.00	-240.00	-0.98	0.61	1.04	-240.00	-1010.00	-70.00	-1.65	-6.65	-0.85	-30.00	-980.00	360.00	16.10	-16.10	9.51
-330.00	-960.00	350.00	7.50	1.22	-0.55	60.00	-880.00	-240.00	-0.98	0.73	0.98	-240.00	-1020.00	-70.00	-5.37	-4.70	-0.67	-30.00	-980.00	360.00	9.82	-6.65	6.16
-330.00	-960.00	350.00	7.20	2.07	0.24	60.00	-880.00	-240.00	-1.04	0.79	0.85	-240.00	-1020.00	-70.00	-5.37	-4.70	-0.67	-30.00	-980.00	360.00	5.43	-2.13	8.17
-330.00	-980.00	340.00	6.65	3.60	0.91	60.00	-880.00	-240.00	-1.10	0.98	0.91	-240.00	-1020.00	-70.00	-7.38	-1.10	-2.26	-20.00	-980.00	360.00	5.43	-2.13	8.17
-320.00	-1000.00	330.00	4.94	6.52	4.27	60.00	-890.00	-240.00	-1.04	0.91	0.79	-240.00	-1020.00	-70.00	-7.38	-1.10	-2.26	-40.00	-990.00	350.00	3.84	-0.55	8.35
-320.00	-1000.00	330.00	4.94	6.52	4.27	60.00	-880.00	-240.00	-1.10	0.85	0.73	-240.00	-1020.00	-70.00	-7.44	2.80	-4.51	-40.00	-990.00	350.00	2.26	1.46	7.32
-310.00	-990.00	350.00	5.91	6.46	5.30	60.00	-890.00	-240.00	-1.10	0.98	0.55	-240.00	-1010.00	-70.00	-7.44	2.80	-4.51	-50.00	-960.00	390.00	0.24	2.68	6.04
-300.00	-990.00	370.00	6.95	6.16	6.46	60.00	-890.00	-240.00	-1.16	0.98	0.55	-240.00	-1010.00	-70.00	-6.89	4.63	-4.82	10.00	-1010.00	420.00	-0.55	2.13	6.04
-290.00	-990.00	390.00	8.54	5.61	7.93	60.00	-890.00	-240.00	-1.22	0.91	0.55	-250.00	-1020.00	-60.00	-4.45	6.34	-4.33	10.00	-1010.00	420.00	-0.55	2.13	6.04
-290.00	-990.00	390.00	8.54	5.61	7.93	60.00	-890.00	-240.00	-1.34	0.67	0.55	-240.00	-1030.00	-40.00	-4.45	6.34	-4.33	-40.00	-990.00	410.00	0.49	-1.04	8.54
-300.00	-980.00	410.00	10.06	5.30	9.88	60.00	-880.00	-240.00	-1.22	0.49	0.61	-240.00	-1030.00	-40.00	-2.87	6.95	-3.41	-50.00	-980.00	420.00	0.49	-1.04	8.54
-310.00	-1000.00	380.00	12.38	2.44	28.72	60.00	-890.00	-240.00	-1.16	0.37	0.55	-230.00	-1030.00	-20.00	-2.87	6.95	-3.41	-50.00	-980.00	420.00	1.22	-2.13	10.24
-310.00	-1020.00	360.00	12.44	2.13	30.49	60.00	-890.00	-250.00	-1.40	0.30	0.37	-230.00	-1030.00	-20.00	0.85	9.09	-2.44	-30.00	-980.00	410.00	1.22	-2.13	10.24
-310.00	-1020.00	360.00	12.44	2.13	30.49	70.00	-890.00	-250.00	-1.71	0.24	0.18	-240.00	-1020.00	-30.00	0.98	10.85	-3.29	-30.00	-980.00	410.00	3.60	-4.63	14.21
-300.00	-1030.00	350.00	13.17	-0.37	36.16	60.00	-890.00	-250.00	-1.71	-0.06	0.06	-240.00	-1020.00	-30.00	0.98	10.85	-3.29	-50.00	-990.00	410.00	3.60	-4.63	14.21
-300.00	-1030.00	370.00	11.59	-1.34	38.17	60.00	-890.00	-240.00	-1.95	-0.18	-0.12	-240.00	-1020.00	-50.00	0.49	3.41	-5.06	-40.00	-980.00	400.00	4.63	-5.12	15.67
-300.00	-1030.00	370.00	11.59	-1.34	38.17	60.00	-880.00	-240.00	-2.01	-0.67	-0.55	-250.00	-1000.00	-80.00	0.49	3.41	-5.06	-40.00	-960.00	410.00	5.30	-4.76	17.26
-300.00	-1030.00	370.00	10.37	-0.12	36.71	60.00	-880.00	-230.00	-2.01	-0.73	-1.10	-250.00	-1000.00	-80.00	1.95	-0.12	-2.99	-30.00	-970.00	390.00	5.18	-4.09	18.78
-300.00	-1060.00	400.00	8.72	3.66	37.62	50.00	-870.00	-230.00	-1.34	-1.16	-1.52	-250.00	-990.00	-100.00	1.95	-0.12	-2.99	-30.00	-970.00	390.00	4.02	-2.62	20.00
-320.00	-1030.00	390.00	11.40	-0.12	46.46	50.00	-870.00	-240.00	-0.55	-1.89	-1.77	-250.00	-990.00	-100.00	0.43	-3.41	0.73	-30.00	-980.00	400.00	4.02	-2.62	20.00
-340.00	-1030.00	380.00	13.90	-1.10	47.07	40.00	-870.00	-230.00	0.73	-2.26	-1.83	-250.00	-990.00	-110.00	-0.55	-3.41	1.89	-30.00	-990.00	400.00	1.71	0.12	20.79
-340.00	-1020.00	360.00	21.10	-3.48	45.61	50.00	-860.00	-240.00	1.71	-2.38	-1.59	-250.00	-980.00	-100.00	-1.77	-2.26	3.11	-30.00	-980.00	410.00	1.71	0.12	20.79
-290.00	-1080.00	450.00	28.60	-5.00	43.96	50.00	-860.00	-270.00	2.32	-2.44	-1.22	-250.00	-980.00	-100.00	-1.77	-2.26	3.11	-30.00	-980.00	410.00	1.10	0.00	20.49
-370.00	-1020.00	390.00	21.59	-4.09	64.88	60.00	-850.00	-280.00	2.56	-2.26	-0.37	-240.00	-950.00	-120.00	-1.65	-1.71	4.15	-30.00	-980.00	440.00	0.61	-0.30	20.37
-380.00	-1020.00	410.00	26.83	-7.13	68.96	70.00	-870.00	-270.00	2.13	-2.01	0.73	-240.00	-950.00	-120.00	1.34	-4.39	9.09	-30.00	-980.00	440.00	0.43	0.06	20.12
-350.00	-1030.00	410.00	26.83	-7.13	68.96	70.00	-880.00	-260.00	1.52	-1.34	1.83	-240.00	-960.00	-170.00	2.62	-5.37	11.95	-50.00	-970.00	440.00	1.77	0.79	18.72
-370.00	-1070.00	400.00	23.23	-4.57	82.26	80.00	-890.00	-240.00	1.04	-0.49	2.50	-240.00	-960.00	-170.00	2.62	-5.37	11.95	-60.00	-960.00	430.00	1.77	0.79	18.72
-370.00	-1110.00	420.00	22.68	-2.20	94.39	80.00	-900.00	-230.00	0.43	0.12	3.11	-230.00	-990.00	-120.00	0.43	-5.24	14.70	-70.00	-980.00	430.00	1.89	1.22	17.93
-370.00	-1110.00	420.00	28.60	-0.61	101.52	70.00	-910.00	-210.00	0.18	0.49	3.78	-230.00	-1020.00	-90.00	-0.37	-5.24	15.18	-60.00	-970.00	420.00	1.59	1.77	15.98
-350.00	-1040.00	340.00	37.74	3.23	107.93	70.00	-910.00	-210.00	0.43	0.43	4.39	-230.00	-1020.00	-90.00	-0.37	-5.24	15.18	-60.00	-970.00	420.00	1.59	1.77	15.98
-350.00	-1040.00	340.00	42.50	10.85	117.20	80.00	-910.00	-220.00	0.79	-0.06	5.24	-230.00	-1030.00	-60.00	-2.07	-4.70	16.59	-70.00	-990.00	400.00	1.52	0.79	15.49
-300.00	-1240.00	430.00	42.50	10.85	117.20	70.00	-900.00	-230.00	1.52	-0.55	6.46	-230.00	-1030.00	-60.00	-3.54	-2.32	16.95	-100.00	-970.00	410.00	1.52	0.61	14.76
-240.00	-1120.00	400.00	54.33	34.39	143.23	70.00	-910.00	-230.00	2.32	-1.10	7.93	-230.00	-1020.00	-70.00	-3.54	-2.32	16.95	-100.00	-970.00	410.00	1.52	0.61	14.45
-270.00	-1260.00	520.00	54.33	34.39	143.23	80.00	-900.00	-240.00	2.99	-1.28	9.70	-230.00	-1020.00	-70.00	-3.96	-2.80	17.07	-100.00	-940.00	430.00	1.52	0.61	14.45
-190.00	-1310.00	580.00	60.73	38.96	147.13	90.00	-890.00	-270.00	3.48	-1.52	11.95	-220.00	-1030.00	-80.00	-4.94	-1.46	15.85	-100.00	-950.00	420.00	1.46	0.43	14.88
-180.00	-1300.00	560.00	73.29	46.83	137.38	90.00	-910.00	-270.00	4.21	-1.46	13.96	-220.00	-1030.00	-80.00	-4.94	-1.46	15.85	-100.00	-950.00	420.00	0.85	0.12	16.10
-180.00	-1300.00	560.00	73.29	46.83	137.38	100.00	-910.00	-260.00	5.24	-1.89	15.18	-230.00	-1050.00	-80.00	-4.94	-1.46	15.85	-100.00	-950.00	420.00	0.37	-0.06	17.93
-210.00	-1410.00	640.00	74.70	42.56	128.23	100.00	-940.00	-250.00	5.98	-3.17	16.04	-240.00	-1030.00	-80.00	-3.41	-3.35	19.45	-90.00	-950.00	420.00	0.00	-0.24	19.33
-190.00	-1380.00	660.00	71.28	30.79	115.79	100.00	-940.00	-240.00	7.20	-4.15	17.99	-240.00	-1030.00	-80.00	-2.50	-3.17	20.85	-100.00	-970.00	420.00	-0.73	0.18	20.79
-220.00	-1390.00	620.00	67.74	12.80	103.23	120.00	-960.00	-240.00	8.29	-5.06	19.63	-250.00	-1000.00	-90.00	-2.50	-3.17	20.85	-100.00	-970.00	410.00	-1.46	0.55	22.62
-220.00	-1370.00	540.00	68.54	2.01	76.89	110.00	-960.00	-230.00	9.21	-5.49	21.16	-260.00	-1000.00	-70.00	-2.50	-3.17	20.85	-80.00	-990.00	410.00	-1.46	0.55	22.62
-220.00	-1370.00	540.00	68.54	2.01	76.89	100.00	-960.00	-230.00	10.24	-6.34	22.26	-260.00	-1000.00	-70.00	-2.44	-6.28	18.41	-90.00	-1000.00	410.00	-2.32	1.22	23.90
-340.00	-1270.00	330.00	33.17	-12.87	-25.67	100.00	-960.00	-220.00	11.10	-7.62	23.41	-260.00	-1000.00	-70.00	-2.44	-6.28	18.41	-90.00	-990.00	410.00	-2.99	1.95	24.82
-510.00	-1130.00	150.00	33.17	-12.87	-25.67	80.00	-950.00	-230.00	11.89	-9.70	24.39	-270.00	-990.00	-70.00	-2.44	-6.28	18.41	-90.00	-990.00	410.00	-3.72	2.74	25.98
-510.00	-1130.00	150.00	18.17	-36.89	-51.59	90.00	-950.00	-240.00	12.32	-12.62	25.12	-270.00	-990.00	-70.00	1.46	-7.13	14.51	-100.00	-1000.00	420.00	-4.76	4.39	27.74
230.00	-750.00	-70.00	5.98	-57.44	-67.38	90.00	-930.00	-250.00	12.32	-13.78	25.98	-270.00	-990.00	-70.00	1.46	-7.13	14.51	-100.00	-980.00	420.00	-5.37	5.37	28.78
230.00	-750.00	-70.00	-1.52	-71.65	-85.30	100.00	-940.00	-250.00	12.80	-14.57	27.13	-270.00	-980.00	-90.00	1.46	-7.13	14.51	-120.00	-970.00	430.00	-5.37	5.37	28.78
550.00	-690.00	-180.00	-7.38	-80.43	-103.84	140.00	-940.00	-240.00	12.74	-15.00	28.60	-260.00	-990.00	-90.00	4.09	-7.74	14.21	-110.00	-990.00	430.00	-7.38	7.93	31.71
620.00	-490.00	-160.00	-7.38	-80.43	-103.84	80.00	-940.00	-240.00	12.38	-14.63	30.24	-260.00	-990.00	-90.00	7.20	-11.89	13.72	-110.00	-990.00	430.00	-9.02	9.45	34.51
650.00	-660.00	-300.00	-21.89	-77.87	-122.56	50.00	-920.00	-230.00	13.48	-14.88	31.89	-270.00	-1000.00	-100.00	7.20	-11.89	13.72	-110.00	-990.00	430.00	-9.02	9.45	34.51
790.00	-580.00	-260.00	-36.22	-70.61	-137.99	50.00	-950.00	-230.00	13.23	-15.12	34.33	-280.00	-980.00	-110.00	7.20	-11.89	13.72	-140.00	-990.00	420.00	-13.90	14.51	41.46
790.00	-580.00	-260.00	-50.00	-59.70	-154.70	70.00	-940.00	-230.00	12.44	-15.67	37.62	-280.00	-980.00	-110.00	6.52	-10.73	13.60	-140.00	-1010.00	410.00	-13.90	14.51	41.46
620.00	-580.00	-130.00	-76.83	-32.07	-191.83	70.00	-950.00	-240.00	13.54	-17.20	41.65	-280.00	-980.00	-110.00	6.52	-10.73	13.60	-140.00	-1010.00	410.00	-17.32	17.38	45.55
620.00	-580.00	-130.00	-87.93	-20.24	-206.77	70.00	-950.00	-260.00	14.70	-19.09	46.10	-280.00	-1020.00	-80.00	6.52	-10.73	13.60	-150.00	-1030.00	410.00	-21.04	20.55	50.43
600.00	-620.00	-80.00	-87.93	-20.24	-206.77	90.00	-950.00	-260.00	12.99	-21.10	51.77	-280.00	-1020.00	-80.00	6.77	-10.85	15.24	-130.00	-1020.00	440.00	-20.18	23.72	48.35
560.00	-700.00	10.00	-100.18	-8.90	-225.37	100.00	-990.00	-270.00	13.23	-24.94	57.99	-280.00	-1020.00	-80.00	6.46	-8.96	18.72	-130.00	-1020.00	440.00	-17.93	25.61	44.76
440.00	-750.00	110.00	-100.18	-8.90	-225.37	120.00	-970.00	-280.00	12.93	-28.96	65.18	-290.00	-1030.00	-40.00	6.46	-8.96	18.72	-140.00	-1020.00	450.00	-23.90	35.49	56.40
440.00	-750.00	110.00	-101.28	-8.11	-231.46	140.00	-990.00	-290.00	12.20	-34.51	73.11	-290.00	-1020.00	-80.00	6.46	-8.96	18.72	-140.00	-1050.00	440.00	-23.90	35.49	56.40
200.00	-1020.00	310.00	-101.28	-8.11	-231.46	170.00	-1030.00	-280.00	11.22	-37.93	81.04	-290.00	-1020.00	-80.00	6.71	-10.49	23.54	-140.00	-1060.00	420.00	-25.98	36.46	61.95
200.00	-1020.00	310.00	-100.55	-13.23	-239.51	200.00	-1060.00	-290.00	13.72	-42.44	89.94	-290.00	-1020.00	-80.00	6.71	-10.49	23.54	-140.00	-1060.00	420.00	-25.98	36.46	61.95
110.00	-1100.00	390.00	-100.55	-13.23	-239.51	230.00	-1080.00	-270.00	16.22	-45.85	98.29	-310.00	-1010.00	-80.00	6.71	-10.49	23.54	-140.00	-1120.00	420.00	-36.46	61.46	107.32
30.00	-1180.00	480.00	-97.07	-21.16	-239.70	230.00	-1150.00	-230.00	18.35	-45.43	107.20	-310.00	-1010.00	-80.00	7.44	-14.39	25.49	-140.00	-1120.00	420.00	-36.46	61.46	107.32
-40.00	-1220.00	520.00	-91.89	-30.00	-237.74	240.00	-1140.00	-190.00	18.66	-43.66	116.34	-310.00	-1010.00	-80.00	8.72	-11.34	26.89	-160.00	-1150.00	420.00	-10.98	65.49	105.24
-40.00	-1220.00	520.00	-86.52	-36.10	-234.63	280.00	-1210.00	-180.00	18.35	-42.50	125.85	-320.00	-1010.00	-70.00	8.72	-11.34	26.89	-160.00	-1150.00	420.00	21.46	75.91	120.12
-100.00	-1260.00	540.00	-80.37	-37.87	-230.85	240.00	-1250.00	-200.00	17.26	-41.95	133.60	-310.00	-1000.00	-80.00	8.72	-11.34	26.89	-100.00	-1250.00	390.00	21.46	75.91	120.12
-210.00	-1300.00	580.00	-80.37	-37.87	-230.85	270.00	-1290.00	-190.00	17.38	-39.02	138.60	-310.00	-1000.00	-80.00	5.24	-7.62	25.91	-130.00	-1200.00	390.00	28.72	89.88	125.73
-210.00	-1300.00	580.00	-72.32	-21.04	-225.61	250.00	-1340.00	-170.00	20.00	-34.76	141.71	-310.00	-1000.00	-80.00	5.24	-7.62	25.91	-130.00	-1200.00	390.00	28.72	89.88	125.73
-230.00	-1330.00	600.00	-72.32	-21.04	-225.61	230.00	-1390.00	-140.00	23.60	-26.04	139.45	-320.00	-990.00	-70.00	5.24	-7.62	25.91	-120.00	-1180.00	410.00	29.51	125.24	150.67
-230.00	-1330.00	600.00	-70.06	-6.04	-221.16	220.00	-1320.00	-180.00	26.34	-22.32	129.82	-320.00	-990.00	-70.00	4.76	-8.48	26.83	-40.00	-1720.00	450.00	11.95	141.95	166.46
-220.00	-1410.00	650.00	-67.32	9.76	-215.37	200.00	-1260.00	-210.00	21.89	-26.89	99.33	-320.00	-990.00	-70.00	6.28	-5.43	23.78	30.00	-1770.00	430.00	11.95	141.95	166.46
-220.00	-1410.00	650.00	-65.06	24.09	-208.84	200.00	-1220.00	-320.00	-9.27	-42.56	48.66	-330.00	-1000.00	-60.00	6.28	-5.43	23.78	30.00	-1770.00	430.00	2.44	157.01	191.40
-240.00	-1430.00	650.00	-61.65	32.93	-199.33	270.00	-1230.00	-400.00	5.55	-41.10	29.33	-330.00	-1000.00	-70.00	6.28	-5.43	23.78	90.00	-1450.00	550.00	2.44	157.01	191.40
-280.00	-1460.00	650.00	-61.65	32.93	-199.33	330.00	-1220.00	-480.00	50.49	-14.15	63.23	-330.00	-1000.00	-70.00	4.57	-7.13	22.07	-50.00	-1010.00	490.00	13.23	167.01	195.49
-360.00	-1480.00	640.00	-49.51	24.02	-160.98	230.00	-1080.00	-520.00	37.62	-0.73	54.94	-330.00	-1000.00	-70.00	2.44	-10.73	21.22	-50.00	-1010.00	490.00	13.23	167.01	195.49
-470.00	-1480.00	630.00	-49.51	24.02	-160.98	240.00	-220.00	-440.00	16.89	2.99	10.06	-350.00	-1010.00	-20.00	2.44	-10.73	21.22	120.00	-1560.00	410.00	39.15	190.79	181.77
-470.00	-1480.00	630.00	-42.62	7.80	-132.13	-100.00	370.00	-270.00	7.38	1.22	-33.48	-350.00	-1010.00	-20.00	2.07	-7.01	19.45	120.00	-1560.00	410.00	39.15	190.79	181.77
-750.00	-1480.00	550.00	-9.63	-85.24	19.82	440.00	-360.00	-430.00	2.32	0.49	-54.51	-350.00	-1010.00	-20.00	-0.30	-0.67	15.30	50.00	-1670.00	420.00	39.15	190.79	181.77
-750.00	-1480.00	550.00	0.55	-94.02	47.93	940.00	-100.00	-280.00	7.13	4.15	-80.49	-360.00	-990.00	-30.00	-0.30	-0.67	15.30	50.00	-1670.00	420.00	97.01	221.71	118.29
-940.00	-1500.00	520.00	0.55	-94.02	47.93	1130.00	-140.00	-230.00	4.76	13.60	-108.78	-360.00	-1000.00	-50.00	-0.12	-2.93	16.16	-20.00	-1690.00	560.00	110.43	212.20	80.73
-1090.00	-1460.00	500.00	9.33	-89.15	68.23	900.00	-10.00	-210.00	-1.46	24.33	-128.72	-360.00	-1000.00	-50.00	-0.12	-2.93	16.16	-20.00	-1690.00	560.00	17.26	168.41	95.55
-1270.00	-1450.00	470.00	17.01	-69.94	79.82	860.00	-180.00	-160.00	-5.61	33.60	-144.76	-360.00	-1000.00	-50.00	2.80	-5.73	19.51	90.00	-1630.00	590.00	17.26	168.41	95.55
-1270.00	-1450.00	470.00	25.12	-38.48	82.26	800.00	-290.00	-160.00	-16.46	45.67	-161.04	-370.00	-980.00	-70.00	2.80	-5.73	19.51	130.00	-1590.00	670.00	25.37	247.99	-35.30
-1440.00	-1430.00	440.00	34.33	2.68	79.57	760.00	-330.00	-170.00	-30.79	62.26	-175.85	-400.00	-950.00	-40.00	4.57	-7.44	20.06	130.00	-1590.00	670.00	25.37	247.99	-35.30
-1320.00	-970.00	580.00	44.39	59.27	77.62	680.00	-450.00	-170.00	-39.94	77.93	-187.32	-400.00	-950.00	-40.00	7.32	-7.56	21.10	130.00	-1590.00	670.00	11.10	103.17	-9.39
-1320.00	-970.00	580.00	37.80	91.46	60.12	540.00	-650.00	-210.00	-44.45	89.09	-196.71	-400.00	-960.00	-30.00	7.32	-7.56	21.10	130.00	-1590.00	670.00	11.28	16.46	-33.60
-1110.00	-830.00	640.00	37.80	91.46	60.12	440.00	-740.00	-220.00	-49.70	96.65	-204.94	-440.00	-960.00	-10.00	7.87	-8.84	21.40	-50.00	440.00	360.00	29.88	-31.46	-57.20
-900.00	-730.00	670.00	38.17	97.20	52.38	410.00	-810.00	-220.00	-55.12	103.17	-211.28	-440.00	-960.00	-10.00	7.87	-8.84	21.40	-50.00	440.00	360.00	29.88	-31.46	-57.20
-720.00	-640.00	630.00	26.83	100.18	42.87	400.00	-900.00	-220.00	-57.80	108.60	-216.22	-420.00	-960.00	-20.00	10.00	-13.35	23.11	850.00	330.00	1030.00	29.39	-63.54	-66.77
-720.00	-640.00	630.00	4.70	83.05	65.98	370.00	-990.00	-200.00	-56.52	110.85	-219.76	-400.00	-990.00	-50.00	10.00	-13.35	23.11	-170.00	-2000.00	-150.00	77.62	-39.39	-183.90
-520.00	-350.00	480.00	4.70	83.05	65.98	320.00	-1060.00	-180.00	-54.27	109.57	-222.99	-400.00	-990.00	-50.00	11.59	-12.56	23.96	-810.00	-30.00	280.00	77.62	-39.39	-183.90
-520.00	-430.00	280.00	2.80	75.79	86.46	280.00	-1080.00	-180.00	-51.59	107.26	-225.98	-410.00	-1000.00	-50.00	13.60	-12.74	25.18	-270.00	-580.00	500.00	81.22	-40.79	-199.33
340.00	-620.00	170.00	1.95	63.78	97.80	270.00	-1090.00	-180.00	-47.38	105.43	-226.95	-410.00	-990.00	-50.00	13.60	-12.74	25.18	-270.00	-580.00	500.00	81.40	-63.05	-228.11
1090.00	-1040.00	-300.00	1.95	63.78	97.80	270.00	-1130.00	-180.00	-42.50	105.06	-225.43	-410.00	-990.00	-50.00	14.45	-15.30	24.88	300.00	-260.00	440.00	81.40	-63.05	-228.11
820.00	-2000.00	-710.00	17.74	-4.88	116.04	260.00	-1150.00	-180.00	-39.39	108.41	-221.28	-430.00	-990.00	-20.00	14.45	-15.30	24.88	300.00	-260.00	440.00	80.12	-74.09	-241.71
90.00	-1650.00	520.00	22.99	-38.60	111.95	250.00	-1170.00	-190.00	-37.80	115.06	-214.76	-430.00	-990.00	-20.00	17.20	-23.35	26.28	420.00	-360.00	370.00	79.94	-79.94	-253.48
90.00	-1650.00	520.00	-2.68	4.82	90.06	240.00	-1210.00	-210.00	-36.04	122.68	-205.85	-430.00	-990.00	-40.00	19.51	-23.29	28.29	190.00	-600.00	290.00	81.10	-82.56	-262.99
90.00	-1650.00	520.00	-2.68	4.82	90.06	180.00	-1270.00	-240.00	-35.18	129.09	-194.76	-430.00	-990.00	-40.00	19.51	-23.29	28.29	60.00	-590.00	280.00	81.10	-82.56	-262.99
-1020.00	-1650.00	1820.00	8.78	48.90	62.50	120.00	-1300.00	-270.00	-35.18	133.66	-181.77	-440.00	-1000.00	-0.00	21.83	-25.43	32.38	60.00	-590.00	280.00	84.27	-86.65	-271.83
-70.00	-1100.00	810.00	8.78	48.90	62.50	70.00	-1330.00	-310.00	-35.37	135.55	-167.99	-460.00	-970.00	-20.00	14.94	-30.98	34.82	-120.00	-750.00	250.00	85.49	-94.39	-273.35
-70.00	-1100.00	810.00	26.46	32.80	55.91	10.00	-1370.00	-360.00	-34.39	131.71	-154.51	-460.00	-970.00	-20.00	9.82	-34.88	34.82	-110.00	-820.00	250.00	85.00	-107.32	-273.54
460.00	-690.00	-90.00	25.98	30.18	44.82	-60.00	-1360.00	-410.00	-30.73	119.02	-140.24	-450.00	-970.00	-20.00	-8.23	14.82	69.39	-110.00	-820.00	250.00	83.11	-122.07	-272.62
-470.00	-1010.00	-180.00	18.29	34.39	43.17	-140.00	-1350.00	-470.00	-23.90	97.56	-125.12	-450.00	-970.00	-20.00	-20.37	32.50	71.22	-90.00	-910.00	250.00	80.61	-136.28	-269.63
-470.00	-1010.00	-180.00	10.37	37.80	42.32	-180.00	-1350.00	-490.00	-15.49	70.06	-108.78	-450.00	-970.00	-40.00	-20.37	32.50	71.22	-70.00	-990.00	250.00	80.61	-136.28	-269.63
-920.00	-1320.00	60.00	10.37	37.80	42.32	-190.00	-1330.00	-530.00	-2.99	35.24	-90.18	-460.00	-990.00	-20.00	-26.04	49.15	80.37	-110.00	-1070.00	240.00	78.90	-155.73	-262.93
-430.00	-990.00	300.00	6.71	40.55	45.30	-240.00	-1320.00	-560.00	8.54	-3.84	-70.24	-460.00	-990.00	-20.00	-12.93	37.68	101.77	-250.00	-1240.00	250.00	65.37	-171.59	-254.88
-250.00	-1110.00	580.00	-1.28	28.90	39.94	-300.00	-1290.00	-590.00	16.10	-41.10	-50.37	-480.00	-1020.00	20.00	-12.93	37.68	101.77	-300.00	-1290.00	270.00	53.60	-168.11	-249.27
-250.00	-1110.00	580.00	-1.28	28.90	39.94	-360.00	-1260.00	-620.00	21.89	-70.24	-30.91	-480.00	-1020.00	20.00	2.13	28.66	122.56	-300.00	-1290.00	270.00	42.26	-157.38	-240.30
-180.00	-1080.00	520.00	-7.07	22.44	37.38	-480.00	-1290.00	-640.00	26.04	-87.62	-9.02	-460.00	-1020.00	10.00	-2.87	34.09	138.66	-290.00	-1340.00	330.00	35.49	-137.68	-230.18
-180.00	-1080.00	520.00	-2.38	16.95	32.99	-630.00	-1290.00	-620.00	27.44	-92.80	13.48	-460.00	-1020.00	10.00	-2.87	34.09	138.66	-270.00	-1390.00	380.00	29.02	-60.06	-160.79
-220.00	-1060.00	350.00	-2.38	16.95	32.99	-770.00	-1250.00	-580.00	24.33	-84.51	34.88	-530.00	-1180.00	-50.00	-2.87	34.09	138.66	-270.00	-1390.00	380.00	-4.88	59.45	68.23
-220.00	-1060.00	350.00	-3.96	16.89	29.09	-850.00	-1180.00	-510.00	19.09	-63.84	56.22	-530.00	-1180.00	-50.00	13.41	26.89	178.78	-280.00	-1430.00	400.00	-4.88	59.45	68.23
-240.00	-970.00	450.00	-4.88	17.20	27.87	-900.00	-1150.00	-410.00	12.99	-33.05	76.34	-470.00	-1260.00	-170.00	13.41	26.89	178.78	-220.00	-1450.00	480.00	-59.39	79.88	137.38
-200.00	-980.00	360.00	-4.88	17.20	27.87	-960.00	-1080.00	-300.00	0.00	3.48	102.01	-380.00	-1190.00	50.00	13.41	26.89	178.78	-240.00	-1440.00	550.00	-29.09	73.05	132.38
-230.00	-1010.00	330.00	-4.45	14.82	27.38	-960.00	-990.00	-230.00	-17.20	38.90	105.73	-380.00	-1190.00	50.00	15.18	25.18	192.87	-240.00	-1440.00	550.00	-29.09	73.05	132.38
-230.00	-1010.00	330.00	-4.45	14.82	27.38	-920.00	-920.00	-190.00	-30.55	55.06	94.88	-380.00	-1190.00	50.00	11.46	29.21	204.45	-480.00	-1610.00	610.00	-36.22	48.84	139.15
-250.00	-970.00	350.00	-3.05	13.11	25.61	-710.00	-480.00	50.00	-30.98	68.17	92.93	-340.00	-1460.00	20.00	11.46	29.21	204.45	-1310.00	-1570.00	480.00	-13.78	-15.30	156.22
-240.00	-980.00	330.00	-3.05	13.11	25.61	20.00	-730.00	-130.00	-8.96	43.84	104.27	-340.00	-1460.00	20.00	11.34	33.23	207.80	-1310.00	-1570.00	480.00	-2.01	-10.79	56.16
-230.00	-1000.00	310.00	-5.55	11.89	24.82	390.00	-340.00	-90.00	10.12	11.46	107.87	-340.00	-1460.00	20.00	32.56	45.79	206.46	-590.00	-740.00	-890.00	-2.01	-10.79	56.16
-230.00	-1000.00	310.00	-5.55	11.89	24.82	1380.00	-160.00	-390.00	-3.35	9.51	112.32	-310.00	-1460.00	90.00	32.56	45.79	206.46	1130.00	-1200.00	1090.00	3.84	-8.54	35.79
-220.00	-1020.00	330.00	-5.06	10.79	24.27	1630.00	-370.00	-1140.00	-24.27	-15.00	115.06	-270.00	-1510.00	-110.00	32.56	45.79	206.46	1130.00	-1200.00	1090.00	7.68	-12.07	35.12
-220.00	-1030.00	330.00	-2.13	9.94	21.22	630.00	-1870.00	-540.00	-18.23	-76.59	96.77	-270.00	-1510.00	-110.00	46.10	60.73	189.70	-220.00	-1580.00	470.00	7.68	-12.07	35.12
-220.00	-1030.00	330.00	-2.13	9.94	21.22	-130.00	-2000.00	680.00	-22.32	-100.18	76.04	-510.00	-1690.00	-230.00	16.71	136.22	57.74	-680.00	-1840.00	140.00	3.23	-9.33	36.65
-240.00	-1020.00	330.00	-1.40	9.57	21.83	430.00	-2000.00	620.00	-26.46	-66.10	80.12	-390.00	-1730.00	-230.00	16.71	136.22	57.74	170.00	-1520.00	80.00	3.23	-9.33	36.65
-240.00	-1020.00	330.00	-1.40	9.57	21.83	970.00	-1210.00	410.00	-21.22	-25.85	76.40	-390.00	-1730.00	-230.00	16.71	136.22	57.74	170.00	-1520.00	80.00	1.22	-7.13	41.65
-220.00	-1020.00	330.00	-0.12	8.72	23.35	560.00	-420.00	340.00	-10.61	-17.62	74.76	-390.00	-1730.00	-230.00	18.48	133.72	-3.41	60.00	-1170.00	280.00	0.61	-9.33	43.48
-220.00	-1020.00	330.00	-0.12	8.72	23.35	190.00	-320.00	-480.00	-6.34	-16.40	70.85	-350.00	-1720.00	-50.00	33.90	60.49	-95.98	70.00	-1010.00	450.00	-3.41	-12.50	41.59
-260.00	-1010.00	310.00	1.46	8.48	23.66	-490.00	-790.00	-980.00	-7.74	-7.74	65.73	-350.00	-1720.00	-50.00	33.90	60.49	-95.98	70.00	-1010.00	450.00	-3.41	-12.50	41.59
-260.00	-1010.00	310.00	5.37	6.95	24.57	-140.00	-680.00	-680.00	-8.84	-3.11	65.18	-350.00	-1720.00	-50.00	38.66	32.26	-119.82	180.00	-920.00	490.00	-3.35	-11.89	41.95
-260.00	-1020.00	310.00	5.37	6.95	24.57	-90.00	-970.00	-400.00	-12.50	-2.80	64.09	-250.00	-1320.00	60.00	49.15	28.78	-148.05	260.00	-890.00	450.00	-3.05	-12.74	40.91
-270.00	-1020.00	300.00	6.46	7.20	25.85	130.00	-1020.00	-170.00	-11.10	-4.09	60.73	-380.00	-990.00	210.00	49.15	28.78	-148.05	230.00	-900.00	620.00	-3.17	-11.16	39.57
-270.00	-1020.00	300.00	6.46	7.20	25.85	350.00	-1120.00	-70.00	-9.51	-6.22	56.28	-380.00	-990.00	210.00	49.15	28.78	-148.05	110.00	-870.00	510.00	-3.05	-9.15	39.09
-260.00	-1010.00	300.00	6.10	7.32	27.26	220.00	-1000.00	-170.00	-11.52	-5.67	51.89	-230.00	-940.00	340.00	58.17	39.02	-160.61	110.00	-870.00	510.00	-3.05	-9.15	39.09
-260.00	-1010.00	300.00	3.11	8.66	33.17	190.00	-880.00	-290.00	-12.38	-7.13	46.65	130.00	-670.00	410.00	71.89	45.98	-192.32	90.00	-930.00	490.00	-2.93	-6.04	38.60
-260.00	-1020.00	320.00	3.11	8.66	33.17	200.00	-870.00	-200.00	-11.95	-11.46	42.80	440.00	-490.00	270.00	71.89	45.98	-192.32	130.00	-970.00	460.00	-2.93	-6.04	38.60
-260.00	-1020.00	320.00	5.67	7.74	33.05	140.00	-950.00	-180.00	-12.68	-13.78	41.04	440.00	-490.00	270.00	72.93	47.87	-210.79	130.00	-970.00	460.00	-3.29	-3.96	38.29
-270.00	-1010.00	300.00	3.35	8.17	36.10	170.00	-900.00	-230.00	-12.87	-14.15	39.51	660.00	-590.00	200.00	75.24	47.07	-245.06	60.00	-980.00	440.00	-3.11	-3.60	38.11
-280.00	-1040.00	330.00	3.35	8.17	36.10	190.00	-870.00	-240.00	-12.13	-14.94	37.68	520.00	-490.00	10.00	75.24	47.07	-245.06	80.00	-980.00	430.00	-5.24	-3.17	41.10
-290.00	-1080.00	340.00	-0.43	10.49	38.72	210.00	-870.00	-240.00	-11.40	-14.63	35.24	520.00	-490.00	10.00	75.61	49.57	-256.77	80.00	-980.00	430.00	-5.24	-3.17	41.10
-300.00	-1010.00	320.00	-2.32	11.22	41.16	220.00	-880.00	-270.00	-11.59	-12.99	32.99	520.00	-490.00	10.00	75.61	49.57	-256.77	80.00	-990.00	430.00	-6.10	-2.56	41.59
-310.00	-1000.00	310.00	6.04	8.17	40.30	200.00	-850.00	-290.00	-12.20	-11.28	31.10	270.00	-420.00	-0.00	73.78	54.45	-270.12	80.00	-970.00	450.00	-6.83	-2.56	41.59
-260.00	-1100.00	360.00	6.04	8.17	40.30	140.00	-850.00	-290.00	-12.38	-10.06	29.33	100.00	-450.00	40.00	73.78	54.45	-270.12	70.00	-960.00	440.00	-6.83	-2.56	41.59
-350.00	-1000.00	300.00	3.35	8.54	43.41	140.00	-870.00	-250.00	-11.95	-9.94	27.87	100.00	-450.00	40.00	72.62	51.83	-273.96	60.00	-960.00	450.00	-6.65	-2.74	40.79
-290.00	-1070.00	330.00	6.59	8.05	51.34	150.00	-880.00	-250.00	-10.67	-10.67	26.77	80.00	-530.00	50.00	69.51	31.52	-283.29	60.00	-960.00	450.00	-7.07	-1.34	40.12
-290.00	-1070.00	330.00	6.59	8.05	51.34	160.00	-870.00	-250.00	-9.76	-11.34	26.16	-20.00	-680.00	-0.00	69.51	31.52	-283.29	70.00	-960.00	460.00	-7.26	-0.49	39.76
-340.00	-1080.00	330.00	13.78	7.87	53.84	160.00	-840.00	-280.00	-9.21	-12.50	25.73	-20.00	-680.00	-0.00	66.77	20.18	-288.72	40.00	-990.00	440.00	-7.26	-0.49	39.76
-340.00	-1080.00	330.00	16.40	8.96	57.13	180.00	-830.00	-300.00	-8.72	-13.54	25.49	-100.00	-730.00	-40.00	66.77	20.18	-288.72	40.00	-990.00	450.00	-7.50	-0.18	39.45
-390.00	-1090.00	340.00	13.17	14.15	63.78	180.00	-850.00	-280.00	-8.17	-13.90	25.12	-100.00	-730.00	-40.00	60.73	-4.45	-297.87	0.00	-990.00	430.00	-7.62	0.98	39.76
-320.00	-1180.00	400.00	13.17	14.15	63.78	170.00	-860.00	-280.00	-7.62	-13.66	24.76	-180.00	-890.00	-140.00	31.34	-42.26	-293.05	20.00	-1000.00	440.00	-7.44	3.90	40.55
-310.00	-1160.00	490.00	12.26	15.18	70.12	180.00	-860.00	-290.00	-6.89	-12.99	24.57	-180.00	-890.00	-140.00	25.98	-36.40	-281.04	0.00	-990.00	440.00	-8.17	4.45	42.68
-310.00	-1160.00	490.00	12.50	9.15	83.78	150.00	-860.00	-280.00	-5.91	-12.68	24.27	-200.00	-960.00	-180.00	25.98	-36.40	-281.04	0.00	-990.00	440.00	-8.60	3.11	45.67
-330.00	-1090.00	440.00	12.50	9.15	83.78	160.00	-860.00	-290.00	-4.94	-12.56	24.02	-250.00	-1090.00	-270.00	25.98	-36.40	-281.04	-0.00	-990.00	440.00	-11.16	-0.30	51.59
-310.00	-1080.00	360.00	12.50	9.15	83.78	140.00	-850.00	-290.00	-3.78	-12.50	24.27	-250.00	-1090.00	-270.00	21.95	-8.84	-234.51	-0.00	-1000.00	420.00	-14.63	-2.99	57.93
-310.00	-1080.00	360.00	19.21	1.77	100.24	140.00	-850.00	-290.00	-2.93	-12.13	24.88	-270.00	-1160.00	-300.00	22.56	2.13	-201.28	-10.00	-1000.00	420.00	-16.34	-3.54	62.01
-400.00	-1170.00	390.00	21.83	0.67	112.01	130.00	-850.00	-300.00	-1.71	-12.44	25.61	-270.00	-1160.00	-300.00	22.56	2.13	-201.28	0.00	-990.00	430.00	-16.16	-1.65	63.41
-380.00	-1140.00	330.00	21.83	0.67	112.01	130.00	-850.00	-290.00	-0.67	-13.11	26.59	-320.00	-1300.00	-290.00	19.88	4.33	-119.15	-30.00	-990.00	430.00	-12.68	1.89	59.27
-380.00	-1230.00	370.00	27.26	1.71	124.57	130.00	-850.00	-300.00	0.06	-14.09	27.74	-320.00	-1300.00	-290.00	13.96	3.41	-70.73	-70.00	-1010.00	430.00	-12.68	1.89	59.27
-380.00	-1230.00	370.00	31.10	3.72	136.59	140.00	-840.00	-310.00	0.49	-15.49	28.78	-330.00	-1370.00	-290.00	13.96	3.41	-70.73	-70.00	-1010.00	430.00	-11.34	4.88	55.61
-390.00	-1370.00	420.00	32.50	5.12	148.78	150.00	-860.00	-310.00	0.49	-16.65	29.88	-360.00	-1450.00	-250.00	13.96	3.41	-70.73	-110.00	-970.00	400.00	-16.89	12.99	61.65
-310.00	-1360.00	400.00	32.50	5.12	148.78	150.00	-880.00	-300.00	0.30	-17.50	30.79	-360.00	-1450.00	-250.00	-0.37	8.54	25.73	-90.00	-990.00	400.00	-25.24	28.66	75.73
-290.00	-1510.00	480.00	44.09	5.18	175.79	150.00	-870.00	-300.00	-0.12	-17.56	31.65	-750.00	-1720.00	-150.00	-1.52	1.16	68.17	-90.00	-990.00	400.00	-28.84	33.29	80.91
-290.00	-1510.00	480.00	65.12	-3.35	184.57	110.00	-870.00	-300.00	-0.37	-18.17	32.62	-980.00	-1690.00	-90.00	-1.52	1.16	68.17	-90.00	-1020.00	390.00	-27.99	38.90	83.17
-240.00	-1560.00	480.00	65.12	-3.35	184.57	110.00	-880.00	-290.00	-0.30	-18.72	33.90	-1420.00	-1610.00	-90.00	-22.38	-15.43	100.06	-50.00	-1030.00	410.00	-27.99	38.90	83.17
-180.00	-1720.00	510.00	93.54	-16.77	162.56	100.00	-890.00	-290.00	-0.18	-19.45	35.30	-1680.00	-1520.00	-150.00	-20.55	6.89	92.38	-100.00	-1010.00	420.00	-25.00	44.70	83.96
-180.00	-1720.00	510.00	87.80	-10.73	177.13	120.00	-870.00	-300.00	-0.24	-20.85	36.83	-1680.00	-1520.00	-150.00	-20.55	6.89	92.38	-70.00	-980.00	450.00	-23.60	49.33	87.07
-250.00	-1680.00	440.00	87.80	-10.73	177.13	100.00	-880.00	-300.00	-0.43	-21.52	39.27	-1680.00	-1520.00	-150.00	-20.55	6.89	92.38	-40.00	-1070.00	470.00	-22.32	53.41	90.91
-150.00	-1800.00	550.00	87.80	-10.73	177.13	100.00	-890.00	-300.00	0.18	-22.07	41.59	-2000.00	-1240.00	-250.00	3.54	-63.11	105.43	-40.00	-1090.00	480.00	-20.73	57.38	96.04
-150.00	-1800.00	550.00	66.95	15.85	177.32	110.00	-880.00	-310.00	1.95	-22.26	42.56	-2000.00	-1160.00	-210.00	3.54	-63.11	105.43	-40.00	-1090.00	480.00	-20.73	57.38	96.04
-150.00	-1800.00	550.00	61.52	29.82	167.26	70.00	-890.00	-310.00	3.23	-22.44	43.29	-2000.00	-1160.00	-210.00	3.54	-63.11	105.43	-50.00	-1180.00	450.00	-18.84	63.90	103.05
-250.00	-1360.00	530.00	61.52	29.82	167.26	80.00	-890.00	-320.00	1.77	-22.56	43.41	-1500.00	-1350.00	-390.00	-1.28	-102.13	102.62	-60.00	-1120.00	420.00	-18.84	63.90	103.05
-210.00	-1220.00	640.00	53.72	44.70	137.01	60.00	-870.00	-330.00	2.62	-21.77	46.16	-1420.00	-1050.00	-610.00	-13.23	-57.56	104.39	-100.00	-1160.00	380.00	-20.30	65.12	109.27
-210.00	-1220.00	640.00	53.72	44.70	137.01	60.00	-910.00	-310.00	2.50	-20.79	48.84	-1420.00	-1050.00	-610.00	-13.23	-57.56	104.39	-100.00	-1160.00	380.00	-19.21	68.96	125.12
-280.00	-1130.00	480.00	53.41	37.87	122.07	50.00	-960.00	-310.00	0.67	-18.78	52.20	-1420.00	-1050.00	-610.00	-13.23	-57.56	104.39	-120.00	-1150.00	340.00	-19.21	68.96	125.12
-280.00	-1130.00	480.00	53.41	37.87	122.07	40.00	-940.00	-290.00	0.30	-17.13	57.38	560.00	-1110.00	-110.00	-0.06	-30.06	84.02	-120.00	-1150.00	340.00	-15.91	73.35	132.38
-340.00	-1120.00	380.00	9.76	-88.90	-43.78	100.00	-1030.00	-270.00	1.16	-16.71	61.77	1750.00	-1580.00	400.00	-0.06	-30.06	84.02	-140.00	-1160.00	340.00	-15.91	73.35	132.38
-340.00	-1120.00	380.00	9.76	-88.90	-43.78	120.00	-1020.00	-250.00	1.10	-17.68	64.88	1750.00	-1580.00	400.00	-0.06	-30.06	84.02	-120.00	-1190.00	360.00	-15.55	79.76	143.96
-280.00	-980.00	-30.00	-8.41	-88.78	-72.13	50.00	-1000.00	-270.00	1.28	-19.39	68.11	20.00	-1570.00	-400.00	3.41	-15.49	77.74	-90.00	-1260.00	400.00	-12.93	105.67	189.33
-660.00	-890.00	-250.00	-36.71	-77.32	-125.91	100.00	-1040.00	-300.00	1.59	-21.77	71.10	-810.00	-1460.00	-550.00	20.67	-23.17	57.87	-30.00	-1310.00	460.00	-12.93	105.67	189.33
-660.00	-890.00	-250.00	-36.71	-77.32	-125.91	80.00	-960.00	-320.00	4.39	-24.21	76.16	-810.00	-1460.00	-550.00	20.67	-23.17	57.87	-30.00	-1310.00	460.00	-7.99	121.28	186.59
660.00	-740.00	-90.00	-51.22	-71.77	-153.72	100.00	-1030.00	-360.00	6.40	-25.18	83.05	-810.00	-1460.00	-550.00	17.01	-25.30	59.88	-60.00	-1340.00	500.00	3.29	152.07	165.49
980.00	-550.00	-240.00	-51.22	-71.77	-153.72	100.00	-1010.00	-360.00	11.46	-25.61	91.71	-430.00	-1260.00	-450.00	15.18	-30.24	66.40	-30.00	-1400.00	470.00	3.29	152.07	165.49
740.00	-600.00	-50.00	-73.84	-55.06	-195.30	140.00	-1080.00	-380.00	14.15	-25.73	101.77	-430.00	-1260.00	-450.00	15.18	-30.24	66.40	0.00	-1420.00	460.00	19.88	172.01	153.48
740.00	-600.00	-50.00	-73.84	-55.06	-195.30	180.00	-1140.00	-380.00	15.12	-28.17	112.74	-430.00	-1260.00	-450.00	17.68	-31.22	67.01	0.00	-1420.00	460.00	38.05	189.15	126.65
550.00	-620.00	40.00	-85.55	-48.23	-209.09	250.00	-1240.00	-390.00	18.23	-34.57	125.49	-270.00	-1050.00	60.00	17.68	-31.22	67.01	-40.00	-1640.00	260.00	67.93	253.11	-41.89
490.00	-760.00	80.00	-104.27	-44.09	-231.10	290.00	-1310.00	-390.00	24.21	-39.21	139.15	-770.00	-1410.00	420.00	24.57	-24.33	70.98	-60.00	-1630.00	340.00	67.93	253.11	-41.89
490.00	-760.00	80.00	-104.27	-44.09	-231.10	330.00	-1320.00	-400.00	29.09	-46.10	150.30	-770.00	-1410.00	420.00	24.57	-24.33	70.98	-40.00	-1510.00	460.00	-107.74	115.91	12.26
300.00	-960.00	190.00	-112.62	-45.98	-239.15	390.00	-1270.00	-390.00	34.45	-57.62	159.57	-270.00	-1000.00	120.00	16.71	-22.93	65.43	-40.00	-1510.00	460.00	-35.85	0.85	29.02
300.00	-960.00	190.00	-112.62	-45.98	-239.15	380.00	-1400.00	-410.00	40.49	-67.44	166.95	-50.00	-1070.00	-20.00	7.32	-19.02	54.21	60.00	-1600.00	570.00	-10.67	-51.83	-3.54
160.00	-1030.00	220.00	-116.46	-60.98	-244.57	450.00	-1310.00	-410.00	45.55	-78.90	172.62	-90.00	-1060.00	70.00	7.32	-19.02	54.21	-10.00	-1290.00	590.00	-21.34	-74.88	-24.70
160.00	-1030.00	220.00	-116.46	-60.98	-244.57	510.00	-1240.00	-360.00	44.82	-80.85	174.39	-90.00	-1060.00	70.00	5.91	-14.76	52.13	-10.00	-1290.00	590.00	-21.34	-74.88	-24.70
10.00	-1220.00	330.00	-112.13	-73.72	-242.74	410.00	-1280.00	-250.00	42.13	-82.26	170.55	-130.00	-1060.00	40.00	5.91	-14.76	52.13	190.00	-1090.00	710.00	4.51	-45.79	-64.63
10.00	-1220.00	330.00	-104.09	-90.06	-239.21	340.00	-1390.00	-200.00	39.27	-82.99	164.09	-120.00	-1060.00	20.00	2.74	-11.65	51.22	40.00	60.00	410.00	4.51	-45.79	-64.63
-40.00	-1300.00	420.00	-104.09	-90.06	-239.21	170.00	-1330.00	-180.00	37.87	-72.32	152.87	-120.00	-1060.00	20.00	2.74	-11.65	51.22	40.00	60.00	410.00	30.49	-22.74	-93.05
-70.00	-1390.00	540.00	-104.09	-90.06	-239.21	150.00	-1400.00	-210.00	33.90	-58.05	136.10	-120.00	-1070.00	30.00	2.13	-9.33	50.43	-990.00	-420.00	500.00	50.00	-5.79	-119.45
-70.00	-1390.00	540.00	-100.79	-93.78	-239.09	50.00	-1300.00	-280.00	28.96	-53.29	123.60	-200.00	-1000.00	-10.00	0.18	-7.99	54.21	160.00	-140.00	620.00	60.98	2.99	-141.89
-80.00	-1400.00	590.00	-95.55	-91.83	-242.01	0.00	-1150.00	-370.00	26.28	-64.27	73.41	-200.00	-1000.00	-10.00	0.18	-7.99	54.21	160.00	-140.00	620.00	60.98	2.99	-141.89
-80.00	-1400.00	590.00	-95.55	-91.83	-242.01	-10.00	-1050.00	-500.00	45.37	-41.28	61.22	-190.00	-1020.00	0.00	-0.24	-8.66	57.13	350.00	-320.00	510.00	73.66	-29.45	-173.35
-80.00	-1450.00	640.00	-94.02	-82.74	-245.55	-170.00	-800.00	-610.00	34.57	-38.90	5.12	-190.00	-1020.00	0.00	3.90	-4.33	61.22	310.00	-560.00	370.00	73.66	-29.45	-173.35
-80.00	-1450.00	640.00	-89.82	-54.82	-254.63	550.00	-640.00	-320.00	22.74	-36.52	-51.22	-180.00	-1020.00	40.00	3.90	-4.33	61.22	290.00	-670.00	280.00	75.67	-44.45	-179.82
-40.00	-1430.00	650.00	-89.82	-54.82	-254.63	-330.00	30.00	-530.00	12.07	-25.49	-86.71	-180.00	-1020.00	40.00	4.88	-5.73	62.13	180.00	-630.00	270.00	77.44	-62.68	-188.48
-10.00	-1430.00	710.00	-89.82	-54.82	-254.63	1100.00	-290.00	-150.00	10.91	-17.26	-106.34	-200.00	-1040.00	30.00	9.09	-2.20	56.34	70.00	-540.00	270.00	75.18	-58.72	-205.91
-10.00	-1430.00	710.00	-85.91	-39.15	-256.16	700.00	-30.00	-420.00	8.60	-5.12	-128.96	-210.00	-1040.00	70.00	9.09	-2.20	56.34	-60.00	-550.00	230.00	75.18	-58.72	-205.91
-10.00	-1430.00	710.00	-73.60	-12.50	-244.70	860.00	-310.00	-230.00	-2.20	14.33	-155.49	-210.00	-1040.00	70.00	10.49	-2.62	56.28	-220.00	-610.00	140.00	78.29	-56.83	-210.73
-20.00	-1460.00	700.00	-73.60	-12.50	-244.70	1010.00	-140.00	-190.00	-18.11	29.27	-177.56	-200.00	-1050.00	60.00	10.49	-2.62	56.28	-230.00	-710.00	120.00	79.45	-62.74	-208.84
-100.00	-1530.00	670.00	-68.41	-3.29	-231.34	890.00	-130.00	-160.00	-30.55	40.49	-194.51	-200.00	-1050.00	60.00	12.44	-7.20	57.50	-260.00	-790.00	120.00	79.45	-62.74	-208.84
-100.00	-1530.00	670.00	-64.57	2.44	-212.87	720.00	-300.00	-110.00	-36.52	50.06	-206.83	-190.00	-1050.00	50.00	10.73	-7.87	55.98	-260.00	-850.00	170.00	80.24	-71.22	-205.67
-190.00	-1550.00	640.00	-12.68	-82.68	-32.50	630.00	-440.00	-110.00	-40.30	55.61	-217.44	-190.00	-1050.00	50.00	10.73	-7.87	55.98	-350.00	-1040.00	180.00	80.85	-82.20	-202.26
-470.00	-1550.00	530.00	-5.37	-84.94	-5.49	610.00	-540.00	-130.00	-44.94	58.96	-228.29	-210.00	-1070.00	70.00	7.38	-11.34	56.10	-350.00	-1040.00	180.00	80.55	-96.59	-197.93
-470.00	-1550.00	530.00	-5.37	-84.94	-5.49	580.00	-610.00	-150.00	-48.54	61.16	-238.84	-250.00	-1040.00	50.00	7.38	-11.34	56.10	-350.00	-1040.00	180.00	78.66	-112.44	-192.44
-470.00	-1550.00	530.00	3.84	-57.38	31.77	540.00	-680.00	-210.00	-49.02	59.45	-248.11	-250.00	-1040.00	50.00	4.88	-9.76	53.60	-440.00	-1110.00	160.00	69.94	-142.50	-179.27
-650.00	-1580.00	510.00	7.68	-29.45	39.21	480.00	-790.00	-250.00	-48.23	56.89	-255.06	-280.00	-1030.00	60.00	4.88	-9.76	53.60	-450.00	-1150.00	140.00	61.95	-151.04	-170.30
-1490.00	-1460.00	560.00	7.68	-29.45	39.21	440.00	-900.00	-290.00	-47.26	54.45	-260.18	-310.00	-1020.00	30.00	-4.82	-17.62	45.30	-470.00	-1160.00	130.00	61.95	-151.04	-170.30
-1400.00	-990.00	510.00	8.72	8.72	40.43	420.00	-970.00	-300.00	-45.30	51.65	-263.48	-320.00	-1030.00	50.00	-5.91	-17.80	44.82	-490.00	-1180.00	130.00	56.65	-153.96	-163.84
-1400.00	-990.00	510.00	7.38	48.60	39.88	420.00	-1040.00	-270.00	-42.44	49.39	-265.06	-320.00	-1030.00	50.00	-5.91	-17.80	44.82	-480.00	-1190.00	160.00	51.34	-155.24	-155.98
-1210.00	-840.00	500.00	17.99	153.78	53.29	440.00	-1100.00	-240.00	-40.61	48.90	-265.61	-350.00	-1020.00	40.00	-17.93	-18.23	37.44	-480.00	-1190.00	160.00	45.30	-153.60	-145.91
-780.00	-640.00	480.00	17.99	153.78	53.29	420.00	-1130.00	-210.00	-38.66	50.06	-265.79	-350.00	-1020.00	40.00	-15.85	-15.06	38.41	-440.00	-1180.00	190.00	21.28	-112.56	-90.37
-780.00	-640.00	480.00	13.54	129.82	104.57	400.00	-1210.00	-180.00	-37.38	53.78	-265.37	-350.00	-1050.00	50.00	-15.85	-15.06	38.41	-460.00	-1260.00	290.00	14.94	-83.84	-63.05
-640.00	-560.00	410.00	9.09	87.56	151.10	370.00	-1250.00	-180.00	-39.02	61.89	-263.96	-350.00	-1050.00	50.00	-15.85	-15.06	38.41	-570.00	-1330.00	330.00	6.95	-44.39	-34.57
-620.00	-490.00	310.00	9.09	87.56	151.10	340.00	-1280.00	-180.00	-41.22	73.84	-261.40	-410.00	-1020.00	70.00	-30.85	-13.35	33.29	-630.00	-1370.00	370.00	24.63	6.16	-10.49
-670.00	-1030.00	480.00	0.12	115.73	126.59	340.00	-1300.00	-200.00	-40.91	87.20	-257.13	-380.00	-1020.00	90.00	-29.76	-3.48	36.71	-760.00	-1410.00	420.00	-43.90	-29.76	84.82
370.00	-2000.00	-630.00	31.34	59.45	137.74	330.00	-1310.00	-170.00	-40.24	101.10	-250.30	-380.00	-1020.00	90.00	-29.76	-3.48	36.71	-850.00	-1380.00	460.00	-43.90	-29.76	84.82
370.00	-2000.00	-630.00	38.78	2.20	148.29	290.00	-1360.00	-170.00	-39.39	114.02	-240.30	-400.00	-990.00	60.00	-47.68	-0.98	41.65	-1190.00	-1320.00	490.00	-62.01	-69.27	93.05
240.00	-1850.00	2000.00	38.78	2.20	148.29	230.00	-1350.00	-200.00	-37.99	123.84	-227.80	-400.00	-990.00	60.00	-45.98	3.60	49.63	-1190.00	-1320.00	490.00	15.98	-64.27	91.95
-1240.00	-1930.00	2000.00	33.90	17.80	127.20	220.00	-1340.00	-220.00	-36.89	128.84	-213.29	-450.00	-980.00	30.00	-45.98	3.60	49.63	-1180.00	-1150.00	510.00	-5.30	-37.62	78.35
-1240.00	-1930.00	2000.00	28.41	45.91	92.32	180.00	-1350.00	-250.00	-34.88	126.10	-197.50	-450.00	-980.00	30.00	-28.35	20.43	61.10	-1180.00	-1150.00	510.00	3.78	-54.21	95.18
-1010.00	-1440.00	1310.00	25.37	70.79	70.49	150.00	-1350.00	-290.00	-29.82	114.02	-180.91	-490.00	-970.00	230.00	-27.93	29.27	63.90	-1980.00	-1580.00	-180.00	3.78	-54.21	95.18
780.00	-470.00	170.00	28.54	52.93	77.80	120.00	-1340.00	-350.00	-22.50	94.39	-163.41	-350.00	-1170.00	-60.00	-27.50	36.22	66.95	-420.00	-2000.00	1100.00	8.54	-49.09	74.88
780.00	-470.00	170.00	9.70	59.70	93.17	30.00	-1350.00	-460.00	-13.17	67.93	-145.37	-350.00	-1170.00	-60.00	-27.50	36.22	66.95	1410.00	-1220.00	480.00	5.30	-36.22	62.20
780.00	-470.00	170.00	6.52	44.45	94.02	10.00	-1380.00	-530.00	-2.20	36.83	-128.05	-400.00	-1190.00	-10.00	-19.94	35.12	75.91	1410.00	-1220.00	480.00	5.30	-36.22	62.20
-720.00	-1350.00	-730.00	12.93	24.39	85.30	-70.00	-1400.00	-560.00	9.15	4.51	-108.54	-360.00	-690.00	510.00	-6.04	32.07	85.49	740.00	-1310.00	-30.00	5.00	-37.93	50.55
-290.00	-1140.00	990.00	12.93	24.39	85.30	-210.00	-1350.00	-600.00	16.52	-22.44	-85.67	-360.00	-690.00	510.00	-6.04	32.07	85.49	740.00	-1310.00	-30.00	1.95	-27.74	19.39
-250.00	-1110.00	600.00	4.76	27.13	61.83	-370.00	-1370.00	-590.00	20.12	-41.10	-62.50	-360.00	-690.00	510.00	-2.56	30.43	91.59	80.00	-1200.00	240.00	1.95	-27.74	19.39
-250.00	-1110.00	600.00	-14.45	15.12	42.99	-540.00	-1340.00	-570.00	20.98	-53.05	-39.33	-360.00	-740.00	570.00	-5.61	28.11	96.28	-170.00	-990.00	340.00	8.29	-12.68	17.38
-270.00	-940.00	380.00	-14.45	15.12	42.99	-740.00	-1310.00	-630.00	18.72	-57.56	-16.65	-450.00	-1280.00	-60.00	-11.16	26.22	103.90	-170.00	-990.00	340.00	8.54	-16.40	16.28
-150.00	-860.00	480.00	-14.45	15.12	42.99	-860.00	-1280.00	-660.00	11.95	-49.27	5.24	-450.00	-1280.00	-60.00	-11.16	26.22	103.90	-200.00	-910.00	500.00	8.54	-16.40	16.28
-150.00	-860.00	480.00	-5.67	8.54	24.51	-920.00	-1220.00	-590.00	1.77	-27.99	26.46	-360.00	-1000.00	30.00	-12.62	23.90	127.56	-80.00	-1040.00	330.00	9.63	-15.91	18.23
-240.00	-980.00	420.00	-6.10	7.68	24.82	-930.00	-1130.00	-470.00	-10.24	-1.40	47.50	-450.00	-1210.00	-140.00	-7.74	24.21	138.78	100.00	-1100.00	320.00	10.12	-14.45	20.61
-200.00	-990.00	300.00	-1.28	5.30	20.61	-970.00	-1030.00	-410.00	-22.99	25.73	64.45	-450.00	-1210.00	-140.00	-7.74	24.21	138.78	100.00	-1100.00	320.00	8.23	-12.80	18.84
-200.00	-990.00	300.00	-0.61	5.06	20.00	-970.00	-950.00	-350.00	-41.65	57.32	77.20	-420.00	-1090.00	-70.00	-2.87	25.00	149.76	100.00	-950.00	400.00	8.23	-12.80	18.84
-200.00	-990.00	300.00	-2.20	4.76	22.74	-860.00	-850.00	-300.00	-47.93	75.73	94.09	-420.00	-1060.00	-70.00	-12.13	23.84	169.33	130.00	-950.00	400.00	6.71	-11.59	14.51
-260.00	-990.00	270.00	-2.20	4.76	22.74	-740.00	-770.00	-260.00	-46.22	93.05	115.30	-400.00	-1140.00	-90.00	-12.13	23.84	169.33	160.00	-940.00	420.00	6.71	-11.59	14.51
-190.00	-1020.00	280.00	0.49	4.15	21.34	-350.00	-760.00	-240.00	-45.85	96.04	132.74	-400.00	-1140.00	-90.00	-12.13	23.84	169.33	160.00	-940.00	420.00	5.12	-7.13	13.48
-190.00	-1020.00	280.00	1.89	5.06	19.70	-1050.00	-460.00	-230.00	-11.59	62.99	155.98	-350.00	-1400.00	-60.00	-26.59	4.70	185.55	160.00	-940.00	420.00	4.21	-6.04	13.05
-280.00	-930.00	240.00	0.18	6.04	21.28	-740.00	-1180.00	-200.00	42.62	17.38	170.91	-390.00	-1440.00	-50.00	-29.94	20.37	205.61	130.00	-970.00	420.00	3.17	-5.06	12.38
-250.00	-1000.00	270.00	0.18	6.04	21.28	580.00	-780.00	-310.00	16.40	10.67	187.07	-390.00	-1440.00	-50.00	-29.94	20.37	205.61	90.00	-990.00	380.00	2.38	-5.00	12.01
-220.00	-1050.00	290.00	6.10	5.37	20.12	2000.00	-600.00	-1230.00	-31.52	5.91	180.24	-370.00	-1390.00	-50.00	-21.10	30.67	198.78	90.00	-990.00	380.00	2.38	-5.00	12.01
-220.00	-1050.00	290.00	6.10	5.37	20.12	1920.00	-1890.00	-210.00	-33.72	-47.07	144.76	-330.00	-1520.00	-190.00	6.71	53.48	168.11	110.00	-970.00	430.00	1.83	-5.49	11.40
-200.00	-1020.00	280.00	6.46	5.12	20.24	470.00	-2000.00	990.00	-39.88	-73.41	124.21	-330.00	-1520.00	-190.00	6.71	53.48	168.11	110.00	-970.00	430.00	1.83	-5.49	11.40
-200.00	-1020.00	280.00	5.79	5.67	20.12	260.00	-2000.00	690.00	-44.88	-46.28	119.70	-330.00	-1520.00	-190.00	6.71	53.48	168.11	110.00	-950.00	440.00	1.95	-5.43	11.16
-240.00	-1050.00	280.00	5.98	5.55	19.45	630.00	-1720.00	370.00	-31.71	-13.78	108.72	-430.00	-1610.00	-370.00	18.54	65.55	142.01	100.00	-960.00	420.00	1.28	-4.70	10.55
-320.00	-1000.00	290.00	6.89	4.76	18.17	640.00	-860.00	280.00	-22.20	-2.13	104.88	-530.00	-1560.00	-210.00	-5.30	64.21	64.51	100.00	-960.00	420.00	1.28	-4.70	10.55
-260.00	-1000.00	320.00	6.89	4.76	18.17	-10.00	-90.00	-660.00	-20.18	3.29	102.20	-530.00	-1560.00	-210.00	-5.30	64.21	64.51	100.00	-960.00	420.00	1.28	-4.70	10.55
-260.00	-960.00	280.00	4.27	4.45	17.44	-480.00	-780.00	-1450.00	-14.76	3.96	95.43	-530.00	-1560.00	-210.00	-18.84	61.59	26.77	90.00	-960.00	410.00	1.52	-3.29	10.79
-260.00	-960.00	280.00	4.27	4.45	17.44	-210.00	-830.00	-720.00	-15.43	-6.40	91.77	-380.00	-1310.00	80.00	3.17	30.37	-29.21	90.00	-960.00	420.00	1.59	-2.62	10.79
-260.00	-1010.00	290.00	2.32	4.57	18.48	390.00	-1070.00	-150.00	-26.16	-5.91	87.44	-350.00	-1190.00	160.00	12.56	16.46	-60.79	90.00	-950.00	420.00	0.98	-2.56	10.61
-260.00	-1010.00	290.00	3.54	3.66	16.40	250.00	-1420.00	80.00	-16.71	-15.91	75.12	-350.00	-1190.00	160.00	12.56	16.46	-60.79	90.00	-950.00	420.00	0.49	-1.95	10.61
-290.00	-1000.00	330.00	2.13	2.80	17.68	250.00	-1180.00	-210.00	-15.67	-16.46	66.46	-160.00	-1040.00	270.00	33.29	42.26	-93.78	90.00	-960.00	410.00	-0.37	-0.67	10.12
-290.00	-990.00	290.00	2.50	0.85	18.90	240.00	-950.00	-180.00	-19.88	-10.37	59.45	-330.00	-630.00	470.00	33.29	42.26	-93.78	90.00	-960.00	410.00	-1.40	-0.12	9.33
-290.00	-1010.00	310.00	2.50	0.85	18.90	20.00	-960.00	-220.00	-19.45	-8.11	53.11	-330.00	-630.00	470.00	43.29	61.46	-106.77	80.00	-960.00	410.00	-1.40	-0.12	9.33
-240.00	-1020.00	320.00	3.96	-3.41	19.09	110.00	-960.00	-100.00	-16.89	-11.71	49.70	20.00	-360.00	300.00	54.57	74.15	-137.80	80.00	-960.00	420.00	-2.26	0.61	8.84
-240.00	-1020.00	320.00	3.96	-3.41	19.09	110.00	-900.00	-220.00	-14.63	-19.09	48.23	110.00	-380.00	460.00	54.57	74.15	-137.80	90.00	-960.00	430.00	-3.11	0.91	8.78
-270.00	-1040.00	300.00	4.94	-4.76	19.09	370.00	-810.00	-290.00	-13.84	-21.22	45.55	110.00	-380.00	460.00	56.34	71.46	-153.48	90.00	-960.00	430.00	-3.90	1.04	8.78
-270.00	-1040.00	300.00	4.70	-4.94	19.63	310.00	-820.00	-320.00	-13.05	-18.17	41.16	110.00	-380.00	460.00	62.01	51.59	-185.18	70.00	-960.00	430.00	-5.55	1.10	8.90
-260.00	-1030.00	280.00	6.22	-5.12	18.48	160.00	-840.00	-280.00	-12.13	-17.68	37.26	340.00	-550.00	480.00	62.01	51.59	-185.18	70.00	-960.00	430.00	-6.16	1.10	8.72
-300.00	-1030.00	290.00	7.38	-4.94	18.66	120.00	-910.00	-200.00	-11.59	-20.37	33.90	190.00	-460.00	170.00	64.39	38.29	-197.62	80.00	-970.00	430.00	-6.16	1.10	8.72
-280.00	-1020.00	310.00	7.38	-4.94	18.66	190.00	-890.00	-230.00	-11.04	-20.49	30.49	190.00	-460.00	170.00	64.21	24.82	-213.41	80.00	-960.00	430.00	-7.56	1.04	8.29
-300.00	-1020.00	320.00	12.74	-5.98	19.51	200.00	-860.00	-280.00	-10.61	-16.83	27.32	-130.00	-350.00	100.00	64.21	24.82	-213.41	80.00	-960.00	420.00	-7.56	1.04	8.29
-300.00	-1020.00	320.00	12.74	-5.98	19.51	150.00	-850.00	-270.00	-10.00	-14.39	24.57	-130.00	-350.00	100.00	62.32	25.67	-217.20	80.00	-960.00	420.00	-8.35	1.40	7.99
-310.00	-1030.00	330.00	14.09	-5.00	19.70	140.00	-850.00	-270.00	-8.72	-14.45	22.62	-90.00	-440.00	90.00	57.38	30.55	-214.94	80.00	-960.00	420.00	-10.00	2.50	6.83
-310.00	-1030.00	330.00	14.09	-5.00	19.70	170.00	-800.00	-310.00	-7.80	-13.96	21.89	-110.00	-500.00	-20.00	57.38	30.55	-214.94	80.00	-950.00	420.00	-11.10	3.35	6.28
-310.00	-990.00	300.00	14.33	0.37	20.91	190.00	-820.00	-310.00	-7.07	-14.45	21.52	-110.00	-500.00	-20.00	51.10	35.43	-213.17	60.00	-960.00	420.00	-11.10	3.35	6.28
-310.00	-990.00	300.00	14.33	0.37	20.91	180.00	-830.00	-300.00	-6.46	-15.67	21.22	-110.00	-500.00	-20.00	49.57	22.38	-215.49	60.00	-960.00	420.00	-12.68	6.40	6.16
-310.00	-990.00	320.00	12.26	1.52	23.54	210.00	-810.00	-310.00	-5.61	-15.18	21.34	-280.00	-630.00	-150.00	49.57	22.38	-215.49	70.00	-980.00	420.00	-12.68	6.40	6.16
-300.00	-980.00	340.00	11.04	1.46	25.91	200.00	-820.00	-300.00	-5.18	-14.21	21.28	-280.00	-630.00	-150.00	37.38	-58.72	-238.60	70.00	-980.00	420.00	-13.11	6.22	5.55
-300.00	-980.00	340.00	7.93	2.13	29.27	170.00	-830.00	-300.00	-4.82	-14.33	21.28	-310.00	-710.00	-160.00	37.38	-58.72	-238.60	70.00	-980.00	420.00	-14.02	5.24	4.27
-310.00	-1020.00	350.00	6.22	2.26	33.54	170.00	-830.00	-290.00	-4.15	-14.45	21.28	-450.00	-830.00	-180.00	32.68	-70.24	-238.35	70.00	-980.00	420.00	-14.02	5.24	4.27
-310.00	-1020.00	350.00	6.22	2.26	33.54	160.00	-840.00	-300.00	-3.35	-13.96	21.28	-450.00	-830.00	-180.00	25.91	-79.02	-236.95	80.00	-980.00	420.00	-14.45	5.85	3.78
-300.00	-1040.00	370.00	10.55	-8.11	60.43	150.00	-820.00	-320.00	-2.62	-13.96	21.40	-580.00	-890.00	-230.00	18.11	-86.59	-233.48	70.00	-990.00	410.00	-14.33	7.07	3.17
-300.00	-1040.00	370.00	12.93	-8.72	68.96	170.00	-830.00	-310.00	-2.13	-13.72	21.83	-580.00	-890.00	-230.00	11.59	-93.72	-228.23	60.00	-980.00	400.00	-14.27	7.44	2.38
-310.00	-1100.00	420.00	15.06	-9.21	76.83	150.00	-830.00	-300.00	-1.65	-13.35	22.07	-630.00	-960.00	-240.00	11.59	-93.72	-228.23	40.00	-950.00	400.00	-14.27	7.32	1.28
-310.00	-1100.00	420.00	15.24	-9.70	84.02	150.00	-830.00	-300.00	-1.10	-13.35	22.13	-540.00	-990.00	-330.00	3.90	-106.34	-210.79	40.00	-950.00	400.00	-14.27	7.32	1.28
-290.00	-1140.00	400.00	13.78	-9.76	90.30	150.00	-840.00	-300.00	-0.91	-13.11	22.20	-540.00	-990.00	-330.00	3.60	-108.35	-196.95	40.00	-950.00	390.00	-13.84	6.89	0.43
-320.00	-1210.00	350.00	11.71	-8.41	94.94	130.00	-840.00	-300.00	-0.85	-12.80	21.89	-530.00	-1010.00	-360.00	3.60	-108.35	-196.95	40.00	-960.00	390.00	-12.80	5.85	-0.79
-260.00	-1330.00	380.00	11.71	-8.41	94.94	150.00	-860.00	-310.00	-0.30	-12.68	21.52	-530.00	-1010.00	-360.00	3.17	-85.00	-146.71	40.00	-960.00	390.00	-11.34	4.88	-0.24
-260.00	-1330.00	380.00	5.00	-11.52	99.51	170.00	-840.00	-290.00	-0.06	-12.74	20.73	-580.00	-1250.00	-240.00	3.17	-85.00	-146.71	30.00	-970.00	370.00	-11.34	4.88	-0.24
-240.00	-1320.00	390.00	5.00	-11.52	99.51	120.00	-850.00	-300.00	-0.06	-13.35	19.94	-670.00	-1310.00	-210.00	2.74	-65.18	-110.43	30.00	-970.00	370.00	-12.20	5.37	-0.12
-370.00	-1220.00	440.00	5.98	-13.17	100.12	120.00	-850.00	-300.00	-0.18	-13.54	19.57	-670.00	-1310.00	-210.00	2.74	-65.18	-110.43	20.00	-970.00	360.00	-12.20	5.37	-0.12
-370.00	-1220.00	440.00	7.80	-15.24	98.90	110.00	-860.00	-320.00	-0.37	-12.93	19.27	-840.00	-1360.00	-200.00	20.98	-10.12	-22.74	30.00	-980.00	370.00	-12.50	6.04	-0.55
-430.00	-1250.00	480.00	7.01	-19.21	93.48	130.00	-880.00	-300.00	-0.49	-13.41	18.84	-840.00	-1360.00	-200.00	29.76	-9.70	7.32	50.00	-1000.00	350.00	-12.20	6.16	-0.79
-330.00	-1090.00	410.00	7.01	-19.21	93.48	130.00	-880.00	-290.00	-0.24	-14.45	18.60	-970.00	-1390.00	-160.00	29.76	-9.70	7.32	50.00	-1000.00	350.00	-9.09	3.78	-2.01
-350.00	-1090.00	410.00	13.35	-16.16	81.34	140.00	-880.00	-310.00	0.37	-15.61	18.35	-1140.00	-1420.00	-40.00	0.73	-10.00	9.15	50.00	-990.00	380.00	-9.09	3.78	-2.01
-380.00	-1050.00	430.00	-0.43	-16.28	72.26	120.00	-850.00	-330.00	0.85	-16.65	17.87	-1340.00	-1440.00	10.00	-0.24	-80.37	43.11	50.00	-980.00	390.00	-8.23	2.44	-2.20
