LLACx	LLACy	LLACz	LLGYx	LLGYy	LLGYz	LMACx	LMACy	LMACz	LMGYx	LMGYy	LMGYz	RLACx	RLACy	RLACz	RLGYx	RLGYy	RLGYz	RMACx	RMACy	RMACz	RMGYx	RMGYy	RMGYz
-140.00	-1000.00	370.00	-1.34	-0.61	2.99	250.00	-860.00	-170.00	-0.98	-1.77	1.10	-180.00	-1020.00	-90.00	-2.13	-0.49	-1.52	50.00	-1000.00	340.00	-8.35	2.26	-1.04
-280.00	-980.00	370.00	0.55	-0.98	-0.79	80.00	-890.00	-230.00	-0.30	0.61	-0.12	-200.00	-1020.00	-60.00	-0.85	-0.49	-4.15	40.00	-980.00	380.00	-0.06	3.11	-1.89
-290.00	-980.00	370.00	0.49	-1.16	-0.91	80.00	-890.00	-230.00	-0.43	0.73	-0.24	-200.00	-1020.00	-50.00	-0.49	-1.52	-4.02	-30.00	-980.00	340.00	-0.06	3.29	-2.01
-280.00	-980.00	370.00	0.49	-1.22	-1.22	80.00	-890.00	-230.00	-0.30	0.79	-0.43	-180.00	-1010.00	-110.00	-0.79	-1.52	-4.09	40.00	-980.00	370.00	0.00	4.15	-2.01
-280.00	-980.00	370.00	0.43	-1.34	-1.34	70.00	-890.00	-230.00	-0.30	1.04	-0.67	-200.00	-1030.00	-40.00	-1.04	-1.59	-4.02	40.00	-990.00	380.00	0.43	4.21	-1.77
-280.00	-980.00	360.00	0.30	-1.28	-1.46	70.00	-890.00	-240.00	-0.43	1.16	-0.67	-210.00	-1020.00	-40.00	-1.10	-2.50	-4.33	50.00	-980.00	380.00	0.24	3.54	-1.83
-280.00	-980.00	370.00	0.24	-1.10	-1.59	80.00	-890.00	-230.00	-0.55	1.16	-0.73	-190.00	-1030.00	-50.00	-1.22	-2.20	-4.33	50.00	-980.00	380.00	0.06	2.93	-2.01
-280.00	-980.00	370.00	0.18	-1.16	-1.40	70.00	-890.00	-230.00	-0.73	1.22	-0.79	-200.00	-1020.00	-60.00	-1.28	-1.46	-4.45	30.00	-970.00	380.00	-0.12	2.32	-2.13
-290.00	-980.00	360.00	0.18	-1.16	-1.40	70.00	-880.00	-240.00	-0.79	1.10	-0.98	-190.00	-1020.00	-60.00	-1.34	-0.85	-4.70	50.00	-980.00	380.00	-0.43	2.01	-2.26
-280.00	-980.00	370.00	0.06	-0.91	-1.40	70.00	-880.00	-230.00	-1.04	1.22	-0.91	-190.00	-1010.00	-50.00	-1.34	-0.49	-4.70	40.00	-980.00	390.00	-0.55	1.65	-2.38
-280.00	-980.00	370.00	0.12	-0.79	-1.28	70.00	-880.00	-230.00	-1.16	1.40	-0.91	-200.00	-1020.00	-60.00	-1.22	-0.18	-4.63	30.00	-980.00	380.00	-0.61	1.34	-2.56
-280.00	-990.00	370.00	0.12	-0.91	-1.22	70.00	-870.00	-230.00	-0.91	1.40	-0.98	-200.00	-1020.00	-60.00	-1.28	0.18	-4.82	40.00	-980.00	380.00	-0.73	1.22	-2.74
-280.00	-980.00	370.00	0.18	-1.04	-1.10	70.00	-880.00	-230.00	-0.91	1.34	-0.91	-190.00	-1020.00	-60.00	-1.40	0.49	-5.06	40.00	-980.00	390.00	-0.85	1.04	-2.93
-270.00	-980.00	370.00	0.24	-0.98	-1.04	80.00	-880.00	-230.00	-1.04	1.28	-1.04	-180.00	-1020.00	-60.00	-1.40	0.30	-5.18	40.00	-980.00	380.00	-1.04	0.91	-3.05
-280.00	-980.00	370.00	0.49	-0.98	-0.73	80.00	-890.00	-230.00	-1.16	1.34	-1.04	-190.00	-1020.00	-60.00	-1.40	0.12	-5.24	30.00	-980.00	390.00	-1.10	0.79	-3.23
-270.00	-990.00	370.00	0.43	-0.91	-0.55	70.00	-880.00	-230.00	-1.10	1.34	-0.98	-190.00	-1020.00	-60.00	-1.59	0.49	-5.43	30.00	-980.00	380.00	-1.04	0.91	-3.23
-270.00	-990.00	370.00	0.43	-0.98	-0.37	80.00	-890.00	-230.00	-0.98	1.28	-0.98	-190.00	-1020.00	-70.00	-1.59	0.67	-5.49	40.00	-980.00	380.00	-1.04	1.10	-3.17
-270.00	-990.00	370.00	0.43	-0.91	-0.24	80.00	-890.00	-230.00	-0.98	1.16	-0.98	-190.00	-1020.00	-50.00	-1.52	0.67	-5.37	40.00	-980.00	380.00	-0.91	1.34	-3.17
-270.00	-990.00	370.00	0.55	-1.04	-0.24	80.00	-890.00	-230.00	-0.79	0.98	-0.73	-190.00	-1020.00	-60.00	-1.59	0.67	-5.43	30.00	-970.00	380.00	-0.79	1.40	-2.93
-270.00	-990.00	370.00	0.49	-1.10	-0.18	80.00	-890.00	-230.00	-0.79	0.79	-0.55	-190.00	-1020.00	-60.00	-1.52	0.55	-5.30	40.00	-980.00	380.00	-0.73	1.04	-2.44
-270.00	-990.00	370.00	0.49	-1.04	0.00	80.00	-880.00	-240.00	-0.73	0.79	-0.43	-190.00	-1020.00	-60.00	-1.52	0.55	-5.06	40.00	-980.00	380.00	-0.79	0.67	-2.20
-270.00	-990.00	370.00	0.61	-1.04	0.12	80.00	-880.00	-240.00	-0.49	0.67	-0.24	-190.00	-1020.00	-60.00	-1.46	0.67	-4.63	40.00	-980.00	380.00	-0.67	0.24	-1.95
-280.00	-990.00	370.00	0.49	-1.04	0.37	90.00	-890.00	-230.00	-0.43	0.55	-0.30	-180.00	-1020.00	-60.00	-1.16	0.49	-3.90	50.00	-980.00	380.00	-0.73	0.06	-1.59
-270.00	-980.00	370.00	0.37	-0.91	0.43	90.00	-890.00	-230.00	-0.55	0.43	-0.30	-190.00	-1020.00	-60.00	-0.85	0.73	-3.23	50.00	-980.00	390.00	-0.61	-0.06	-1.34
-270.00	-980.00	370.00	0.49	-0.91	0.67	90.00	-890.00	-240.00	-0.61	0.61	-0.18	-180.00	-1020.00	-60.00	-0.61	0.79	-2.62	50.00	-980.00	380.00	-0.55	-0.24	-1.16
-280.00	-980.00	360.00	0.61	-1.04	0.67	80.00	-890.00	-230.00	-0.43	0.67	0.00	-180.00	-1030.00	-60.00	-0.43	0.85	-2.32	50.00	-980.00	380.00	-0.49	-0.24	-0.98
-270.00	-990.00	370.00	0.67	-1.04	0.85	90.00	-890.00	-240.00	-0.55	0.43	0.00	-170.00	-1030.00	-60.00	-0.37	0.98	-2.20	50.00	-980.00	380.00	-0.43	-0.30	-0.79
-270.00	-990.00	370.00	0.55	-0.79	0.85	80.00	-890.00	-240.00	-0.43	0.37	0.18	-170.00	-1030.00	-70.00	-0.43	1.16	-1.95	40.00	-980.00	380.00	-0.55	-0.37	-0.67
-270.00	-990.00	370.00	0.49	-0.61	0.91	80.00	-880.00	-240.00	-0.49	0.37	0.37	-170.00	-1020.00	-60.00	-0.37	1.28	-1.77	50.00	-980.00	380.00	-0.61	-0.43	-0.43
-270.00	-990.00	370.00	0.55	-0.85	1.04	80.00	-880.00	-230.00	-0.49	0.24	0.43	-180.00	-1030.00	-60.00	-0.49	1.52	-1.46	50.00	-980.00	390.00	-0.61	-0.55	-0.24
-270.00	-980.00	360.00	0.73	-1.10	1.28	80.00	-890.00	-240.00	-0.49	0.06	0.55	-180.00	-1030.00	-60.00	-0.37	1.52	-1.10	50.00	-980.00	390.00	-0.61	-0.67	0.00
-270.00	-980.00	370.00	0.79	-1.16	1.46	80.00	-890.00	-230.00	-0.43	0.06	0.43	-180.00	-1020.00	-60.00	-0.30	1.46	-0.67	50.00	-980.00	380.00	-0.61	-0.67	0.18
-270.00	-990.00	370.00	0.85	-1.16	1.65	80.00	-890.00	-230.00	-0.49	0.30	0.49	-170.00	-1030.00	-60.00	-0.18	1.40	-0.43	40.00	-980.00	380.00	-0.61	-0.79	0.30
-270.00	-990.00	360.00	0.79	-1.10	1.71	90.00	-890.00	-230.00	-0.37	0.18	0.61	-180.00	-1030.00	-60.00	-0.18	1.52	-0.06	50.00	-980.00	390.00	-0.61	-0.73	0.43
-280.00	-990.00	360.00	0.73	-0.91	1.83	90.00	-880.00	-230.00	-0.18	-0.12	0.73	-170.00	-1030.00	-60.00	-0.18	1.71	0.06	50.00	-980.00	380.00	-0.49	-0.73	0.55
-270.00	-990.00	370.00	0.67	-0.85	1.83	80.00	-890.00	-240.00	-0.12	-0.18	0.67	-180.00	-1020.00	-60.00	-0.18	1.52	0.37	50.00	-980.00	380.00	-0.49	-0.79	0.49
-270.00	-990.00	370.00	0.79	-0.98	1.83	80.00	-890.00	-230.00	0.06	-0.43	0.73	-180.00	-1020.00	-60.00	0.06	1.34	0.61	50.00	-980.00	380.00	-0.37	-0.79	0.55
-270.00	-990.00	370.00	0.85	-0.98	1.71	80.00	-880.00	-230.00	0.12	-0.61	0.98	-180.00	-1020.00	-60.00	0.18	1.28	0.73	50.00	-980.00	380.00	-0.30	-0.67	0.49
-270.00	-990.00	370.00	0.98	-1.04	1.59	80.00	-880.00	-240.00	0.06	-0.49	1.04	-170.00	-1020.00	-60.00	0.06	1.22	0.55	50.00	-980.00	390.00	-0.30	-0.67	0.43
-270.00	-990.00	370.00	0.91	-1.04	1.46	80.00	-880.00	-240.00	0.06	-0.49	1.22	-180.00	-1030.00	-60.00	0.12	1.04	0.37	50.00	-980.00	380.00	-0.30	-0.18	0.43
-280.00	-990.00	370.00	0.91	-1.16	1.40	80.00	-890.00	-240.00	0.00	-0.30	1.16	-170.00	-1030.00	-60.00	-0.12	1.59	0.24	50.00	-980.00	380.00	-0.24	0.24	0.37
-270.00	-990.00	370.00	0.91	-1.22	1.28	90.00	-890.00	-230.00	-0.06	-0.49	0.98	-180.00	-1030.00	-60.00	-0.18	1.40	0.12	50.00	-980.00	380.00	-0.18	0.67	0.24
-270.00	-980.00	370.00	0.91	-1.16	1.16	90.00	-890.00	-230.00	-0.12	-0.24	0.91	-180.00	-1020.00	-60.00	0.06	1.10	0.06	50.00	-980.00	390.00	0.06	1.28	0.37
-280.00	-980.00	370.00	0.73	-1.16	1.04	80.00	-890.00	-230.00	0.00	-0.06	0.85	-180.00	-1030.00	-60.00	0.06	0.85	-0.24	50.00	-980.00	380.00	-0.12	1.22	0.18
-270.00	-980.00	370.00	0.79	-1.22	0.98	80.00	-880.00	-230.00	-0.06	-0.12	0.79	-180.00	-1020.00	-60.00	0.18	0.43	-0.30	40.00	-980.00	380.00	-0.12	1.10	0.00
-270.00	-980.00	370.00	0.85	-1.34	1.04	80.00	-880.00	-230.00	-0.06	-0.18	0.61	-180.00	-1030.00	-70.00	0.18	0.24	-0.30	50.00	-980.00	380.00	0.00	0.67	0.00
-280.00	-980.00	370.00	0.79	-1.40	0.85	80.00	-880.00	-230.00	-0.12	0.00	0.55	-180.00	-1020.00	-60.00	0.00	0.73	-0.43	50.00	-980.00	380.00	0.00	0.06	0.00
-280.00	-980.00	370.00	0.79	-1.34	0.73	80.00	-890.00	-240.00	-0.12	-0.06	0.49	-180.00	-1020.00	-60.00	-0.06	0.85	-0.43	40.00	-970.00	380.00	-0.18	-0.18	0.00
-270.00	-990.00	370.00	0.55	-1.28	0.67	80.00	-880.00	-230.00	-0.18	0.00	0.49	-180.00	-1030.00	-60.00	-0.30	1.46	-0.61	40.00	-980.00	380.00	-0.30	-0.43	0.12
-280.00	-990.00	370.00	0.37	-1.16	0.49	80.00	-890.00	-230.00	-0.18	0.00	0.37	-180.00	-1020.00	-60.00	-0.37	1.46	-0.43	50.00	-970.00	380.00	-0.49	-0.43	0.06
-270.00	-990.00	370.00	0.43	-1.16	0.37	80.00	-890.00	-230.00	-0.18	-0.24	0.24	-180.00	-1020.00	-60.00	-0.37	1.52	-0.24	40.00	-980.00	380.00	-0.37	-0.37	0.18
-270.00	-980.00	370.00	0.18	-1.16	0.55	80.00	-880.00	-230.00	-0.30	-0.12	0.24	-170.00	-1020.00	-60.00	-0.43	1.65	-0.18	50.00	-980.00	380.00	-0.49	-0.30	0.24
-270.00	-980.00	370.00	0.18	-1.16	0.55	80.00	-880.00	-230.00	-0.43	0.06	0.18	-180.00	-1020.00	-70.00	-0.55	1.77	-0.18	40.00	-980.00	390.00	-0.37	-0.24	0.24
-280.00	-980.00	370.00	0.18	-1.16	0.55	80.00	-880.00	-230.00	-0.30	0.12	0.12	-180.00	-1020.00	-60.00	-0.37	1.65	-0.06	50.00	-980.00	390.00	-0.37	-0.49	0.30
-280.00	-980.00	370.00	0.37	-1.04	0.79	80.00	-880.00	-230.00	-0.55	0.18	-0.06	-180.00	-1030.00	-60.00	-0.37	1.59	-0.06	50.00	-980.00	380.00	-0.61	-0.24	0.24
-270.00	-990.00	370.00	0.12	-0.79	1.10	80.00	-880.00	-230.00	-0.55	0.30	-0.12	-170.00	-1030.00	-60.00	-0.61	1.77	-0.18	50.00	-980.00	390.00	-0.67	-0.18	0.12
-270.00	-990.00	370.00	0.12	-0.79	1.10	80.00	-880.00	-230.00	-0.61	0.30	-0.18	-170.00	-1020.00	-60.00	-0.67	1.65	-0.30	40.00	-980.00	380.00	-0.79	-0.06	0.12
-270.00	-980.00	370.00	0.12	-0.79	1.10	80.00	-890.00	-230.00	-0.79	0.49	-0.18	-170.00	-1020.00	-60.00	-0.79	1.59	-0.55	50.00	-980.00	380.00	-0.79	-0.06	0.24
-270.00	-990.00	370.00	0.24	-0.91	1.16	80.00	-890.00	-230.00	-0.91	0.55	-0.18	-170.00	-1020.00	-60.00	-1.16	1.65	-0.91	50.00	-970.00	390.00	-0.98	-0.06	0.24
-270.00	-990.00	370.00	0.24	-0.98	1.22	80.00	-890.00	-230.00	-0.85	0.49	-0.24	-180.00	-1020.00	-60.00	-1.04	1.46	-1.10	40.00	-980.00	380.00	-1.16	-0.06	0.18
-270.00	-990.00	370.00	0.24	-0.98	1.22	80.00	-880.00	-230.00	-0.61	0.43	-0.30	-180.00	-1030.00	-60.00	-1.40	1.59	-1.22	50.00	-970.00	380.00	-1.16	-0.06	0.00
-270.00	-990.00	370.00	0.24	-0.98	1.22	80.00	-880.00	-230.00	-0.61	0.24	-0.24	-170.00	-1020.00	-60.00	-1.46	1.52	-0.98	30.00	-970.00	390.00	-0.91	-0.06	0.06
-270.00	-990.00	370.00	0.37	-0.98	1.28	80.00	-890.00	-240.00	-0.67	0.30	-0.24	-180.00	-1030.00	-60.00	-1.22	1.40	-0.91	40.00	-970.00	390.00	-1.04	-0.18	-0.06
-270.00	-990.00	370.00	0.37	-0.98	1.28	80.00	-880.00	-230.00	-0.73	0.30	0.00	-180.00	-1020.00	-60.00	-1.10	1.22	-1.04	40.00	-980.00	380.00	-1.10	-0.24	0.06
-270.00	-990.00	370.00	0.37	-0.98	1.28	80.00	-890.00	-230.00	-0.61	0.18	0.12	-180.00	-1020.00	-60.00	-1.04	1.10	-0.98	50.00	-980.00	380.00	-1.04	-0.37	0.18
-270.00	-990.00	370.00	0.00	-0.73	1.71	80.00	-890.00	-240.00	-0.49	0.12	0.18	-180.00	-1030.00	-60.00	-1.04	1.16	-0.85	50.00	-980.00	380.00	-1.04	-0.67	0.37
-270.00	-990.00	370.00	0.00	-0.73	1.71	80.00	-890.00	-230.00	-0.24	0.00	0.30	-170.00	-1020.00	-60.00	-0.79	1.04	-0.61	40.00	-980.00	380.00	-0.98	-0.73	0.61
-270.00	-990.00	370.00	0.00	-0.73	1.71	80.00	-890.00	-240.00	-0.30	0.00	0.37	-170.00	-1020.00	-60.00	-0.37	0.37	-0.30	50.00	-980.00	380.00	-1.16	-0.85	0.79
-270.00	-990.00	370.00	0.49	-0.79	1.95	90.00	-890.00	-240.00	-0.55	-0.06	0.37	-180.00	-1020.00	-70.00	-0.18	-0.37	-0.12	40.00	-980.00	380.00	-1.10	-0.98	0.98
-270.00	-990.00	380.00	0.30	-0.73	2.01	90.00	-890.00	-240.00	-0.61	-0.18	0.43	-170.00	-1020.00	-70.00	0.06	-1.16	0.12	50.00	-980.00	390.00	-1.10	-1.10	1.16
-270.00	-990.00	380.00	0.30	-0.73	2.01	80.00	-890.00	-230.00	-0.49	-0.24	0.43	-180.00	-1020.00	-70.00	0.18	-1.34	0.43	50.00	-980.00	390.00	-1.22	-1.28	1.22
-270.00	-990.00	380.00	0.37	-0.67	2.07	80.00	-890.00	-240.00	-0.49	-0.18	0.49	-180.00	-1020.00	-60.00	0.12	-1.22	0.55	50.00	-980.00	380.00	-1.34	-1.28	1.28
-270.00	-990.00	360.00	0.30	-0.61	2.01	80.00	-880.00	-240.00	-0.37	-0.18	0.49	-170.00	-1020.00	-70.00	0.06	-1.04	0.73	50.00	-980.00	390.00	-1.40	-1.46	1.16
-270.00	-990.00	360.00	0.30	-0.61	2.01	80.00	-890.00	-230.00	-0.37	-0.30	0.49	-170.00	-1020.00	-70.00	-0.06	-0.79	0.91	40.00	-980.00	390.00	-1.40	-1.83	1.04
-270.00	-990.00	360.00	0.30	-0.61	2.01	80.00	-890.00	-230.00	-0.24	-0.37	0.67	-170.00	-1030.00	-60.00	0.00	-0.61	0.91	50.00	-980.00	390.00	-1.28	-2.07	0.98
-270.00	-980.00	370.00	0.43	-0.85	1.83	80.00	-890.00	-230.00	-0.24	-0.24	0.73	-170.00	-1030.00	-60.00	0.12	-0.91	0.79	40.00	-980.00	390.00	-1.40	-2.26	0.79
-280.00	-990.00	370.00	0.43	-0.85	1.83	80.00	-890.00	-230.00	-0.24	-0.18	0.85	-180.00	-1030.00	-70.00	0.30	-1.10	0.73	40.00	-980.00	380.00	-1.46	-2.38	0.79
-280.00	-990.00	370.00	0.30	-0.73	1.59	80.00	-890.00	-230.00	-0.37	-0.18	0.85	-170.00	-1030.00	-60.00	0.30	-0.98	0.43	40.00	-980.00	380.00	-1.28	-2.32	0.67
-280.00	-990.00	370.00	0.00	-0.91	0.43	90.00	-880.00	-240.00	-0.24	-0.12	0.85	-170.00	-1030.00	-60.00	0.24	-1.10	0.12	40.00	-980.00	380.00	-1.34	-2.38	0.49
-280.00	-980.00	370.00	0.00	-0.85	0.49	90.00	-890.00	-240.00	-0.18	-0.12	0.85	-180.00	-1030.00	-60.00	0.49	-1.04	0.12	40.00	-980.00	380.00	-1.34	-2.44	0.18
-280.00	-980.00	370.00	0.00	-0.85	0.49	80.00	-880.00	-240.00	-0.12	-0.18	0.79	-180.00	-1020.00	-60.00	0.55	-0.79	0.00	40.00	-980.00	380.00	-1.28	-2.07	-0.06
-280.00	-980.00	370.00	-0.12	-1.04	0.37	90.00	-890.00	-230.00	-0.12	-0.12	0.73	-180.00	-1020.00	-60.00	0.73	-0.98	-0.18	40.00	-980.00	380.00	-1.34	-1.77	-0.24
-270.00	-980.00	370.00	-0.12	-1.04	0.37	80.00	-880.00	-230.00	-0.30	-0.06	0.67	-180.00	-1020.00	-70.00	0.79	-0.85	-0.24	40.00	-980.00	370.00	-1.34	-1.71	-0.43
-270.00	-980.00	370.00	-0.12	-1.04	0.37	80.00	-890.00	-240.00	-0.43	0.00	0.67	-170.00	-1020.00	-60.00	0.61	-0.67	-0.49	40.00	-980.00	380.00	-1.46	-1.46	-0.55
-280.00	-980.00	370.00	-0.12	-1.04	0.37	80.00	-880.00	-230.00	-0.55	0.00	0.49	-180.00	-1020.00	-70.00	0.30	-0.30	-0.91	50.00	-980.00	380.00	-1.40	-1.22	-0.61
-270.00	-990.00	370.00	0.00	-1.28	0.43	80.00	-880.00	-230.00	-0.61	0.12	0.30	-170.00	-1030.00	-70.00	-0.06	0.24	-1.28	40.00	-980.00	380.00	-1.52	-1.22	-0.37
-270.00	-990.00	370.00	0.00	-1.28	0.43	80.00	-880.00	-230.00	-0.67	0.18	0.18	-180.00	-1020.00	-60.00	-0.24	0.43	-1.46	40.00	-970.00	380.00	-1.52	-1.16	-0.24
-280.00	-990.00	370.00	-0.12	-1.28	0.30	80.00	-880.00	-240.00	-0.67	0.18	0.00	-170.00	-1030.00	-60.00	-0.37	0.00	-1.52	50.00	-980.00	380.00	-1.52	-1.16	-0.30
-280.00	-990.00	370.00	-0.12	-1.40	0.55	80.00	-880.00	-240.00	-0.67	0.24	-0.18	-180.00	-1020.00	-60.00	-0.30	-0.49	-1.46	40.00	-980.00	390.00	-1.46	-1.10	-0.37
-280.00	-980.00	370.00	-0.12	-1.40	0.55	80.00	-890.00	-230.00	-0.61	0.30	-0.43	-180.00	-1020.00	-60.00	-0.12	-0.98	-1.40	50.00	-980.00	390.00	-1.65	-1.10	-0.43
-270.00	-990.00	360.00	0.37	-1.40	1.22	80.00	-880.00	-230.00	-0.61	0.43	-0.55	-180.00	-1020.00	-60.00	0.00	-1.16	-1.04	50.00	-980.00	380.00	-1.77	-0.79	-0.55
-270.00	-990.00	360.00	0.37	-1.40	1.22	80.00	-890.00	-230.00	-0.49	0.43	-0.73	-180.00	-1020.00	-60.00	0.06	-1.04	-0.85	50.00	-980.00	380.00	-1.65	-0.67	-0.67
-270.00	-990.00	360.00	0.24	-1.34	1.22	80.00	-880.00	-230.00	-0.37	0.30	-0.73	-170.00	-1020.00	-60.00	-0.24	-0.61	-1.28	50.00	-970.00	380.00	-1.71	-0.61	-0.67
-270.00	-990.00	360.00	0.49	-1.34	1.22	80.00	-890.00	-230.00	-0.30	0.24	-0.73	-170.00	-1020.00	-60.00	-0.73	0.00	-1.46	40.00	-970.00	380.00	-1.65	-0.55	-0.73
-280.00	-990.00	370.00	0.49	-1.34	1.22	80.00	-890.00	-230.00	-0.37	0.06	-0.73	-170.00	-1020.00	-50.00	-1.16	0.37	-1.77	50.00	-980.00	380.00	-1.59	-0.49	-0.67
-280.00	-990.00	370.00	0.55	-1.22	1.10	80.00	-890.00	-230.00	-0.24	0.06	-0.55	-180.00	-1030.00	-60.00	-1.52	0.61	-2.13	50.00	-980.00	380.00	-1.40	-0.37	-0.61
-270.00	-990.00	370.00	0.55	-1.22	1.10	80.00	-890.00	-230.00	-0.43	0.06	-0.37	-170.00	-1030.00	-60.00	-1.40	0.30	-2.07	50.00	-980.00	380.00	-1.22	-0.37	-0.73
-270.00	-990.00	370.00	0.43	-0.85	0.85	80.00	-880.00	-240.00	-0.61	-0.06	-0.18	-180.00	-1020.00	-60.00	-1.10	-0.06	-2.07	50.00	-980.00	380.00	-1.16	-0.43	-1.04
-270.00	-990.00	370.00	0.43	-0.85	0.85	80.00	-890.00	-230.00	-0.37	-0.12	-0.12	-170.00	-1020.00	-60.00	-0.79	-0.37	-2.13	50.00	-980.00	380.00	-0.79	0.06	-1.10
-270.00	-990.00	370.00	0.24	-0.61	0.73	80.00	-890.00	-230.00	-0.30	0.00	-0.12	-180.00	-1020.00	-60.00	-0.55	-0.30	-2.07	50.00	-980.00	380.00	-0.85	0.12	-1.22
-270.00	-990.00	360.00	0.12	-0.24	0.79	80.00	-880.00	-240.00	-0.30	-0.06	-0.12	-180.00	-1020.00	-60.00	-0.37	-0.43	-2.13	40.00	-980.00	370.00	-0.85	0.18	-1.04
-270.00	-980.00	370.00	0.12	-0.24	0.79	80.00	-890.00	-230.00	-0.12	-0.06	-0.12	-180.00	-1020.00	-60.00	-0.49	-0.12	-2.44	50.00	-980.00	370.00	-0.79	0.30	-0.85
-270.00	-980.00	370.00	0.12	-0.37	0.79	80.00	-880.00	-230.00	-0.06	0.00	0.00	-180.00	-1030.00	-70.00	-0.73	0.18	-2.68	50.00	-980.00	370.00	-0.49	0.37	-0.61
-270.00	-980.00	370.00	0.12	-0.37	0.79	90.00	-890.00	-230.00	-0.06	-0.06	0.00	-170.00	-1020.00	-70.00	-0.91	0.49	-2.68	50.00	-970.00	380.00	-0.37	0.30	-0.37
-270.00	-980.00	370.00	0.24	-0.49	0.91	80.00	-890.00	-230.00	-0.12	0.00	0.06	-170.00	-1020.00	-60.00	-1.10	0.85	-2.56	50.00	-970.00	380.00	-0.37	0.24	-0.30
-270.00	-980.00	370.00	0.55	-0.67	0.98	90.00	-890.00	-240.00	-0.06	0.00	0.12	-170.00	-1020.00	-60.00	-1.04	0.79	-2.20	50.00	-980.00	380.00	-0.37	0.00	-0.12
-270.00	-980.00	370.00	0.55	-0.67	0.98	80.00	-890.00	-240.00	0.00	-0.18	0.30	-180.00	-1020.00	-70.00	-0.73	0.55	-1.89	50.00	-980.00	380.00	-0.43	-0.12	0.18
-270.00	-980.00	370.00	0.55	-0.67	0.98	80.00	-890.00	-230.00	-0.12	-0.18	0.30	-170.00	-1020.00	-60.00	-0.49	0.49	-1.65	50.00	-980.00	370.00	-0.43	-0.12	0.24
-270.00	-980.00	370.00	0.55	-0.79	1.16	90.00	-880.00	-230.00	-0.24	-0.18	0.30	-180.00	-1020.00	-60.00	-0.30	0.61	-1.22	50.00	-970.00	380.00	-0.43	-0.18	0.37
-270.00	-990.00	370.00	0.55	-0.85	0.85	80.00	-890.00	-240.00	-0.43	-0.06	0.49	-170.00	-1020.00	-60.00	-0.12	0.49	-0.98	50.00	-980.00	380.00	-0.49	0.18	0.49
-270.00	-990.00	370.00	0.55	-0.85	0.85	90.00	-880.00	-230.00	-0.67	0.12	0.61	-170.00	-1020.00	-60.00	-0.24	0.55	-0.67	50.00	-980.00	380.00	-0.43	0.61	0.73
-270.00	-990.00	370.00	0.55	-0.85	0.85	90.00	-880.00	-240.00	-0.73	0.18	0.79	-170.00	-1030.00	-70.00	-0.24	0.73	-0.37	50.00	-980.00	380.00	-0.43	0.55	0.49
-270.00	-990.00	360.00	0.43	-0.85	0.49	80.00	-880.00	-230.00	-0.91	0.30	0.73	-170.00	-1020.00	-60.00	-0.18	0.85	-0.12	50.00	-980.00	380.00	-0.37	0.49	0.30
-270.00	-990.00	370.00	0.43	-0.85	0.49	80.00	-880.00	-230.00	-1.10	0.49	0.67	-170.00	-1030.00	-70.00	-0.24	1.10	0.06	50.00	-980.00	380.00	-0.24	0.55	0.18
-270.00	-990.00	370.00	0.37	-1.10	0.18	80.00	-880.00	-230.00	-0.85	0.43	0.67	-170.00	-1030.00	-60.00	-0.18	1.10	0.24	60.00	-980.00	380.00	-0.24	0.85	0.24
-270.00	-980.00	370.00	0.37	-1.10	0.18	90.00	-880.00	-240.00	-0.85	0.49	0.73	-170.00	-1030.00	-70.00	-0.24	0.91	0.06	50.00	-980.00	380.00	-0.06	1.16	0.06
-270.00	-980.00	370.00	0.37	-1.10	0.18	90.00	-880.00	-230.00	-0.67	0.30	0.67	-170.00	-1030.00	-60.00	-0.37	1.04	0.12	40.00	-970.00	380.00	-0.06	1.16	-0.06
-270.00	-980.00	370.00	0.37	-1.10	0.18	80.00	-890.00	-230.00	-0.67	0.12	0.67	-170.00	-1030.00	-60.00	-0.43	1.04	0.00	40.00	-980.00	380.00	-0.18	1.16	-0.12
-270.00	-980.00	370.00	0.18	-0.98	-0.12	80.00	-880.00	-240.00	-0.67	0.06	0.85	-170.00	-1030.00	-60.00	-0.37	0.91	-0.18	50.00	-980.00	380.00	-0.30	0.85	-0.18
-270.00	-980.00	370.00	0.18	-0.98	-0.12	80.00	-890.00	-230.00	-0.49	0.00	0.79	-180.00	-1030.00	-60.00	-0.43	0.61	-0.37	40.00	-980.00	380.00	-0.43	0.55	-0.30
-270.00	-980.00	370.00	0.18	-0.98	-0.12	80.00	-880.00	-230.00	-0.49	0.12	0.73	-170.00	-1020.00	-60.00	-0.55	0.67	-0.61	50.00	-980.00	380.00	-0.49	0.61	-0.30
-270.00	-980.00	370.00	0.18	-0.98	-0.12	90.00	-880.00	-240.00	-0.37	0.18	0.55	-170.00	-1030.00	-60.00	-0.55	0.73	-0.85	50.00	-980.00	380.00	-0.61	0.55	-0.30
-270.00	-980.00	370.00	0.24	-1.10	0.06	80.00	-880.00	-230.00	-0.49	0.30	0.49	-170.00	-1020.00	-70.00	-0.55	0.73	-0.85	50.00	-980.00	380.00	-0.67	0.43	-0.30
-270.00	-980.00	370.00	0.24	-1.10	0.06	90.00	-890.00	-230.00	-0.43	0.30	0.37	-170.00	-1020.00	-70.00	-0.79	1.28	-0.98	50.00	-970.00	380.00	-0.55	0.79	-0.24
-280.00	-980.00	370.00	0.24	-1.10	0.06	80.00	-880.00	-230.00	-0.55	0.24	0.37	-170.00	-1020.00	-70.00	-0.85	1.59	-1.10	50.00	-980.00	380.00	-0.30	1.83	0.06
-280.00	-980.00	370.00	0.24	-0.73	0.79	80.00	-880.00	-230.00	-0.55	0.30	0.37	-170.00	-1020.00	-60.00	-0.91	1.71	-1.22	50.00	-980.00	380.00	-0.24	1.89	0.24
-270.00	-980.00	370.00	0.24	-0.73	0.79	80.00	-890.00	-230.00	-0.43	0.30	0.30	-170.00	-1020.00	-60.00	-1.22	2.01	-1.28	50.00	-980.00	380.00	-0.49	1.28	0.00
-270.00	-990.00	360.00	0.24	-0.73	0.79	80.00	-890.00	-230.00	-0.67	0.30	0.18	-170.00	-1020.00	-70.00	-1.34	2.13	-1.22	40.00	-980.00	380.00	-0.49	0.85	0.06
-270.00	-990.00	360.00	0.24	-0.73	0.79	80.00	-880.00	-230.00	-0.73	0.30	0.12	-170.00	-1030.00	-70.00	-1.04	2.13	-1.16	60.00	-980.00	380.00	-0.55	0.61	0.06
-270.00	-990.00	360.00	0.00	-0.24	0.98	80.00	-880.00	-230.00	-0.73	0.37	-0.06	-160.00	-1030.00	-60.00	-0.73	1.16	-0.79	50.00	-980.00	380.00	-0.61	0.67	0.06
-270.00	-990.00	360.00	0.00	-0.24	0.98	80.00	-880.00	-240.00	-0.79	0.37	-0.06	-170.00	-1030.00	-70.00	-0.85	1.04	-0.49	50.00	-970.00	380.00	-0.55	0.49	0.24
-270.00	-990.00	360.00	0.00	-0.24	0.98	80.00	-880.00	-230.00	-0.85	0.49	-0.12	-170.00	-1030.00	-70.00	-0.91	1.46	-0.24	40.00	-980.00	380.00	-0.55	0.30	0.18
-270.00	-990.00	360.00	0.24	-0.73	0.98	90.00	-880.00	-230.00	-0.85	0.43	-0.18	-170.00	-1020.00	-60.00	-0.73	1.28	-0.12	50.00	-980.00	380.00	-0.67	0.18	0.06
-270.00	-990.00	360.00	0.43	-0.67	1.04	80.00	-890.00	-230.00	-0.98	0.37	0.00	-170.00	-1020.00	-70.00	-0.98	1.59	-0.30	50.00	-980.00	380.00	-0.79	0.18	0.00
-270.00	-990.00	370.00	0.43	-0.67	1.04	80.00	-890.00	-230.00	-1.16	0.24	0.24	-160.00	-1030.00	-70.00	-0.73	1.59	-0.30	50.00	-980.00	380.00	-0.79	0.18	-0.06
-270.00	-990.00	370.00	0.43	-0.67	1.04	80.00	-890.00	-230.00	-1.16	0.18	0.43	-170.00	-1020.00	-70.00	-0.55	1.28	-0.30	50.00	-980.00	380.00	-0.55	0.37	0.06
-270.00	-990.00	370.00	0.30	-0.55	0.91	80.00	-880.00	-240.00	-0.91	0.12	0.61	-170.00	-1020.00	-60.00	-0.67	1.34	-0.37	50.00	-980.00	380.00	-0.55	0.49	0.00
-270.00	-990.00	370.00	0.24	-0.43	0.85	90.00	-880.00	-230.00	-0.91	0.12	0.73	-170.00	-1020.00	-70.00	-0.79	1.46	-0.43	50.00	-980.00	380.00	-0.67	0.67	0.12
-270.00	-990.00	360.00	0.24	-0.43	0.85	80.00	-880.00	-230.00	-0.91	0.18	0.73	-170.00	-1030.00	-70.00	-0.85	1.65	-0.55	50.00	-980.00	380.00	-0.79	0.49	0.18
-270.00	-990.00	360.00	0.24	-0.55	1.10	90.00	-890.00	-230.00	-0.98	0.43	0.73	-170.00	-1030.00	-60.00	-0.98	1.71	-0.73	50.00	-980.00	380.00	-0.79	0.37	0.12
-270.00	-990.00	360.00	0.30	-0.61	1.28	90.00	-890.00	-230.00	-0.91	0.49	0.73	-170.00	-1030.00	-70.00	-0.67	1.59	-0.67	50.00	-980.00	380.00	-0.85	0.12	0.12
-270.00	-990.00	370.00	0.30	-0.61	1.28	90.00	-890.00	-240.00	-0.85	0.30	0.85	-170.00	-1020.00	-70.00	-0.49	1.28	-0.49	50.00	-980.00	380.00	-0.79	-0.18	0.30
-270.00	-990.00	370.00	0.30	-0.61	1.28	80.00	-890.00	-230.00	-0.73	0.06	0.79	-170.00	-1030.00	-70.00	-0.43	1.10	-0.37	50.00	-980.00	380.00	-0.85	-0.55	0.43
-270.00	-990.00	370.00	0.24	-0.61	1.28	80.00	-890.00	-230.00	-0.79	0.12	0.85	-170.00	-1020.00	-60.00	-0.49	1.04	-0.30	50.00	-980.00	390.00	-0.85	-0.55	0.37
-270.00	-990.00	370.00	0.18	-0.67	1.28	90.00	-890.00	-240.00	-0.79	0.12	0.85	-170.00	-1030.00	-70.00	-0.73	1.28	-0.43	50.00	-980.00	380.00	-0.79	-0.61	0.37
-270.00	-990.00	370.00	0.18	-0.67	1.28	80.00	-880.00	-240.00	-0.85	0.18	0.85	-170.00	-1030.00	-60.00	-0.67	1.59	-0.43	50.00	-980.00	380.00	-0.91	-0.49	0.37
-270.00	-990.00	370.00	0.06	-0.67	1.22	90.00	-880.00	-240.00	-0.98	0.37	0.85	-170.00	-1020.00	-70.00	-0.49	1.28	-0.49	50.00	-980.00	380.00	-0.91	0.18	0.24
-270.00	-990.00	370.00	0.06	-0.67	1.22	80.00	-890.00	-240.00	-0.91	0.37	0.67	-170.00	-1020.00	-70.00	-0.43	0.79	-0.49	50.00	-980.00	380.00	-0.73	0.79	0.30
-270.00	-980.00	360.00	0.18	-0.73	1.10	80.00	-890.00	-230.00	-0.85	0.37	0.67	-160.00	-1020.00	-60.00	-0.24	0.55	-0.12	50.00	-980.00	380.00	-0.85	1.04	0.06
-270.00	-990.00	360.00	0.18	-0.73	1.10	90.00	-890.00	-230.00	-0.85	0.37	0.67	-170.00	-1030.00	-70.00	0.00	0.18	0.06	50.00	-970.00	380.00	-1.04	0.85	0.18
-270.00	-990.00	360.00	0.00	-0.67	0.79	80.00	-890.00	-230.00	-0.67	0.30	0.67	-170.00	-1030.00	-70.00	-0.12	0.37	0.00	50.00	-980.00	380.00	-1.10	0.67	0.12
-270.00	-990.00	360.00	0.00	-0.67	0.79	80.00	-890.00	-230.00	-0.67	0.24	0.67	-170.00	-1020.00	-70.00	-0.37	0.67	-0.12	50.00	-980.00	380.00	-0.98	0.43	0.12
-270.00	-990.00	360.00	0.06	-0.67	0.79	80.00	-880.00	-240.00	-0.61	0.00	0.79	-170.00	-1030.00	-70.00	-0.18	0.30	-0.37	50.00	-970.00	390.00	-1.04	0.06	0.18
-270.00	-990.00	360.00	-0.18	-0.30	0.79	80.00	-880.00	-240.00	-0.49	-0.18	0.79	-170.00	-1030.00	-70.00	-0.12	-0.18	-0.37	50.00	-980.00	380.00	-0.98	-0.18	0.18
-270.00	-990.00	360.00	-0.18	-0.30	0.79	70.00	-910.00	-240.00	-0.55	-0.18	0.79	-160.00	-1030.00	-70.00	-0.43	0.00	-0.18	50.00	-980.00	390.00	-1.10	-0.30	0.18
-270.00	-980.00	360.00	0.00	-0.43	1.16	80.00	-910.00	-250.00	-0.55	-0.18	0.79	-160.00	-1020.00	-70.00	-0.73	0.24	-0.24	40.00	-980.00	380.00	-1.16	-0.49	0.24
-270.00	-980.00	370.00	0.00	-0.43	1.16	90.00	-910.00	-240.00	-0.73	-0.06	0.73	-170.00	-1020.00	-70.00	-0.73	0.37	-0.24	50.00	-980.00	380.00	-1.10	-0.67	0.30
-270.00	-980.00	370.00	0.24	-0.49	1.46	90.00	-880.00	-240.00	-0.73	0.06	0.73	-170.00	-1020.00	-60.00	-0.85	0.61	-0.37	50.00	-980.00	380.00	-1.10	-0.91	0.49
-270.00	-980.00	360.00	0.24	-0.49	1.46	90.00	-880.00	-240.00	-0.98	0.12	0.61	-170.00	-1020.00	-70.00	-0.85	0.85	-0.24	50.00	-980.00	380.00	-1.10	-0.91	0.67
-270.00	-980.00	360.00	0.12	-0.49	1.59	80.00	-880.00	-240.00	-0.91	0.24	0.43	-170.00	-1030.00	-60.00	-0.61	0.98	-0.18	50.00	-980.00	380.00	-1.34	-0.79	0.61
-270.00	-990.00	360.00	0.00	-0.49	1.83	80.00	-880.00	-240.00	-0.98	0.37	0.43	-170.00	-1020.00	-60.00	-0.73	1.16	-0.30	50.00	-980.00	380.00	-1.28	-0.79	0.55
-270.00	-990.00	360.00	-0.06	-0.55	1.89	80.00	-880.00	-230.00	-1.04	0.43	0.61	-170.00	-1030.00	-60.00	-0.79	1.22	-0.24	50.00	-980.00	380.00	-1.28	-0.79	0.37
-270.00	-990.00	360.00	-0.06	-0.55	1.89	80.00	-880.00	-230.00	-0.91	0.24	0.67	-160.00	-1020.00	-70.00	-0.91	1.10	-0.30	50.00	-980.00	380.00	-1.40	-0.85	0.30
-270.00	-990.00	360.00	0.06	-0.61	1.83	90.00	-890.00	-240.00	-0.79	0.12	0.73	-170.00	-1020.00	-70.00	-0.73	0.73	-0.06	50.00	-980.00	380.00	-1.40	-0.98	0.37
-270.00	-990.00	360.00	-0.12	-0.55	1.71	80.00	-880.00	-230.00	-0.73	0.12	0.91	-170.00	-1020.00	-70.00	-0.30	0.43	0.49	50.00	-970.00	380.00	-1.40	-1.04	0.24
-270.00	-990.00	370.00	-0.12	-0.55	1.71	80.00	-890.00	-240.00	-0.61	-0.06	0.91	-170.00	-1020.00	-70.00	-0.24	0.30	0.55	50.00	-980.00	380.00	-1.40	-1.10	0.30
-270.00	-990.00	370.00	0.00	-0.61	1.71	80.00	-890.00	-240.00	-0.61	-0.24	0.98	-170.00	-1020.00	-70.00	-0.43	0.30	0.37	50.00	-980.00	380.00	-1.40	-0.85	0.12
-270.00	-990.00	370.00	0.00	-0.49	1.89	90.00	-890.00	-240.00	-0.55	-0.06	1.04	-170.00	-1020.00	-70.00	-0.67	0.61	0.06	50.00	-980.00	380.00	-1.28	-0.85	0.06
-270.00	-990.00	360.00	0.00	-0.49	1.89	80.00	-890.00	-240.00	-0.49	-0.06	1.04	-160.00	-1020.00	-70.00	-0.85	0.73	-0.37	50.00	-980.00	380.00	-1.28	-0.91	-0.06
-270.00	-980.00	370.00	0.00	-0.49	1.89	90.00	-890.00	-240.00	-0.67	-0.12	0.98	-170.00	-1020.00	-70.00	-0.91	0.67	-0.61	50.00	-980.00	380.00	-1.22	-0.91	0.12
-270.00	-980.00	370.00	0.00	-0.67	2.20	80.00	-890.00	-240.00	-0.61	-0.18	1.04	-170.00	-1030.00	-70.00	-0.85	0.61	-0.67	50.00	-980.00	380.00	-1.28	-0.98	0.37
-270.00	-980.00	360.00	0.00	-0.67	2.20	80.00	-890.00	-230.00	-0.67	-0.24	0.98	-160.00	-1020.00	-70.00	-0.67	0.43	-0.37	50.00	-980.00	380.00	-1.34	-1.22	0.61
-270.00	-980.00	360.00	0.00	-0.67	2.20	80.00	-890.00	-240.00	-0.67	-0.12	0.91	-170.00	-1020.00	-60.00	-0.49	0.55	-0.37	50.00	-970.00	380.00	-1.40	-1.59	0.98
-270.00	-980.00	360.00	0.00	-0.67	2.20	90.00	-890.00	-230.00	-0.67	-0.06	0.85	-170.00	-1020.00	-70.00	-0.61	0.67	-0.61	50.00	-980.00	380.00	-1.40	-1.89	0.91
-270.00	-990.00	370.00	0.06	-0.73	2.13	90.00	-890.00	-240.00	-0.73	0.06	0.85	-170.00	-1030.00	-70.00	-0.85	0.85	-0.67	60.00	-980.00	380.00	-1.71	-1.83	0.98
-270.00	-990.00	370.00	0.06	-0.73	2.13	80.00	-890.00	-230.00	-0.67	0.06	0.79	-170.00	-1020.00	-80.00	-0.91	0.91	-0.67	50.00	-980.00	380.00	-1.71	-1.77	0.85
-270.00	-990.00	370.00	0.06	-0.73	2.13	80.00	-890.00	-240.00	-0.55	0.06	0.79	-170.00	-1030.00	-70.00	-0.55	0.61	-0.43	50.00	-980.00	380.00	-1.83	-1.83	0.67
-270.00	-990.00	370.00	0.06	-0.73	2.07	80.00	-880.00	-230.00	-0.55	-0.12	0.79	-170.00	-1030.00	-70.00	-0.30	0.12	-0.30	60.00	-980.00	380.00	-1.71	-1.77	0.73
-270.00	-990.00	370.00	0.06	-0.61	2.01	80.00	-890.00	-240.00	-0.37	-0.18	0.67	-170.00	-1020.00	-70.00	1.04	-2.80	0.61	60.00	-970.00	380.00	-1.71	-1.77	0.73
-270.00	-990.00	360.00	0.06	-0.61	2.01	80.00	-880.00	-240.00	-0.18	-0.24	0.61	-170.00	-1020.00	-70.00	1.04	-2.80	0.61	50.00	-980.00	390.00	-1.71	-1.77	0.67
-270.00	-990.00	360.00	-0.12	-0.37	1.83	80.00	-880.00	-230.00	-0.12	-0.49	0.61	-170.00	-1020.00	-60.00	0.79	-2.44	0.79	40.00	-980.00	380.00	-1.65	-1.71	0.61
-270.00	-990.00	360.00	-0.12	-0.37	1.52	80.00	-890.00	-240.00	-0.12	-0.55	0.73	-170.00	-1030.00	-70.00	0.73	-2.26	0.79	40.00	-980.00	380.00	-1.65	-1.65	0.49
-270.00	-990.00	360.00	-0.12	-0.37	1.52	80.00	-890.00	-230.00	-0.12	-0.49	0.67	-160.00	-1030.00	-70.00	0.49	-1.65	0.79	50.00	-980.00	380.00	-1.59	-1.52	0.24
-270.00	-990.00	360.00	-0.12	-0.37	1.40	90.00	-890.00	-240.00	-0.18	-0.43	0.73	-170.00	-1030.00	-70.00	0.18	-0.79	0.55	50.00	-980.00	380.00	-1.52	-1.28	0.06
-280.00	-990.00	370.00	0.06	-0.49	1.65	80.00	-890.00	-230.00	-0.24	-0.30	0.91	-160.00	-1030.00	-80.00	0.30	-0.79	0.55	50.00	-980.00	380.00	-1.46	-1.28	0.06
-270.00	-990.00	370.00	0.06	-0.73	1.71	80.00	-890.00	-240.00	-0.43	-0.18	0.85	-170.00	-1030.00	-70.00	-0.06	-0.30	0.37	50.00	-980.00	380.00	-1.46	-1.40	0.12
-270.00	-990.00	370.00	-0.06	-0.91	1.22	80.00	-880.00	-240.00	-0.61	-0.06	0.79	-160.00	-1030.00	-70.00	-0.43	0.37	0.24	50.00	-980.00	380.00	-1.40	-1.22	0.37
-280.00	-980.00	360.00	-0.06	-0.91	1.22	80.00	-880.00	-240.00	-0.67	0.12	0.79	-170.00	-1020.00	-70.00	-0.24	0.37	0.30	50.00	-980.00	370.00	-1.46	-0.98	0.37
-280.00	-990.00	360.00	0.06	-0.98	0.79	80.00	-880.00	-240.00	-0.85	0.30	0.67	-170.00	-1020.00	-70.00	-0.37	0.73	0.24	50.00	-980.00	380.00	-1.40	-1.04	0.24
-270.00	-990.00	360.00	0.06	-0.98	0.79	80.00	-880.00	-240.00	-0.85	0.24	0.67	-170.00	-1020.00	-70.00	-0.55	1.04	0.06	50.00	-980.00	370.00	-1.40	-0.91	0.37
-280.00	-990.00	360.00	0.06	-0.98	0.79	80.00	-880.00	-240.00	-0.73	0.24	0.79	-170.00	-1030.00	-70.00	-0.49	0.85	-0.18	50.00	-980.00	380.00	-1.28	-0.79	0.37
-280.00	-990.00	370.00	-0.24	-0.43	0.85	80.00	-890.00	-240.00	-0.67	0.12	0.73	-170.00	-1030.00	-70.00	-0.49	0.67	-0.37	50.00	-990.00	380.00	-1.34	-0.73	0.37
-280.00	-990.00	360.00	-0.24	-0.43	0.85	80.00	-890.00	-240.00	-0.67	0.06	0.61	-170.00	-1020.00	-70.00	-0.43	0.49	-0.43	50.00	-980.00	380.00	-1.34	-0.61	0.43
-270.00	-980.00	360.00	-0.24	-0.43	0.85	80.00	-880.00	-240.00	-0.61	0.06	0.61	-170.00	-1020.00	-70.00	-0.06	-0.30	-0.12	50.00	-980.00	370.00	-1.34	-0.49	0.30
-270.00	-980.00	360.00	-0.24	-0.43	0.85	80.00	-880.00	-240.00	-0.55	0.00	0.49	-170.00	-1020.00	-70.00	0.00	-0.12	0.12	50.00	-980.00	380.00	-1.40	-0.43	0.43
-270.00	-980.00	360.00	-0.55	0.00	0.91	80.00	-880.00	-240.00	-0.61	-0.06	0.43	-170.00	-1020.00	-70.00	-0.37	0.37	0.18	50.00	-980.00	370.00	-1.28	-0.30	0.55
-270.00	-990.00	360.00	-0.55	0.00	0.91	80.00	-880.00	-240.00	-0.73	0.06	0.43	-170.00	-1020.00	-80.00	-0.37	0.61	0.06	50.00	-980.00	370.00	-1.16	-0.24	0.49
-270.00	-990.00	360.00	-0.55	0.00	0.91	80.00	-890.00	-240.00	-0.73	-0.06	0.43	-170.00	-1020.00	-70.00	-0.67	1.10	-0.06	50.00	-980.00	380.00	-1.16	0.06	0.49
-270.00	-990.00	360.00	-0.55	-0.06	0.91	80.00	-880.00	-240.00	-0.91	-0.18	0.55	-160.00	-1030.00	-70.00	-0.73	1.34	-0.06	50.00	-980.00	380.00	-1.10	0.24	0.49
-270.00	-990.00	370.00	-0.55	-0.06	0.91	80.00	-880.00	-240.00	-0.98	-0.24	0.67	-170.00	-1030.00	-70.00	-0.91	1.40	0.12	50.00	-980.00	370.00	-1.04	0.12	0.30
-270.00	-990.00	370.00	-0.55	-0.06	0.91	80.00	-880.00	-240.00	-1.04	-0.12	0.73	-170.00	-1030.00	-60.00	-0.73	1.28	0.30	50.00	-980.00	370.00	-0.98	0.06	0.37
-270.00	-990.00	370.00	-0.43	-0.18	1.10	80.00	-880.00	-240.00	-1.22	0.12	0.85	-170.00	-1020.00	-70.00	-0.61	1.04	0.37	50.00	-980.00	370.00	-1.10	0.00	0.24
-270.00	-990.00	360.00	-0.61	0.18	1.10	80.00	-880.00	-240.00	-1.34	0.24	0.98	-170.00	-1020.00	-60.00	-0.67	0.98	0.30	50.00	-980.00	380.00	-1.28	0.00	0.30
-270.00	-990.00	360.00	-0.61	0.18	1.10	80.00	-880.00	-240.00	-1.34	0.18	0.91	-170.00	-1020.00	-60.00	-0.67	1.10	0.24	50.00	-980.00	370.00	-1.28	-0.12	0.30
-270.00	-990.00	360.00	-0.49	0.00	0.91	80.00	-890.00	-240.00	-1.34	0.24	1.04	-170.00	-1030.00	-70.00	-0.55	0.98	0.12	40.00	-980.00	370.00	-1.28	-0.12	0.37
-280.00	-980.00	360.00	-0.37	-0.30	0.79	80.00	-880.00	-230.00	-1.28	0.24	1.04	-170.00	-1020.00	-70.00	-0.61	0.85	0.06	50.00	-980.00	380.00	-1.40	-0.06	0.24
-280.00	-990.00	360.00	-0.43	-0.37	0.85	80.00	-880.00	-230.00	-1.22	0.18	1.04	-170.00	-1020.00	-70.00	-0.73	0.98	-0.06	50.00	-980.00	380.00	-1.40	-0.06	0.12
-280.00	-990.00	360.00	-0.43	-0.37	0.85	80.00	-890.00	-240.00	-1.16	0.06	1.04	-170.00	-1020.00	-70.00	-0.67	0.98	-0.24	50.00	-980.00	380.00	-1.46	-0.06	0.12
-270.00	-990.00	360.00	-0.43	-0.37	0.85	80.00	-890.00	-240.00	-1.04	0.00	0.98	-170.00	-1020.00	-70.00	-0.79	0.91	-0.30	50.00	-980.00	370.00	-1.52	-0.06	0.00
-270.00	-980.00	360.00	-0.30	-0.37	1.04	80.00	-880.00	-240.00	-1.16	-0.06	1.04	-170.00	-1020.00	-70.00	-0.73	0.79	-0.24	50.00	-980.00	380.00	-1.65	-0.18	-0.06
-280.00	-990.00	360.00	-0.24	-0.24	1.04	80.00	-880.00	-240.00	-1.16	0.06	0.91	-170.00	-1020.00	-70.00	-0.73	0.91	-0.18	50.00	-980.00	370.00	-1.52	-0.18	-0.24
-280.00	-990.00	360.00	-0.24	-0.24	1.04	80.00	-880.00	-240.00	-1.16	0.18	0.85	-170.00	-1020.00	-70.00	-0.98	0.98	-0.24	50.00	-980.00	370.00	-1.40	-0.30	-0.12
-280.00	-990.00	360.00	-0.37	-0.18	0.91	80.00	-880.00	-240.00	-1.28	0.24	0.73	-170.00	-1020.00	-70.00	-0.91	1.04	-0.37	40.00	-980.00	380.00	-1.40	-0.30	-0.06
-280.00	-990.00	360.00	-0.12	-0.18	0.37	80.00	-880.00	-240.00	-1.22	0.30	0.55	-170.00	-1020.00	-70.00	-0.85	0.91	-0.49	50.00	-980.00	380.00	-1.40	-0.18	0.12
-280.00	-990.00	360.00	-0.18	-0.24	0.12	80.00	-890.00	-240.00	-1.16	0.30	0.43	-170.00	-1020.00	-70.00	-0.85	0.85	-0.55	50.00	-980.00	370.00	-1.52	-0.06	0.12
-280.00	-990.00	360.00	-0.18	-0.24	0.12	90.00	-880.00	-240.00	-1.10	0.30	0.49	-170.00	-1030.00	-70.00	-0.79	0.67	-0.67	50.00	-980.00	380.00	-1.59	0.12	0.12
-280.00	-990.00	360.00	-0.37	0.12	-0.55	70.00	-890.00	-240.00	-1.04	0.24	0.49	-170.00	-1030.00	-70.00	-0.98	0.61	-0.73	50.00	-980.00	370.00	-1.52	0.30	0.18
-280.00	-990.00	350.00	-0.30	0.30	-0.98	80.00	-880.00	-240.00	-0.98	0.24	0.49	-170.00	-1030.00	-70.00	-1.22	0.43	-0.85	50.00	-990.00	370.00	-1.46	0.85	0.18
-280.00	-990.00	350.00	-0.30	0.30	-0.98	80.00	-890.00	-240.00	-0.98	0.24	0.49	-170.00	-1020.00	-70.00	-1.10	0.37	-0.85	50.00	-980.00	370.00	-1.40	1.46	0.24
-280.00	-990.00	350.00	-0.06	0.91	-2.13	80.00	-880.00	-240.00	-1.04	0.37	0.61	-170.00	-1020.00	-70.00	-0.79	0.18	-0.73	50.00	-980.00	380.00	-1.16	2.87	0.24
-280.00	-980.00	360.00	-0.06	0.91	-2.13	80.00	-880.00	-240.00	-0.91	0.24	0.67	-170.00	-1020.00	-70.00	-0.67	-0.06	-0.49	50.00	-980.00	380.00	-0.49	4.82	0.79
-280.00	-980.00	360.00	0.55	0.98	-2.32	90.00	-880.00	-240.00	-0.85	0.37	0.61	-170.00	-1020.00	-70.00	-0.73	-0.12	-0.55	50.00	-980.00	380.00	-0.55	5.67	0.91
-280.00	-980.00	360.00	0.55	0.98	-2.32	80.00	-890.00	-250.00	-0.79	0.49	0.55	-170.00	-1020.00	-70.00	-0.67	-0.06	-0.55	50.00	-980.00	370.00	-0.79	6.95	0.73
-280.00	-980.00	360.00	1.52	1.95	-3.05	80.00	-880.00	-240.00	-0.79	0.67	0.37	-170.00	-1020.00	-70.00	-0.85	-0.12	-0.61	50.00	-980.00	370.00	-1.40	8.35	0.61
-280.00	-980.00	360.00	1.52	1.95	-3.05	80.00	-890.00	-240.00	-0.85	0.67	0.12	-170.00	-1030.00	-70.00	-0.98	-0.37	-0.79	70.00	-990.00	370.00	-2.20	7.87	0.49
-280.00	-980.00	370.00	2.50	2.20	-2.93	80.00	-880.00	-240.00	-0.91	0.67	0.00	-170.00	-1020.00	-70.00	-1.22	-0.67	-0.79	60.00	-980.00	370.00	-2.80	6.77	0.55
-280.00	-980.00	370.00	3.72	3.05	-1.59	80.00	-880.00	-240.00	-0.98	0.67	-0.18	-160.00	-1030.00	-70.00	-1.28	-1.28	-0.55	50.00	-980.00	370.00	-3.29	6.83	1.04
-280.00	-980.00	360.00	3.72	3.05	-1.59	80.00	-880.00	-240.00	-1.16	1.16	-0.37	-160.00	-1030.00	-80.00	-1.71	-3.96	-0.49	60.00	-990.00	380.00	-3.60	5.85	1.52
-270.00	-980.00	360.00	4.39	3.11	-0.43	80.00	-880.00	-240.00	-1.28	1.52	-0.67	-170.00	-1030.00	-70.00	-1.83	-4.51	-0.49	50.00	-970.00	390.00	-3.90	5.24	1.52
-270.00	-980.00	360.00	4.39	3.11	-0.43	70.00	-880.00	-240.00	-1.65	1.71	-0.79	-170.00	-1030.00	-70.00	-2.01	-4.94	-1.59	30.00	-980.00	390.00	-3.90	5.06	1.22
-270.00	-990.00	360.00	5.37	2.99	1.22	80.00	-880.00	-240.00	-1.59	1.83	-0.91	-170.00	-1030.00	-70.00	-2.32	-3.84	-2.01	40.00	-970.00	400.00	-3.54	5.06	1.10
-270.00	-990.00	360.00	5.37	2.99	1.22	80.00	-880.00	-240.00	-1.16	1.95	-1.46	-170.00	-1030.00	-70.00	-2.87	-1.65	-1.71	60.00	-980.00	390.00	-2.99	4.82	0.91
-270.00	-1010.00	360.00	5.85	3.66	1.71	80.00	-880.00	-250.00	-1.16	1.95	-1.46	-170.00	-1020.00	-70.00	-3.48	0.00	-1.77	40.00	-970.00	390.00	-2.13	5.06	0.67
-270.00	-1010.00	360.00	6.77	5.12	2.74	70.00	-880.00	-240.00	-1.16	1.83	-1.59	-170.00	-1020.00	-70.00	-3.96	0.79	-1.71	40.00	-980.00	380.00	-1.10	5.79	0.30
-260.00	-1010.00	350.00	6.77	5.12	2.74	70.00	-880.00	-240.00	-0.12	1.22	-1.34	-170.00	-1030.00	-70.00	-4.51	1.40	-1.52	40.00	-980.00	380.00	-0.12	6.28	-0.55
-260.00	-1010.00	350.00	6.77	5.12	2.74	70.00	-880.00	-240.00	-0.12	1.22	-1.34	-170.00	-1020.00	-70.00	-4.88	2.01	-1.52	30.00	-990.00	370.00	0.98	6.28	-0.67
-270.00	-1000.00	360.00	6.83	5.67	3.23	80.00	-880.00	-240.00	0.43	0.98	-0.73	-170.00	-1020.00	-70.00	-4.76	2.20	-1.52	40.00	-990.00	370.00	2.07	6.46	-0.43
-270.00	-1000.00	370.00	7.20	6.22	4.45	70.00	-880.00	-240.00	0.85	-0.12	-0.18	-170.00	-1030.00	-60.00	-4.76	2.26	-1.59	30.00	-1010.00	350.00	3.11	6.28	-0.67
-270.00	-1000.00	370.00	7.20	6.22	4.45	80.00	-880.00	-240.00	0.85	-1.16	0.30	-170.00	-1030.00	-60.00	-4.02	1.95	-1.95	30.00	-1000.00	360.00	4.09	6.28	-0.85
-270.00	-1000.00	370.00	6.77	6.46	5.37	80.00	-880.00	-240.00	1.10	-1.34	0.73	-170.00	-1030.00	-60.00	-3.17	1.52	-2.80	30.00	-980.00	360.00	5.18	6.59	-1.28
-270.00	-1000.00	370.00	7.38	6.34	7.80	90.00	-880.00	-240.00	1.16	-1.77	1.22	-170.00	-1030.00	-70.00	-2.68	1.40	-3.66	30.00	-990.00	360.00	6.10	6.34	-2.20
-270.00	-990.00	360.00	7.38	6.34	7.80	100.00	-890.00	-260.00	1.40	-2.13	1.77	-170.00	-1030.00	-70.00	-2.50	1.16	-4.51	40.00	-990.00	350.00	7.13	5.67	-2.68
-270.00	-990.00	360.00	7.80	6.22	9.09	100.00	-890.00	-260.00	1.28	-2.13	2.26	-170.00	-1030.00	-60.00	-2.13	1.59	-5.18	40.00	-990.00	350.00	7.99	4.70	-2.87
-270.00	-990.00	360.00	8.60	5.98	10.18	100.00	-890.00	-250.00	1.52	-1.65	2.93	-170.00	-1030.00	-70.00	-1.83	1.52	-5.43	40.00	-1000.00	350.00	8.35	3.78	-2.80
-270.00	-1000.00	370.00	8.96	5.37	11.34	90.00	-880.00	-250.00	1.77	-1.52	3.84	-170.00	-1020.00	-90.00	-0.55	0.91	-5.79	20.00	-990.00	360.00	8.11	3.60	-1.95
-270.00	-1000.00	370.00	9.57	4.70	12.62	100.00	-890.00	-240.00	1.77	-1.34	4.82	-170.00	-1020.00	-80.00	0.18	1.65	-6.16	10.00	-990.00	360.00	7.38	4.45	-0.43
-270.00	-1010.00	380.00	10.43	4.02	14.33	90.00	-880.00	-240.00	2.26	-1.34	5.61	-170.00	-1020.00	-90.00	-0.06	2.74	-6.59	10.00	-1000.00	360.00	6.89	4.70	1.59
-270.00	-1010.00	380.00	10.79	3.84	15.43	90.00	-880.00	-250.00	2.74	-1.89	6.34	-180.00	-1010.00	-100.00	-0.73	3.96	-6.77	20.00	-990.00	360.00	7.07	1.95	4.76
-280.00	-1010.00	380.00	11.52	3.78	17.07	80.00	-880.00	-240.00	2.99	-1.83	7.07	-190.00	-1010.00	-90.00	-1.52	5.91	-6.46	50.00	-980.00	380.00	7.38	-1.83	7.74
-280.00	-1020.00	380.00	11.40	3.78	19.27	90.00	-880.00	-250.00	3.41	-1.34	7.99	-170.00	-1010.00	-90.00	-1.77	7.20	-5.67	70.00	-970.00	380.00	7.50	-4.45	9.88
-270.00	-1010.00	370.00	10.98	4.02	21.59	90.00	-880.00	-250.00	3.90	-1.10	8.84	-170.00	-1000.00	-110.00	-1.22	7.01	-4.09	90.00	-970.00	380.00	8.84	-6.89	11.59
-280.00	-1020.00	360.00	11.52	3.96	24.15	90.00	-880.00	-240.00	4.39	-1.28	9.88	-170.00	-1010.00	-110.00	0.06	6.46	-0.49	80.00	-980.00	380.00	8.84	-6.89	11.59
-290.00	-1020.00	370.00	12.62	3.84	26.71	90.00	-890.00	-240.00	5.12	-1.40	10.91	-170.00	-1010.00	-100.00	1.04	6.77	3.78	60.00	-980.00	380.00	9.39	-7.07	11.95
-280.00	-1020.00	370.00	12.01	3.17	29.70	100.00	-900.00	-240.00	5.67	-2.07	11.95	-160.00	-1000.00	-100.00	4.33	1.83	9.15	50.00	-970.00	390.00	9.57	-8.11	12.80
-290.00	-1030.00	370.00	12.20	2.87	32.80	90.00	-900.00	-240.00	6.46	-2.68	13.23	-180.00	-1000.00	-90.00	6.04	-2.44	10.79	60.00	-960.00	390.00	9.39	-8.84	13.78
-280.00	-1020.00	380.00	15.79	1.83	36.22	90.00	-900.00	-240.00	7.44	-3.35	14.51	-190.00	-1010.00	-100.00	6.16	-5.06	12.93	30.00	-970.00	380.00	9.21	-9.21	14.88
-290.00	-1020.00	400.00	13.11	1.10	39.94	80.00	-900.00	-250.00	8.23	-3.96	15.98	-190.00	-1010.00	-100.00	6.04	-5.98	15.55	40.00	-980.00	370.00	7.68	-10.91	17.13
-300.00	-1040.00	410.00	11.59	3.05	43.96	100.00	-890.00	-250.00	9.21	-4.39	17.93	-180.00	-1020.00	-100.00	5.67	-5.43	17.87	40.00	-970.00	380.00	7.68	-11.65	16.59
-290.00	-1040.00	390.00	14.09	5.00	47.99	90.00	-900.00	-260.00	10.18	-4.57	19.82	-160.00	-1030.00	-80.00	5.79	-5.67	19.70	40.00	-960.00	390.00	7.68	-11.65	16.59
-290.00	-1030.00	370.00	12.68	5.24	52.62	100.00	-900.00	-250.00	11.28	-5.18	21.95	-140.00	-1040.00	-70.00	5.98	-6.89	21.95	40.00	-960.00	390.00	7.68	-11.65	16.59
-310.00	-1060.00	440.00	13.66	4.57	56.83	100.00	-900.00	-250.00	12.32	-6.10	24.15	-130.00	-1040.00	-80.00	6.65	-7.87	24.15	50.00	-960.00	400.00	7.20	-12.38	15.24
-300.00	-1070.00	440.00	13.17	4.45	61.65	100.00	-910.00	-250.00	13.11	-6.95	25.61	-120.00	-1040.00	-80.00	7.07	-8.60	26.77	50.00	-970.00	410.00	7.20	-12.38	15.24
-300.00	-1070.00	430.00	16.46	6.46	70.98	90.00	-920.00	-240.00	12.26	-7.56	25.79	-100.00	-1030.00	-90.00	6.89	-8.54	28.96	30.00	-960.00	410.00	3.41	-11.59	14.63
-290.00	-1090.00	440.00	13.78	4.39	75.18	100.00	-920.00	-230.00	10.91	-7.87	27.44	-100.00	-1030.00	-70.00	6.46	-8.17	30.18	10.00	-970.00	400.00	3.41	-11.59	14.63
-290.00	-1030.00	430.00	12.07	3.17	81.59	90.00	-930.00	-230.00	9.21	-8.05	30.55	-120.00	-1030.00	-70.00	5.37	-7.13	30.67	20.00	-960.00	410.00	2.56	-11.65	14.82
-290.00	-1110.00	420.00	13.17	6.34	90.73	100.00	-930.00	-240.00	8.60	-7.87	33.72	-160.00	-1020.00	-80.00	3.48	-5.91	30.30	20.00	-960.00	410.00	1.28	-9.63	10.18
-300.00	-1110.00	440.00	10.79	17.87	94.63	100.00	-930.00	-240.00	9.21	-7.87	37.20	-180.00	-1020.00	-90.00	1.52	-4.76	29.39	10.00	-950.00	420.00	1.28	-9.63	10.18
-290.00	-1140.00	430.00	9.09	12.74	110.06	100.00	-980.00	-230.00	7.80	-8.17	40.85	-160.00	-1020.00	-100.00	-0.24	-3.90	28.72	10.00	-950.00	420.00	0.79	-7.87	7.38
-350.00	-1240.00	490.00	21.59	-0.98	123.72	140.00	-990.00	-210.00	4.27	-9.45	44.45	-150.00	-1030.00	-80.00	-1.77	-3.60	28.29	40.00	-950.00	420.00	0.79	-7.87	7.38
-280.00	-1200.00	410.00	47.38	-0.18	118.29	110.00	-990.00	-220.00	3.66	-11.77	49.15	-150.00	-1030.00	-60.00	-3.29	-3.41	28.78	20.00	-980.00	410.00	-1.46	-4.15	2.50
-270.00	-1250.00	440.00	47.50	1.16	122.01	110.00	-980.00	-220.00	5.24	-14.70	55.49	-170.00	-1030.00	-60.00	-4.57	-4.63	28.72	-10.00	-980.00	400.00	-1.46	-4.15	2.50
-300.00	-1290.00	480.00	44.21	5.24	129.63	130.00	-1040.00	-220.00	4.94	-18.23	62.32	-170.00	-1040.00	-70.00	-5.67	-3.96	27.44	-10.00	-980.00	400.00	-2.01	-2.68	2.26
-360.00	-1360.00	450.00	51.28	9.88	134.02	130.00	-1020.00	-240.00	3.78	-23.11	70.24	-180.00	-1030.00	-60.00	-4.57	-5.37	27.01	-20.00	-980.00	410.00	-2.50	-2.20	4.15
-180.00	-1210.00	340.00	53.54	20.49	140.79	140.00	-1030.00	-240.00	2.44	-29.76	78.90	-190.00	-1030.00	-50.00	-3.17	-5.85	26.28	-30.00	-960.00	430.00	-2.50	-2.20	4.15
-150.00	-1660.00	690.00	64.57	28.23	140.06	150.00	-1020.00	-250.00	1.16	-36.71	87.50	-210.00	-1030.00	-60.00	-2.38	-4.70	23.23	-30.00	-960.00	430.00	-2.50	-2.20	4.15
-40.00	-1640.00	530.00	68.29	39.51	140.79	160.00	-1000.00	-250.00	7.44	-44.63	96.52	-210.00	-1010.00	-70.00	-1.59	-5.18	18.72	0.00	-1000.00	390.00	-2.99	-2.93	5.79
-40.00	-1260.00	480.00	69.70	45.67	137.26	200.00	-1070.00	-260.00	9.45	-49.09	106.65	-210.00	-1010.00	-60.00	-1.40	-5.37	14.63	0.00	-1000.00	390.00	-2.07	-4.70	12.20
-130.00	-1430.00	660.00	72.80	48.96	128.90	240.00	-1100.00	-270.00	13.35	-52.50	117.44	-210.00	-1020.00	-50.00	-3.05	-4.02	10.00	20.00	-1000.00	400.00	-2.07	-4.70	12.20
-50.00	-1380.00	640.00	75.67	48.48	115.67	270.00	-1140.00	-260.00	15.98	-56.04	126.46	-210.00	-1030.00	-50.00	-1.28	-4.02	6.16	20.00	-1000.00	400.00	-1.34	-5.49	14.82
-110.00	-1230.00	640.00	74.39	45.73	100.73	290.00	-1050.00	-270.00	19.21	-59.82	134.33	-210.00	-1010.00	-50.00	0.85	-5.49	7.13	20.00	-970.00	420.00	0.91	-6.71	19.45
-250.00	-1330.00	700.00	71.34	25.61	89.57	160.00	-1210.00	-260.00	22.44	-60.85	141.22	-210.00	-1020.00	-50.00	1.77	-7.74	9.09	20.00	-970.00	420.00	0.91	-6.71	19.45
-300.00	-1190.00	640.00	64.15	17.38	60.18	500.00	-1140.00	-250.00	26.16	-59.76	145.73	-230.00	-1030.00	-70.00	2.13	-8.72	12.26	50.00	-970.00	410.00	2.38	-7.56	21.65
-350.00	-1170.00	550.00	54.70	-3.90	5.30	340.00	-1130.00	-260.00	29.15	-54.82	147.80	-250.00	-1000.00	-70.00	2.99	-10.06	15.91	0.00	-980.00	410.00	4.09	-7.93	24.45
-390.00	-1150.00	410.00	42.99	-29.21	-36.04	310.00	-1200.00	-200.00	29.70	-44.27	145.30	-270.00	-1000.00	-80.00	2.80	-9.51	18.90	0.00	-980.00	410.00	4.09	-7.93	24.45
-430.00	-1140.00	370.00	24.94	-41.10	-71.46	330.00	-1220.00	-130.00	31.28	-30.55	138.41	-280.00	-990.00	-80.00	2.62	-9.02	20.91	20.00	-990.00	390.00	4.33	-7.62	25.43
-370.00	-1010.00	200.00	18.48	-70.67	-84.33	310.00	-1250.00	-80.00	32.01	-19.27	127.32	-280.00	-990.00	-80.00	3.90	-9.88	24.27	0.00	-980.00	390.00	4.45	-6.77	27.07
-680.00	-970.00	-10.00	9.45	-86.34	-91.40	240.00	-1250.00	-80.00	31.04	-12.80	112.99	-280.00	-990.00	-50.00	6.28	-10.98	28.78	0.00	-980.00	390.00	4.45	-6.77	27.07
320.00	-710.00	-200.00	-0.98	-89.88	-103.66	190.00	-1190.00	-90.00	17.38	-20.49	67.26	-270.00	-1010.00	-70.00	7.80	-10.49	32.44	-10.00	-980.00	410.00	4.21	-6.34	26.77
420.00	-590.00	-310.00	-14.39	-87.26	-120.24	40.00	-1270.00	-140.00	6.28	-16.77	51.04	-260.00	-1010.00	-100.00	7.56	-9.57	34.94	-20.00	-960.00	420.00	3.96	-5.91	25.49
640.00	-630.00	-50.00	-29.88	-77.68	-139.02	-10.00	-1180.00	-220.00	42.13	3.96	41.34	-230.00	-1030.00	-90.00	6.52	-9.33	36.04	-20.00	-960.00	420.00	3.72	-5.37	24.09
560.00	-520.00	-280.00	-44.88	-63.35	-158.66	-30.00	-1140.00	-320.00	37.07	2.62	-4.15	-240.00	-1040.00	-70.00	6.52	-14.27	37.56	-20.00	-970.00	430.00	3.60	-4.27	23.48
780.00	-730.00	-220.00	-59.88	-44.88	-177.62	-10.00	-1060.00	-390.00	25.49	12.07	-29.88	-240.00	-1040.00	-70.00	6.95	-16.16	38.23	-10.00	-980.00	440.00	3.72	-3.41	22.74
770.00	-670.00	-180.00	-73.90	-25.30	-194.82	-120.00	-890.00	-440.00	30.55	11.95	-63.35	-240.00	-1040.00	-70.00	6.10	-14.76	37.13	-30.00	-970.00	420.00	3.54	-2.68	21.71
640.00	-670.00	-80.00	-85.79	-10.43	-208.84	520.00	-1170.00	-510.00	26.28	1.46	-91.04	-250.00	-1020.00	-70.00	6.28	-17.07	37.62	-50.00	-980.00	410.00	3.35	-1.77	20.43
550.00	-670.00	-0.00	-94.27	-2.74	-218.29	-90.00	100.00	-430.00	26.10	-0.30	-110.06	-270.00	-1010.00	-70.00	6.71	-22.38	38.96	-30.00	-990.00	410.00	3.05	-0.79	19.70
510.00	-740.00	40.00	-97.74	-2.13	-223.96	570.00	110.00	-440.00	7.44	21.89	-145.61	-260.00	-1030.00	-80.00	9.45	-24.21	39.27	-50.00	-980.00	410.00	2.80	-0.43	19.33
430.00	-830.00	70.00	-98.84	-4.76	-228.48	740.00	-520.00	-310.00	-6.28	34.70	-160.18	-270.00	-1030.00	-90.00	8.23	-9.09	34.33	-40.00	-990.00	400.00	2.44	-0.18	19.51
370.00	-890.00	140.00	-98.54	-10.24	-231.52	830.00	130.00	-200.00	-19.33	51.40	-170.85	-280.00	-1020.00	-70.00	6.89	-7.13	31.34	-50.00	-980.00	410.00	1.28	0.85	21.16
290.00	-980.00	230.00	-96.22	-18.35	-231.59	1220.00	-160.00	-190.00	-31.95	69.15	-180.49	-300.00	-1020.00	-60.00	8.29	-10.37	30.12	-60.00	-990.00	410.00	1.28	0.85	21.16
200.00	-1050.00	310.00	-94.27	-27.38	-230.12	1140.00	-200.00	-190.00	-42.44	83.48	-189.51	-300.00	-1020.00	-70.00	10.18	-13.29	28.96	-60.00	-980.00	410.00	-0.91	2.01	23.96
110.00	-1120.00	360.00	-91.77	-36.16	-227.56	920.00	-200.00	-150.00	-48.90	92.56	-197.56	-300.00	-1000.00	-80.00	10.43	-11.34	26.04	-60.00	-980.00	410.00	-0.91	2.01	23.96
20.00	-1200.00	400.00	-88.60	-41.71	-225.00	790.00	-430.00	-140.00	-53.66	97.38	-204.27	-310.00	-1010.00	-40.00	10.06	-9.76	23.35	-50.00	-970.00	420.00	-0.91	2.01	23.96
-40.00	-1240.00	410.00	-85.24	-44.76	-221.95	660.00	-540.00	-200.00	-56.52	101.10	-209.63	-330.00	-1010.00	-50.00	10.43	-9.63	22.44	-50.00	-970.00	430.00	-1.89	2.62	27.62
-90.00	-1280.00	420.00	-82.68	-42.56	-218.96	590.00	-630.00	-250.00	-50.37	97.80	-222.32	-310.00	-1010.00	-60.00	10.55	-8.48	22.07	-50.00	-970.00	440.00	-1.89	2.62	27.62
-130.00	-1310.00	460.00	-81.04	-35.12	-215.98	450.00	-730.00	-290.00	-50.37	97.80	-222.32	-340.00	-1000.00	-70.00	10.12	-7.74	21.71	-60.00	-970.00	430.00	-1.89	2.62	27.62
-150.00	-1320.00	490.00	-79.57	-24.76	-213.48	410.00	-830.00	-280.00	-50.37	97.80	-222.32	-410.00	-1020.00	40.00	9.15	-6.89	21.34	-60.00	-980.00	430.00	-2.01	3.78	27.56
-180.00	-1340.00	510.00	-77.38	-12.44	-211.40	390.00	-910.00	-250.00	-40.49	89.70	-224.82	-340.00	-990.00	-20.00	8.66	-6.59	21.89	-70.00	-980.00	420.00	-2.07	6.65	25.98
-190.00	-1370.00	510.00	-73.11	-0.49	-207.44	390.00	-960.00	-240.00	-40.49	89.70	-224.82	-370.00	-980.00	-50.00	8.84	-7.80	23.35	-70.00	-980.00	420.00	-2.07	6.65	25.98
-180.00	-1390.00	540.00	-66.95	10.06	-198.48	370.00	-990.00	-220.00	-40.49	89.70	-224.82	-350.00	-980.00	-70.00	9.94	-10.24	25.37	-60.00	-980.00	420.00	-2.38	6.83	26.34
-220.00	-1390.00	570.00	-59.94	15.91	-183.05	340.00	-1010.00	-230.00	-42.01	101.04	-209.51	-380.00	-970.00	-50.00	11.16	-9.27	26.04	-100.00	-980.00	410.00	-3.96	7.44	31.89
-260.00	-1430.00	580.00	-51.59	12.26	-161.71	330.00	-1030.00	-260.00	-42.01	101.04	-209.51	-380.00	-980.00	-40.00	11.65	-6.95	25.55	-100.00	-980.00	410.00	-3.96	7.44	31.89
-300.00	-1440.00	570.00	-43.78	1.95	-137.07	340.00	-1050.00	-250.00	-42.01	101.04	-209.51	-380.00	-970.00	-40.00	12.07	-6.52	25.43	-110.00	-980.00	420.00	-3.84	8.72	33.48
-390.00	-1470.00	570.00	-36.22	-14.33	-108.90	320.00	-1120.00	-230.00	-41.22	117.87	-176.28	-390.00	-990.00	-30.00	12.99	-8.29	25.24	-120.00	-970.00	420.00	-3.90	10.73	34.76
-480.00	-1500.00	560.00	-28.41	-34.21	-76.04	320.00	-1120.00	-230.00	-41.22	117.87	-176.28	-380.00	-990.00	-20.00	13.54	-10.49	24.45	-120.00	-970.00	420.00	-5.18	12.50	36.95
-610.00	-1520.00	570.00	-24.02	-51.16	-42.62	300.00	-1150.00	-250.00	-41.22	117.87	-176.28	-380.00	-990.00	-0.00	14.39	-13.17	24.45	-110.00	-990.00	420.00	-7.44	14.09	39.27
-760.00	-1540.00	570.00	-20.85	-64.45	-11.71	190.00	-1250.00	-270.00	-35.98	114.15	-160.79	-380.00	-990.00	-0.00	14.27	-14.88	24.15	-110.00	-1000.00	430.00	-9.09	14.33	40.67
-960.00	-1550.00	550.00	-16.52	-73.78	15.49	190.00	-1250.00	-270.00	-22.01	81.95	-126.89	-380.00	-1000.00	-10.00	15.24	-17.38	25.18	-100.00	-1010.00	410.00	-11.59	15.49	42.93
-1150.00	-1490.00	500.00	-13.11	-75.98	38.66	20.00	-1330.00	-380.00	-22.01	81.95	-126.89	-390.00	-1000.00	-20.00	16.77	-16.46	27.01	-130.00	-1000.00	420.00	-12.99	22.07	44.33
-1310.00	-1450.00	430.00	-10.67	-71.59	56.95	20.00	-1330.00	-380.00	-14.15	58.17	-109.70	-380.00	-990.00	-20.00	18.66	-14.88	28.72	-110.00	-980.00	440.00	-11.59	24.70	42.62
-1400.00	-1390.00	420.00	-7.74	-61.28	68.78	20.00	-1330.00	-380.00	1.89	-2.62	-74.45	-390.00	-990.00	-20.00	21.22	-14.88	30.49	-130.00	-990.00	440.00	-11.59	24.70	42.62
-1450.00	-1330.00	400.00	-3.60	-44.02	73.60	-60.00	-1330.00	-420.00	1.89	-2.62	-74.45	-400.00	-980.00	-30.00	22.32	-15.30	31.83	-130.00	-1010.00	410.00	-17.62	34.09	50.91
-1420.00	-1260.00	380.00	3.11	-22.07	73.72	-100.00	-1360.00	-450.00	7.20	-32.44	-56.22	-400.00	-970.00	-40.00	21.65	-16.52	32.44	-160.00	-1030.00	410.00	-20.37	38.35	56.34
-1300.00	-1180.00	370.00	11.34	2.80	72.44	-100.00	-1360.00	-450.00	10.67	-56.83	-37.87	-420.00	-970.00	-10.00	20.85	-19.09	32.07	-130.00	-1030.00	430.00	-20.37	38.35	56.34
-1180.00	-1070.00	410.00	23.23	40.06	73.29	-130.00	-1370.00	-480.00	11.40	-74.15	-19.33	-430.00	-970.00	-20.00	20.37	-21.71	30.61	-130.00	-1060.00	440.00	-24.45	42.20	65.79
-1030.00	-970.00	440.00	24.57	82.38	51.65	-330.00	-1310.00	-610.00	10.00	-84.82	-1.83	-430.00	-980.00	-10.00	20.55	-24.15	30.73	-110.00	-1090.00	440.00	-24.45	42.20	65.79
-850.00	-850.00	470.00	24.39	90.37	36.40	-330.00	-1310.00	-610.00	6.83	-87.50	14.02	-440.00	-970.00	-0.00	18.78	-29.94	31.89	-110.00	-1090.00	440.00	-23.72	44.63	69.15
-670.00	-750.00	500.00	22.74	86.22	50.98	-380.00	-1290.00	-630.00	2.80	-81.22	28.84	-420.00	-1000.00	-20.00	18.23	-24.33	32.50	-130.00	-1030.00	420.00	-23.60	46.10	72.62
-510.00	-660.00	510.00	8.60	56.71	91.83	-440.00	-1290.00	-650.00	-1.16	-66.10	42.99	-440.00	-1000.00	20.00	9.15	-28.05	27.62	-160.00	-1100.00	390.00	-26.77	49.57	80.24
-410.00	-560.00	510.00	5.00	32.01	106.22	-510.00	-1250.00	-650.00	-5.18	-45.30	57.01	-440.00	-1000.00	-20.00	-0.30	-32.99	26.40	-160.00	-1100.00	390.00	-25.67	55.00	85.55
-260.00	-560.00	570.00	1.22	64.27	88.17	-550.00	-1190.00	-610.00	-12.74	-17.56	68.66	-440.00	-1000.00	10.00	5.73	-25.85	33.78	-120.00	-1080.00	410.00	-16.22	65.79	93.90
-280.00	-370.00	830.00	2.87	60.55	96.95	-570.00	-1140.00	-540.00	-18.05	15.85	88.05	-440.00	-990.00	20.00	-6.71	-16.28	33.54	-140.00	-1080.00	400.00	-16.22	65.79	93.90
260.00	-760.00	480.00	19.63	0.67	114.82	-560.00	-1000.00	-350.00	-26.77	52.80	87.32	-450.00	-980.00	40.00	-25.43	-12.62	35.73	-140.00	-1120.00	410.00	15.91	68.54	113.23
670.00	-1300.00	-70.00	28.78	-27.38	115.18	-560.00	-900.00	-240.00	-33.90	63.17	82.44	-460.00	-1010.00	0.00	-2.38	3.96	51.28	-140.00	-1130.00	430.00	15.91	68.54	113.23
530.00	-1960.00	-620.00	30.61	53.72	61.52	-550.00	-810.00	-160.00	-10.18	44.15	100.06	-440.00	-1000.00	20.00	-10.43	11.83	52.32	-90.00	-1150.00	430.00	13.23	79.76	120.43
110.00	-2000.00	980.00	30.61	53.72	61.52	-530.00	-730.00	-90.00	21.16	-1.71	106.10	-440.00	-1020.00	10.00	-23.41	24.27	54.70	-100.00	-1230.00	440.00	11.52	95.30	151.10
-980.00	-1990.00	2000.00	30.61	53.72	61.52	-430.00	-650.00	-30.00	3.66	-8.60	108.78	-470.00	-1030.00	30.00	-25.55	38.48	57.87	-120.00	-1010.00	460.00	11.52	95.30	151.10
-710.00	-1530.00	1410.00	31.71	32.68	50.91	-940.00	-320.00	180.00	-30.30	-4.88	119.88	-450.00	-1110.00	30.00	-16.28	46.28	64.39	-120.00	-1010.00	460.00	11.52	95.30	151.10
-70.00	-1060.00	690.00	7.20	50.55	61.10	260.00	-1050.00	210.00	-25.43	-48.17	110.61	-460.00	-1070.00	20.00	-14.02	46.77	69.21	50.00	-880.00	510.00	12.26	105.98	159.02
560.00	-620.00	460.00	5.06	41.52	61.34	600.00	-380.00	-40.00	-12.38	-90.61	88.72	-460.00	-1070.00	60.00	-27.56	52.99	74.39	80.00	-1900.00	400.00	3.11	127.62	179.15
500.00	-700.00	-170.00	5.06	41.52	61.34	1710.00	-590.00	-940.00	-12.80	-90.49	80.24	-400.00	-680.00	360.00	-3.90	40.18	94.63	80.00	-1900.00	400.00	3.11	127.62	179.15
-330.00	-1070.00	540.00	-2.62	33.23	54.45	1640.00	-1230.00	-940.00	-3.78	-66.22	79.15	-550.00	-1370.00	-120.00	-7.62	39.88	103.29	40.00	-1530.00	340.00	14.33	143.60	181.77
-330.00	-1070.00	540.00	-7.74	32.99	54.45	-20.00	-2000.00	320.00	-5.49	-31.28	77.38	-580.00	-930.00	230.00	-4.33	45.79	112.62	-60.00	-1790.00	200.00	32.20	172.44	167.38
-330.00	-1070.00	540.00	-7.74	32.99	54.45	220.00	-2000.00	590.00	-9.27	-6.89	82.68	-450.00	-1080.00	100.00	7.32	42.80	125.55	-60.00	-1790.00	200.00	32.20	172.44	167.38
-330.00	-1070.00	540.00	-7.74	32.99	54.45	830.00	-1420.00	360.00	-6.04	3.66	80.30	-450.00	-1090.00	-20.00	9.15	33.11	138.11	-70.00	-1680.00	280.00	48.72	189.33	158.11
-70.00	-1100.00	420.00	-9.33	26.04	52.68	790.00	-820.00	380.00	-3.41	-1.46	69.94	-430.00	-1060.00	40.00	11.77	20.98	146.04	10.00	-1670.00	480.00	66.59	203.84	128.11
-210.00	-1000.00	380.00	-5.85	20.30	45.91	470.00	-280.00	-80.00	-11.77	0.49	70.67	-310.00	-1180.00	70.00	10.61	13.96	155.61	10.00	-1670.00	480.00	89.15	218.66	73.54
-210.00	-1000.00	380.00	-3.96	16.10	36.52	30.00	-280.00	-700.00	-11.95	0.06	70.18	-380.00	-1060.00	50.00	12.80	12.80	170.67	-50.00	-1510.00	550.00	109.94	236.65	29.82
-210.00	-1000.00	380.00	-5.79	14.09	33.60	-650.00	-950.00	-1310.00	-8.90	-2.01	64.82	-430.00	-1330.00	10.00	10.30	15.79	179.70	60.00	-1570.00	580.00	-14.21	171.59	84.21
-210.00	-1040.00	310.00	-5.79	14.09	33.60	-410.00	-720.00	-640.00	-8.72	-5.30	59.09	-440.00	-1330.00	-0.00	0.61	14.15	185.37	-0.00	-1450.00	560.00	-42.87	192.56	15.85
-210.00	-1040.00	310.00	-8.78	11.52	33.96	230.00	-920.00	-290.00	-10.24	-7.44	54.51	-400.00	-1290.00	-30.00	10.49	16.52	189.33	50.00	-1280.00	660.00	50.98	214.02	-29.63
-210.00	-1040.00	310.00	-7.93	6.83	29.21	210.00	-1330.00	30.00	-11.10	-7.99	50.49	-350.00	-1340.00	-50.00	11.28	20.43	192.99	70.00	-960.00	610.00	-1.40	64.63	4.94
-240.00	-990.00	320.00	-4.33	4.39	26.16	360.00	-1150.00	-30.00	-10.49	-10.43	47.99	-410.00	-1360.00	-40.00	13.54	25.18	199.51	180.00	-620.00	670.00	-8.48	-10.55	-19.33
-240.00	-990.00	330.00	-2.32	3.90	24.45	210.00	-890.00	-270.00	-10.12	-13.11	46.89	-410.00	-1410.00	-70.00	23.17	35.73	195.12	-1190.00	990.00	50.00	13.23	-38.29	-45.91
-240.00	-990.00	330.00	-2.32	3.90	24.45	140.00	-870.00	-290.00	-8.84	-16.04	45.18	-390.00	-1480.00	-170.00	31.34	46.04	177.93	1330.00	-1470.00	1160.00	20.98	-48.05	-63.78
-250.00	-1000.00	290.00	-0.06	4.09	24.63	240.00	-880.00	-210.00	-8.11	-18.11	42.62	-270.00	-1470.00	-270.00	43.11	56.22	158.05	-680.00	-1180.00	-10.00	25.98	-43.60	-81.65
-250.00	-1000.00	290.00	1.16	4.51	24.70	160.00	-950.00	-220.00	-8.17	-18.96	39.70	-440.00	-1550.00	-340.00	54.94	85.24	104.27	-810.00	-110.00	400.00	38.29	-32.99	-106.10
-250.00	-1000.00	290.00	1.16	4.51	24.70	190.00	-890.00	-240.00	-8.96	-18.72	36.89	-490.00	-1540.00	-270.00	46.34	106.52	91.10	-340.00	-390.00	550.00	52.87	-25.24	-128.84
-260.00	-1030.00	290.00	1.16	4.51	24.70	240.00	-850.00	-270.00	-8.96	-18.35	34.27	-400.00	-1720.00	-230.00	12.99	125.06	70.30	110.00	-370.00	520.00	63.35	-21.95	-150.30
-260.00	-1030.00	290.00	4.82	4.15	23.05	260.00	-850.00	-270.00	-8.96	-19.15	31.89	-370.00	-1630.00	-110.00	10.12	122.87	16.04	320.00	-320.00	420.00	69.33	-21.28	-169.39
-250.00	-1030.00	290.00	4.82	4.15	23.05	260.00	-850.00	-290.00	-8.84	-19.45	30.00	-360.00	-1500.00	10.00	17.50	102.62	-29.63	350.00	-370.00	320.00	71.22	-25.85	-182.13
-270.00	-1000.00	280.00	4.82	4.15	23.05	180.00	-860.00	-290.00	-8.11	-19.39	28.41	-410.00	-1640.00	-10.00	24.39	70.18	-63.84	300.00	-570.00	230.00	70.73	-37.56	-191.40
-270.00	-1000.00	280.00	5.00	3.48	22.93	150.00	-870.00	-250.00	-7.74	-19.33	26.95	-480.00	-1350.00	30.00	31.46	49.76	-86.83	210.00	-640.00	180.00	69.63	-51.89	-199.82
-280.00	-1010.00	280.00	5.00	3.48	22.93	160.00	-880.00	-260.00	-7.62	-19.33	25.85	-460.00	-1200.00	140.00	33.96	44.02	-102.32	100.00	-620.00	190.00	68.60	-62.68	-207.50
-280.00	-1020.00	270.00	7.32	3.17	22.01	180.00	-870.00	-260.00	-7.38	-19.39	25.06	-390.00	-1090.00	200.00	41.04	48.05	-116.16	30.00	-550.00	220.00	67.80	-65.79	-216.04
-280.00	-1020.00	270.00	7.32	3.17	22.01	190.00	-860.00	-290.00	-6.95	-18.72	24.45	-230.00	-870.00	290.00	49.39	55.18	-129.70	-50.00	-560.00	240.00	68.17	-63.29	-225.67
-310.00	-1020.00	280.00	4.39	2.56	27.07	170.00	-850.00	-310.00	-6.16	-18.17	23.96	-90.00	-840.00	380.00	56.77	60.12	-146.46	-130.00	-620.00	220.00	72.44	-60.37	-235.91
-310.00	-1020.00	280.00	8.66	1.89	25.73	160.00	-840.00	-300.00	-5.67	-17.80	23.48	-180.00	-640.00	360.00	62.07	60.85	-163.60	-180.00	-710.00	210.00	74.33	-67.13	-238.29
-310.00	-1020.00	280.00	8.66	1.89	25.73	150.00	-850.00	-300.00	-5.00	-16.83	23.35	-320.00	-700.00	330.00	63.60	59.63	-179.76	-180.00	-800.00	220.00	75.43	-80.06	-238.66
-310.00	-1020.00	280.00	8.29	4.82	26.89	170.00	-860.00	-300.00	-4.15	-16.10	23.17	10.00	-440.00	390.00	63.90	54.70	-195.55	-140.00	-880.00	230.00	71.83	-130.18	-228.78
-260.00	-1040.00	290.00	8.29	4.82	26.89	150.00	-850.00	-310.00	-3.54	-15.79	23.35	50.00	-470.00	420.00	64.57	48.17	-209.76	-140.00	-940.00	250.00	71.83	-130.18	-228.78
-280.00	-1030.00	280.00	5.85	6.95	29.45	150.00	-850.00	-310.00	-2.87	-15.24	23.72	420.00	-560.00	260.00	64.94	44.39	-220.67	-160.00	-1000.00	270.00	71.83	-130.18	-228.78
-280.00	-1030.00	280.00	5.85	6.95	29.45	140.00	-840.00	-320.00	-2.20	-14.57	23.90	460.00	-470.00	140.00	64.33	44.82	-227.74	-230.00	-1050.00	270.00	65.24	-141.89	-230.55
-320.00	-1040.00	290.00	5.91	7.80	31.28	130.00	-840.00	-310.00	-1.52	-14.57	23.96	370.00	-490.00	50.00	62.26	49.57	-231.22	-300.00	-1120.00	270.00	65.24	-141.89	-230.55
-320.00	-1040.00	290.00	5.91	7.80	31.28	130.00	-840.00	-310.00	-1.46	-15.06	23.96	180.00	-360.00	20.00	60.00	54.63	-232.01	-340.00	-1150.00	270.00	65.24	-141.89	-230.55
-280.00	-1060.00	320.00	7.01	8.35	32.13	130.00	-840.00	-320.00	-1.59	-15.06	24.21	30.00	-340.00	-10.00	59.39	53.17	-233.60	-330.00	-1180.00	280.00	59.15	-138.41	-228.54
-280.00	-1060.00	320.00	8.11	8.84	34.57	130.00	-850.00	-310.00	-1.46	-15.00	25.06	-20.00	-370.00	20.00	58.17	46.71	-236.83	-250.00	-1290.00	410.00	54.02	-134.45	-224.09
-290.00	-1030.00	300.00	8.11	8.84	34.57	120.00	-830.00	-320.00	-0.91	-15.49	25.79	-20.00	-420.00	30.00	57.20	36.16	-241.65	-250.00	-1290.00	410.00	54.02	-134.45	-224.09
-290.00	-1030.00	300.00	8.11	8.84	34.57	120.00	-840.00	-330.00	-0.24	-17.07	26.65	-20.00	-510.00	20.00	55.91	20.79	-248.29	-250.00	-1290.00	410.00	54.02	-134.45	-224.09
-300.00	-1060.00	330.00	15.73	6.22	34.15	120.00	-850.00	-320.00	0.37	-18.41	27.80	-50.00	-600.00	-30.00	54.51	4.45	-255.06	-220.00	-1300.00	460.00	40.61	-127.56	-206.40
-290.00	-890.00	300.00	21.83	8.17	38.23	120.00	-860.00	-300.00	0.91	-17.80	29.09	-110.00	-650.00	-60.00	53.29	-10.98	-261.22	-190.00	-1340.00	510.00	40.61	-127.56	-206.40
-290.00	-890.00	300.00	21.83	8.17	38.23	100.00	-870.00	-300.00	0.98	-17.01	30.61	-180.00	-720.00	-90.00	52.01	-21.77	-265.18	-190.00	-1340.00	510.00	31.59	-74.27	-165.30
-380.00	-950.00	270.00	19.39	11.04	41.40	130.00	-870.00	-310.00	0.85	-16.52	31.83	-240.00	-790.00	-100.00	51.04	-28.78	-268.48	-190.00	-1340.00	510.00	29.39	-4.70	-93.11
-380.00	-950.00	270.00	16.52	17.01	50.73	130.00	-870.00	-330.00	0.98	-15.98	33.05	-270.00	-860.00	-140.00	48.29	-30.67	-270.24	-250.00	-1400.00	500.00	29.39	-4.70	-93.11
-330.00	-1210.00	380.00	16.52	17.01	50.73	130.00	-850.00	-340.00	1.89	-15.61	34.33	-330.00	-940.00	-150.00	44.33	-29.15	-269.76	-250.00	-1400.00	500.00	14.63	28.96	1.77
-330.00	-1210.00	380.00	16.52	17.01	50.73	110.00	-860.00	-330.00	2.50	-15.67	35.00	-350.00	-980.00	-180.00	39.63	-24.02	-266.46	-250.00	-1400.00	500.00	5.55	28.84	31.22
-330.00	-1010.00	330.00	16.04	17.87	54.45	100.00	-870.00	-320.00	2.62	-15.49	35.73	-360.00	-1030.00	-210.00	36.04	-21.71	-262.93	-280.00	-1410.00	610.00	5.55	28.84	31.22
-310.00	-1140.00	400.00	13.35	14.57	61.04	80.00	-880.00	-310.00	2.68	-14.94	35.85	-360.00	-1080.00	-240.00	32.80	-20.55	-258.48	-280.00	-1410.00	610.00	-7.56	23.41	72.80
-310.00	-1140.00	400.00	13.35	14.57	61.04	80.00	-880.00	-320.00	3.11	-14.39	36.52	-330.00	-1110.00	-250.00	28.11	-22.44	-251.40	-530.00	-1410.00	700.00	-7.56	23.41	72.80
-310.00	-1140.00	400.00	13.35	14.57	61.04	60.00	-880.00	-320.00	2.07	-13.72	37.01	-310.00	-1180.00	-250.00	24.39	-25.18	-242.50	-530.00	-1410.00	700.00	-1.34	25.43	75.55
-330.00	-1000.00	360.00	12.68	5.30	77.32	30.00	-870.00	-320.00	3.60	-12.93	40.18	-290.00	-1210.00	-260.00	22.32	-22.99	-230.06	-990.00	-1300.00	470.00	-47.20	5.43	140.12
-400.00	-1100.00	380.00	12.68	5.30	77.32	50.00	-880.00	-310.00	3.23	-11.71	42.44	-320.00	-1260.00	-240.00	21.77	-16.65	-212.07	-1090.00	-1170.00	380.00	-34.63	25.24	155.67
-400.00	-1100.00	380.00	12.68	5.30	77.32	30.00	-870.00	-310.00	2.87	-10.85	45.06	-350.00	-1290.00	-200.00	22.74	-6.34	-188.60	-1080.00	-1000.00	300.00	-34.63	25.24	155.67
-400.00	-1100.00	380.00	12.68	5.30	77.32	60.00	-870.00	-310.00	3.60	-9.88	48.54	-390.00	-1350.00	-150.00	25.00	3.17	-161.34	-990.00	-1010.00	270.00	-39.33	38.78	153.66
-390.00	-1110.00	320.00	11.52	-6.46	101.22	80.00	-910.00	-320.00	1.77	-9.15	50.79	-440.00	-1410.00	-120.00	27.07	12.07	-131.34	-990.00	-1010.00	270.00	-37.62	34.70	173.48
-390.00	-1110.00	320.00	11.52	-6.46	101.22	40.00	-900.00	-320.00	2.68	-8.96	53.23	-470.00	-1430.00	-130.00	27.80	19.45	-98.78	-830.00	-890.00	280.00	-37.62	34.70	173.48
-390.00	-1110.00	320.00	11.52	-6.46	101.22	50.00	-940.00	-300.00	2.44	-9.51	54.88	-480.00	-1480.00	-120.00	26.52	23.84	-63.90	-830.00	-890.00	280.00	-17.44	2.07	145.67
-390.00	-1110.00	320.00	21.04	-7.80	128.60	70.00	-990.00	-290.00	0.55	-10.98	55.98	-480.00	-1490.00	-160.00	23.72	23.78	-28.54	2000.00	-950.00	540.00	-17.44	2.07	145.67
-440.00	-1170.00	300.00	21.04	-7.80	128.60	40.00	-950.00	-290.00	2.13	-13.17	58.17	-490.00	-1500.00	-130.00	20.00	15.18	3.17	2000.00	-950.00	540.00	-4.21	-38.60	102.80
-440.00	-1170.00	300.00	21.04	-7.80	128.60	40.00	-980.00	-290.00	4.51	-15.61	60.55	-560.00	-1550.00	-160.00	13.41	6.04	30.85	1770.00	-940.00	850.00	-4.21	-38.60	102.80
-440.00	-1170.00	300.00	32.87	-5.18	138.60	60.00	-960.00	-290.00	4.57	-18.05	62.99	-620.00	-1570.00	-100.00	5.00	-0.24	53.84	-400.00	-2000.00	-280.00	-16.28	-13.41	92.56
-370.00	-1360.00	410.00	69.15	-6.22	147.01	30.00	-940.00	-300.00	5.98	-21.46	66.16	-710.00	-1580.00	-30.00	-2.99	-5.79	72.74	-400.00	-2000.00	-280.00	-15.91	-27.68	69.88
-370.00	-1360.00	410.00	69.15	-6.22	147.01	40.00	-940.00	-320.00	7.99	-25.06	70.24	-840.00	-1550.00	20.00	-8.17	-15.85	86.40	-490.00	-1840.00	90.00	-15.91	-27.68	69.88
-370.00	-1360.00	410.00	82.87	-8.90	138.35	20.00	-950.00	-350.00	9.39	-28.11	75.12	-960.00	-1510.00	40.00	-7.56	-36.71	94.70	-490.00	-1840.00	90.00	-10.00	-20.49	61.28
-270.00	-1380.00	420.00	73.29	0.37	164.33	50.00	-950.00	-360.00	11.34	-31.65	81.71	-1080.00	-1460.00	60.00	-7.80	-57.93	76.46	80.00	-1300.00	290.00	-10.00	-20.49	61.28
-340.00	-1530.00	490.00	73.29	0.37	164.33	90.00	-960.00	-380.00	15.85	-33.35	90.85	-1200.00	-1420.00	60.00	-14.76	-58.66	60.37	-340.00	-770.00	650.00	0.00	-13.17	51.40
-340.00	-1530.00	490.00	81.34	7.26	167.62	80.00	-990.00	-400.00	16.52	-34.02	100.55	-1290.00	-1310.00	50.00	-4.88	-55.61	32.74	-340.00	-770.00	650.00	0.00	-13.17	51.40
-330.00	-1580.00	550.00	77.56	19.63	171.10	90.00	-970.00	-380.00	19.51	-36.28	112.32	-1430.00	-1210.00	-40.00	3.90	-87.87	57.62	-410.00	-1060.00	510.00	2.50	-7.99	47.93
-210.00	-1770.00	590.00	71.89	32.74	169.94	90.00	-1030.00	-370.00	22.07	-41.95	124.21	-1440.00	-1120.00	-120.00	0.30	-95.12	118.96	-410.00	-1060.00	510.00	2.93	-6.71	37.07
-210.00	-1770.00	590.00	68.17	45.30	162.93	130.00	-1070.00	-380.00	27.87	-49.57	134.82	-1380.00	-1050.00	-140.00	-11.59	-99.70	138.35	60.00	-1230.00	270.00	2.93	-6.71	37.07
-0.00	-1090.00	240.00	65.12	53.41	152.20	170.00	-1140.00	-380.00	32.99	-56.59	146.04	-1290.00	-1040.00	-140.00	-19.94	-62.38	137.20	60.00	-1230.00	270.00	2.93	-6.71	37.07
-220.00	-1560.00	670.00	63.84	53.66	137.38	180.00	-1190.00	-360.00	36.83	-62.01	157.20	-1200.00	-950.00	-140.00	-32.07	-15.43	138.60	-10.00	-1160.00	300.00	1.77	-6.65	33.05
-200.00	-1370.00	790.00	58.78	41.10	121.34	230.00	-1250.00	-330.00	42.32	-66.16	162.93	-1090.00	-910.00	-160.00	0.67	-30.18	155.55	60.00	-1040.00	380.00	0.98	-2.93	30.73
-220.00	-1340.00	780.00	45.18	14.51	101.40	270.00	-1180.00	-320.00	48.54	-69.82	166.77	-960.00	-840.00	-140.00	54.45	-53.90	200.98	60.00	-1040.00	380.00	0.98	-2.93	30.73
-310.00	-1370.00	680.00	62.80	-16.59	70.00	310.00	-1270.00	-340.00	48.54	-70.91	168.35	-310.00	-1060.00	-150.00	51.16	-56.95	195.00	60.00	-1040.00	380.00	0.98	-2.93	30.73
-220.00	-1300.00	520.00	56.46	-36.46	1.10	350.00	-1300.00	-320.00	46.83	-66.46	164.33	30.00	-960.00	-570.00	26.28	-41.46	161.16	10.00	-970.00	450.00	-2.26	-0.49	28.35
-310.00	-1260.00	400.00	19.15	-38.35	-63.60	410.00	-1290.00	-330.00	45.43	-54.09	157.99	870.00	-1030.00	80.00	14.09	-12.99	134.02	0.00	-980.00	440.00	-2.26	-0.49	28.35
-360.00	-1250.00	190.00	4.82	-55.91	-104.15	340.00	-1360.00	-260.00	44.33	-43.66	147.13	2000.00	-1740.00	-190.00	-11.65	-4.76	98.66	0.00	-980.00	440.00	-2.80	-0.55	27.87
-450.00	-1090.00	-10.00	-0.24	-87.68	-123.29	350.00	-1330.00	-190.00	40.00	-39.82	115.73	-240.00	-1710.00	-1060.00	-14.70	-7.13	74.88	30.00	-970.00	450.00	-2.80	-0.55	27.87
110.00	-1260.00	-330.00	-17.07	-104.76	-141.95	230.00	-1370.00	-100.00	-13.29	-65.49	27.74	-1230.00	-1370.00	-770.00	-0.79	-15.12	66.52	90.00	-970.00	480.00	-2.80	-0.55	27.87
630.00	-850.00	-330.00	-33.05	-113.23	-157.32	160.00	-1440.00	-120.00	-8.48	-65.73	-13.35	-1060.00	-1500.00	-350.00	8.29	-18.54	58.05	90.00	-970.00	480.00	-1.46	2.26	29.82
1050.00	-220.00	-490.00	-42.80	-114.51	-171.89	220.00	-1420.00	-220.00	86.22	-14.94	20.85	-410.00	-1310.00	-330.00	10.43	-17.87	51.89	90.00	-970.00	480.00	-1.46	2.26	29.82
770.00	-710.00	-180.00	-51.16	-108.17	-185.00	110.00	-1270.00	-330.00	61.16	-1.34	25.55	-260.00	-1310.00	-100.00	8.17	-11.95	51.71	20.00	-970.00	450.00	-1.46	2.26	29.82
620.00	-580.00	-410.00	-64.45	-94.63	-196.95	160.00	-1190.00	-420.00	-4.63	3.78	-9.02	-320.00	-1110.00	100.00	4.51	-9.39	52.74	30.00	-980.00	430.00	-1.28	1.89	30.67
900.00	-640.00	-250.00	-79.27	-78.60	-209.63	360.00	-1050.00	-500.00	-2.80	25.24	-52.13	-180.00	-990.00	300.00	1.40	-10.24	49.94	40.00	-970.00	410.00	-1.34	1.04	31.28
750.00	-570.00	-150.00	-89.15	-64.09	-221.10	1030.00	-2000.00	-890.00	12.20	19.33	-104.21	-420.00	-930.00	250.00	0.61	-10.43	45.12	40.00	-970.00	410.00	-1.34	1.04	31.28
610.00	-620.00	-60.00	-95.67	-51.59	-229.82	-830.00	650.00	-780.00	8.54	9.27	-140.06	-480.00	-1030.00	150.00	1.16	-10.67	41.77	40.00	-970.00	410.00	-2.56	-0.12	33.78
550.00	-700.00	90.00	-100.67	-42.56	-237.32	1020.00	510.00	580.00	4.27	6.46	-164.51	-280.00	-990.00	0.00	1.40	-8.96	39.88	10.00	-940.00	430.00	-2.56	-0.12	33.78
410.00	-810.00	200.00	-101.10	-38.78	-241.52	1290.00	-60.00	-350.00	3.23	12.87	-182.87	-290.00	-990.00	-220.00	0.91	-6.65	39.63	10.00	-940.00	430.00	-2.56	-0.12	33.78
360.00	-830.00	230.00	-97.56	-43.41	-242.99	320.00	30.00	-400.00	3.05	19.15	-197.68	-330.00	-960.00	-210.00	0.49	-7.80	40.43	10.00	-940.00	430.00	-3.05	0.91	35.06
250.00	-930.00	270.00	-91.04	-51.22	-240.91	1220.00	30.00	-230.00	-5.30	25.98	-209.88	-260.00	-990.00	-160.00	1.46	-12.26	43.11	-20.00	-940.00	410.00	-3.05	0.91	35.06
140.00	-1060.00	280.00	-87.13	-57.07	-238.05	1290.00	-80.00	-190.00	-20.67	37.32	-218.96	-250.00	-1010.00	-40.00	2.26	-11.04	45.67	-10.00	-950.00	430.00	-3.05	0.91	35.06
70.00	-1190.00	350.00	-85.61	-62.38	-235.85	1130.00	-240.00	-140.00	-35.18	49.15	-224.57	-200.00	-1050.00	40.00	1.71	-10.67	47.20	-10.00	-950.00	430.00	-3.05	0.91	35.06
20.00	-1260.00	450.00	-78.35	-72.44	-232.74	880.00	-300.00	-110.00	-40.12	60.61	-227.01	-210.00	-1040.00	90.00	3.11	-9.70	45.91	-20.00	-980.00	450.00	-4.33	-1.40	39.76
-90.00	-1350.00	530.00	-78.35	-72.44	-232.74	730.00	-410.00	-50.00	-40.06	70.98	-230.79	-230.00	-1010.00	30.00	4.51	-3.96	41.71	-20.00	-980.00	450.00	-4.33	-1.40	39.76
-150.00	-1390.00	570.00	-73.23	-63.11	-234.27	580.00	-770.00	-140.00	-41.46	77.87	-235.91	-250.00	-1000.00	40.00	4.94	-3.41	40.85	-20.00	-980.00	450.00	-4.33	-1.40	39.76
-240.00	-1410.00	620.00	-73.23	-63.11	-234.27	420.00	-900.00	-230.00	-41.16	81.22	-240.06	-230.00	-1050.00	70.00	5.12	-5.91	42.68	-20.00	-980.00	450.00	-8.78	-1.16	42.74
-260.00	-1400.00	600.00	-74.27	-50.55	-234.51	350.00	-950.00	-280.00	-36.77	80.85	-242.62	-230.00	-1060.00	100.00	5.37	-5.73	43.90	-60.00	-1010.00	410.00	-9.88	-0.43	44.57
-310.00	-1400.00	620.00	-74.51	-26.16	-223.90	300.00	-980.00	-310.00	-32.99	77.68	-242.26	-240.00	-1020.00	70.00	5.18	-5.55	44.82	-60.00	-1010.00	410.00	-9.88	-0.43	44.57
-300.00	-1410.00	600.00	-66.16	-2.01	-183.17	310.00	-1080.00	-290.00	-30.67	73.54	-241.16	-270.00	-1030.00	30.00	5.24	-3.84	44.94	-60.00	-1010.00	410.00	-9.88	-0.43	44.57
-240.00	-1410.00	600.00	-66.16	-2.01	-183.17	310.00	-1170.00	-250.00	-28.84	70.73	-240.91	-240.00	-1040.00	10.00	5.37	-3.29	45.37	-50.00	-980.00	450.00	-12.20	2.38	49.57
-240.00	-1410.00	600.00	-62.26	-1.65	-162.56	300.00	-1190.00	-210.00	-26.71	69.57	-240.67	-280.00	-1050.00	80.00	3.78	-3.60	46.10	-60.00	-980.00	470.00	-12.20	2.38	49.57
-230.00	-1430.00	590.00	-50.98	-11.40	-116.28	250.00	-1220.00	-220.00	-25.00	71.59	-240.37	-240.00	-1030.00	30.00	3.48	-5.85	47.68	-60.00	-980.00	470.00	-12.20	2.38	49.57
-310.00	-1460.00	520.00	-50.98	-11.40	-116.28	230.00	-1260.00	-250.00	-25.24	77.56	-238.05	-300.00	-980.00	30.00	2.44	-7.01	47.26	-60.00	-980.00	470.00	-13.60	4.88	51.16
-310.00	-1460.00	520.00	-41.22	-21.52	-86.65	220.00	-1280.00	-260.00	-26.46	85.73	-234.09	-320.00	-1000.00	80.00	0.98	-8.78	45.73	-80.00	-1000.00	420.00	-15.00	14.70	51.59
-380.00	-1480.00	500.00	-13.66	-54.76	-18.17	210.00	-1290.00	-270.00	-26.16	93.66	-229.70	-300.00	-1010.00	50.00	2.38	-9.45	44.27	-80.00	-1000.00	420.00	-16.34	18.48	54.27
-1120.00	-1490.00	510.00	-13.66	-54.76	-18.17	200.00	-1270.00	-260.00	-26.89	100.00	-223.17	-290.00	-1020.00	60.00	4.09	-9.21	42.93	-80.00	-1000.00	420.00	-16.34	18.48	54.27
-1390.00	-1440.00	510.00	-13.66	-54.76	-18.17	210.00	-1290.00	-270.00	-30.55	105.06	-213.54	-310.00	-1000.00	40.00	3.72	-7.93	41.28	-90.00	-980.00	420.00	-18.48	25.49	58.23
-1710.00	-1270.00	530.00	-3.29	-60.98	10.12	160.00	-1300.00	-310.00	-32.99	108.66	-201.46	-330.00	-990.00	40.00	3.41	-9.94	40.98	-130.00	-980.00	410.00	-21.95	29.70	61.22
-1710.00	-1270.00	530.00	8.84	-34.88	43.23	120.00	-1310.00	-370.00	-31.83	108.11	-186.71	-320.00	-1010.00	30.00	2.13	-12.68	39.88	-130.00	-980.00	410.00	-21.95	29.70	61.22
-1770.00	-1210.00	500.00	8.84	-34.88	43.23	100.00	-1310.00	-410.00	-29.33	101.77	-169.82	-340.00	-1020.00	100.00	0.30	-13.54	37.56	-130.00	-980.00	410.00	-24.09	39.21	68.84
-1770.00	-1210.00	500.00	8.84	-34.88	43.23	60.00	-1340.00	-470.00	-27.26	90.00	-151.16	-310.00	-1020.00	60.00	3.11	-11.46	37.93	-110.00	-1010.00	430.00	-24.09	39.21	68.84
-1580.00	-980.00	470.00	12.32	58.60	35.37	-10.00	-1360.00	-480.00	-26.40	73.35	-133.23	-330.00	-1010.00	40.00	3.78	-10.18	38.29	-110.00	-1050.00	450.00	-21.83	42.68	70.79
-1580.00	-980.00	470.00	12.32	58.60	35.37	-90.00	-1340.00	-480.00	-23.35	52.50	-115.37	-340.00	-1020.00	60.00	2.50	-12.26	37.62	-110.00	-1050.00	450.00	-20.24	52.13	77.20
-1380.00	-800.00	510.00	12.32	58.60	35.37	-130.00	-1340.00	-510.00	-12.80	27.20	-94.45	-350.00	-1000.00	70.00	4.27	-12.13	38.17	-90.00	-1080.00	470.00	-20.24	52.13	77.20
-890.00	-580.00	530.00	12.93	96.10	37.32	-230.00	-1370.00	-550.00	0.06	0.12	-71.95	-380.00	-980.00	10.00	5.49	-13.90	39.39	-60.00	-1140.00	470.00	-18.23	58.23	80.43
-890.00	-580.00	530.00	28.72	101.16	51.65	-380.00	-1410.00	-600.00	7.50	-21.28	-49.63	-380.00	-1000.00	70.00	2.13	-17.26	36.59	-60.00	-1140.00	470.00	-18.23	58.23	80.43
-890.00	-580.00	530.00	28.72	101.16	51.65	-570.00	-1450.00	-640.00	11.65	-36.40	-27.26	-390.00	-1000.00	20.00	-2.62	-16.40	34.27	-60.00	-1140.00	470.00	-17.20	66.10	90.55
-710.00	-530.00	480.00	28.72	101.16	51.65	-710.00	-1370.00	-630.00	12.38	-45.12	-6.40	-400.00	-1010.00	70.00	-8.54	-17.50	33.60	-90.00	-1110.00	410.00	-17.20	66.10	90.55
-500.00	-580.00	430.00	-9.88	87.80	120.24	-800.00	-1290.00	-610.00	7.74	-42.20	13.78	-390.00	-1010.00	70.00	-12.62	-19.94	30.55	-160.00	-1070.00	400.00	-15.91	67.20	96.40
-500.00	-580.00	430.00	-9.88	87.80	120.24	-870.00	-1250.00	-590.00	0.00	-25.30	33.78	-390.00	-1020.00	50.00	-12.13	-17.26	32.20	-160.00	-1070.00	400.00	-15.73	70.24	114.94
-500.00	-580.00	430.00	-9.88	87.80	120.24	-970.00	-1200.00	-620.00	-7.87	-0.06	50.12	-440.00	-980.00	90.00	-15.12	-16.65	33.11	-140.00	-1100.00	400.00	-15.73	70.24	114.94
790.00	-2000.00	-1320.00	-12.32	96.28	113.41	-1000.00	-1130.00	-540.00	-15.24	24.33	61.40	-380.00	-1010.00	10.00	-17.50	-12.32	33.60	-160.00	-1130.00	380.00	-15.73	70.24	114.94
790.00	-2000.00	-1320.00	51.16	-23.11	143.23	-980.00	-1070.00	-410.00	-22.26	45.30	73.84	-380.00	-1020.00	20.00	-34.15	-16.83	31.65	-160.00	-1130.00	380.00	-10.30	81.04	141.04
790.00	-2000.00	-1320.00	51.16	-23.11	143.23	-990.00	-980.00	-300.00	-30.06	62.99	90.30	-440.00	-970.00	60.00	-26.95	-11.89	39.76	-60.00	-1300.00	410.00	-10.30	81.04	141.04
1280.00	-2000.00	540.00	36.52	14.09	98.17	-970.00	-870.00	-250.00	-27.68	71.59	93.11	-450.00	-990.00	40.00	-37.68	-2.68	39.94	-60.00	-1300.00	410.00	-10.30	81.04	141.04
-1620.00	-1700.00	1990.00	32.38	62.62	80.18	-880.00	-780.00	-200.00	-7.50	39.02	120.06	-420.00	-1000.00	50.00	-26.59	5.06	48.60	-60.00	-1300.00	440.00	-7.87	87.20	151.04
-1620.00	-1700.00	1990.00	32.38	62.62	80.18	-730.00	-690.00	-150.00	41.71	-10.55	149.63	-430.00	-1000.00	110.00	-14.82	16.46	53.54	-60.00	-1300.00	440.00	3.23	109.88	160.55
-1000.00	-1590.00	1130.00	35.91	49.88	68.17	-530.00	-1240.00	-50.00	27.80	-11.46	166.83	-390.00	-1190.00	30.00	-19.45	28.90	54.70	-90.00	-1380.00	360.00	3.23	109.88	160.55
820.00	-460.00	-50.00	32.62	42.44	60.91	-1280.00	-260.00	-140.00	-21.59	-8.84	170.30	-460.00	-1140.00	10.00	-17.01	36.34	56.04	-90.00	-1380.00	360.00	3.23	109.88	160.55
820.00	-460.00	-50.00	16.89	61.22	70.98	680.00	-1010.00	-150.00	-25.73	-52.20	136.04	-420.00	-970.00	90.00	-7.80	47.44	60.91	-70.00	-1450.00	350.00	28.29	155.91	134.88
-990.00	-1350.00	-280.00	8.41	53.72	83.90	1900.00	-400.00	-1310.00	-24.82	-83.60	107.74	-440.00	-940.00	150.00	-20.30	56.34	60.37	-120.00	-1630.00	310.00	28.29	155.91	134.88
-580.00	-1170.00	110.00	5.67	32.26	79.82	2000.00	-1510.00	-780.00	-41.22	-58.96	102.62	-460.00	-1100.00	90.00	-15.98	53.48	70.12	-120.00	-1630.00	310.00	28.29	155.91	134.88
-30.00	-1060.00	830.00	3.66	27.20	70.73	450.00	-2000.00	820.00	-33.54	-6.10	97.68	-540.00	-1210.00	90.00	-1.77	41.71	87.13	-110.00	-1590.00	390.00	109.02	208.54	36.59
-330.00	-1240.00	720.00	-1.77	28.35	61.16	280.00	-2000.00	840.00	-13.48	5.30	97.01	-680.00	-940.00	320.00	-3.78	32.44	101.95	20.00	-1530.00	490.00	109.02	208.54	36.59
-160.00	-1110.00	530.00	-6.65	26.52	52.38	180.00	-2000.00	400.00	-12.20	5.12	90.55	-440.00	-1440.00	-60.00	-2.87	28.90	115.61	20.00	-1530.00	490.00	109.02	208.54	36.59
-200.00	-1030.00	390.00	-4.82	15.55	45.00	680.00	-1160.00	440.00	-10.06	4.45	83.35	-450.00	-950.00	60.00	-0.61	25.24	125.12	20.00	-1530.00	490.00	-35.79	230.00	-82.01
-250.00	-870.00	490.00	-2.62	4.63	41.22	280.00	-250.00	-20.00	-15.12	10.30	83.23	-550.00	-1150.00	60.00	4.09	27.93	133.35	10.00	-1170.00	590.00	-35.79	230.00	-82.01
-170.00	-940.00	390.00	-1.77	3.41	36.04	-790.00	-460.00	-1000.00	-14.94	5.06	76.28	-550.00	-1090.00	60.00	4.02	22.32	139.15	10.00	-1170.00	590.00	-35.79	230.00	-82.01
-240.00	-1020.00	280.00	-4.94	8.29	32.32	-400.00	-620.00	-1200.00	-12.68	-8.84	67.38	-430.00	-970.00	100.00	4.21	23.05	150.67	10.00	-1170.00	590.00	-61.52	128.23	-73.54
-290.00	-1020.00	260.00	-4.63	8.66	29.57	10.00	-850.00	-670.00	-15.73	-11.28	61.34	-420.00	-990.00	50.00	-5.06	33.66	150.67	-110.00	-480.00	490.00	5.49	-20.49	-41.71
-220.00	-1020.00	240.00	-4.09	5.12	26.46	290.00	-1000.00	-20.00	-19.33	-8.05	52.01	-490.00	-1220.00	-70.00	-15.30	34.02	155.18	-110.00	-480.00	490.00	5.49	-20.49	-41.71
-200.00	-980.00	360.00	-4.09	3.72	23.84	250.00	-1350.00	-100.00	-17.99	-8.54	43.23	-370.00	-1110.00	-40.00	-5.91	14.33	172.56	-110.00	-480.00	490.00	-11.10	-34.51	-60.49
-130.00	-970.00	370.00	-6.71	5.85	23.78	390.00	-1100.00	-100.00	-15.55	-13.11	39.09	-360.00	-1330.00	-100.00	-11.89	14.88	171.28	-100.00	-60.00	380.00	25.85	-15.55	-98.66
-210.00	-980.00	280.00	-4.70	6.34	20.91	290.00	-980.00	-200.00	-14.94	-17.56	36.71	-360.00	-1440.00	-110.00	-13.60	21.46	175.43	-490.00	-590.00	480.00	25.85	-15.55	-98.66
-190.00	-1000.00	290.00	-2.56	5.61	19.45	110.00	-990.00	-110.00	-13.48	-17.50	33.60	-390.00	-1350.00	-100.00	-9.57	37.99	172.32	-490.00	-590.00	480.00	43.54	-3.48	-119.27
-230.00	-970.00	320.00	-0.43	4.45	17.74	60.00	-960.00	-120.00	-12.87	-13.54	30.79	-400.00	-1370.00	-150.00	-3.72	59.57	164.88	-450.00	-480.00	420.00	56.34	0.55	-147.20
-200.00	-990.00	310.00	1.65	2.74	15.37	170.00	-840.00	-300.00	-11.59	-10.85	28.35	-390.00	-1370.00	-190.00	7.44	82.32	156.89	180.00	-240.00	380.00	56.34	0.55	-147.20
-200.00	-1000.00	290.00	3.96	1.40	14.51	290.00	-830.00	-300.00	-10.06	-12.32	25.85	-440.00	-1440.00	-230.00	15.55	103.96	141.52	180.00	-240.00	380.00	58.35	-11.10	-154.33
-200.00	-1000.00	320.00	7.68	0.49	12.32	250.00	-820.00	-320.00	-8.90	-12.68	23.35	-490.00	-1400.00	-220.00	32.38	101.10	128.60	220.00	-530.00	300.00	61.34	-39.15	-163.41
-170.00	-1020.00	320.00	9.70	0.73	11.22	170.00	-830.00	-270.00	-8.48	-10.37	20.91	-460.00	-1640.00	-150.00	33.11	100.18	89.82	180.00	-680.00	250.00	61.34	-39.15	-163.41
-210.00	-990.00	300.00	7.50	2.13	14.33	150.00	-890.00	-190.00	-7.56	-8.11	18.84	-700.00	-1630.00	-260.00	19.76	115.85	34.27	80.00	-680.00	250.00	61.59	-46.52	-166.71
-190.00	-980.00	300.00	5.67	2.93	16.16	200.00	-860.00	-240.00	-6.40	-7.20	17.80	-400.00	-1510.00	-40.00	8.84	97.80	2.38	-20.00	-650.00	240.00	62.26	-45.30	-170.49
-190.00	-1000.00	300.00	5.00	3.23	15.98	240.00	-840.00	-280.00	-5.73	-6.77	17.13	-430.00	-1620.00	20.00	18.96	55.55	-35.85	-260.00	-680.00	170.00	62.26	-45.30	-170.49
-210.00	-1030.00	300.00	6.89	2.93	13.66	190.00	-850.00	-260.00	-4.76	-7.74	16.46	-460.00	-1230.00	100.00	27.50	36.40	-66.46	-260.00	-680.00	170.00	63.84	-42.56	-170.98
-200.00	-1010.00	300.00	6.22	3.11	14.63	160.00	-840.00	-250.00	-3.60	-8.96	15.67	-540.00	-1190.00	210.00	28.48	31.16	-82.56	-320.00	-760.00	160.00	66.59	-42.56	-171.46
-210.00	-1010.00	300.00	5.85	3.66	14.27	190.00	-800.00	-300.00	-2.74	-8.90	15.24	-510.00	-850.00	200.00	33.72	37.44	-93.11	-290.00	-840.00	130.00	68.35	-48.11	-171.40
-210.00	-1010.00	310.00	6.22	3.35	12.93	220.00	-830.00	-280.00	-2.01	-8.05	15.24	-520.00	-720.00	310.00	40.98	50.30	-102.74	-290.00	-840.00	130.00	68.78	-57.80	-171.22
-210.00	-1010.00	300.00	10.73	1.46	9.82	220.00	-840.00	-280.00	-1.40	-7.56	15.61	-490.00	-540.00	330.00	46.95	57.56	-112.68	-270.00	-900.00	130.00	67.56	-70.55	-170.67
-240.00	-990.00	300.00	8.11	1.71	12.44	210.00	-830.00	-290.00	-1.40	-7.32	16.10	-480.00	-640.00	210.00	50.06	63.96	-124.21	-240.00	-920.00	130.00	65.37	-83.84	-169.39
-220.00	-990.00	330.00	7.07	1.52	12.99	190.00	-830.00	-280.00	-1.10	-6.95	16.34	-90.00	-310.00	370.00	50.98	63.78	-136.16	-260.00	-950.00	140.00	64.33	-94.94	-168.29
-220.00	-1010.00	340.00	7.74	1.34	10.24	180.00	-830.00	-280.00	-0.61	-6.46	15.98	230.00	-480.00	380.00	51.28	59.27	-148.90	-310.00	-980.00	120.00	63.78	-103.90	-167.68
-220.00	-1030.00	310.00	6.40	2.32	9.88	190.00	-820.00	-290.00	-0.12	-5.73	15.55	290.00	-430.00	240.00	51.40	52.44	-159.45	-340.00	-990.00	90.00	61.52	-110.85	-166.89
-190.00	-1040.00	330.00	6.10	2.68	9.15	210.00	-820.00	-280.00	-0.06	-6.10	15.18	390.00	-330.00	270.00	51.46	43.96	-167.80	-380.00	-1000.00	90.00	57.56	-117.80	-164.57
-250.00	-1010.00	290.00	5.00	1.89	8.41	210.00	-820.00	-290.00	0.00	-6.40	15.12	340.00	-490.00	170.00	50.43	41.77	-173.84	-400.00	-1010.00	90.00	52.07	-124.51	-160.37
-220.00	-990.00	300.00	5.12	0.55	8.05	190.00	-830.00	-280.00	0.24	-6.46	15.06	140.00	-430.00	50.00	48.48	39.51	-174.76	-410.00	-1020.00	100.00	47.44	-129.76	-154.39
-200.00	-1010.00	350.00	4.88	-0.49	7.80	180.00	-850.00	-270.00	0.79	-6.83	15.00	-80.00	-420.00	10.00	47.50	33.41	-173.54	-410.00	-1050.00	120.00	45.12	-137.74	-146.95
-240.00	-1000.00	340.00	4.33	-0.61	8.60	170.00	-850.00	-280.00	1.46	-7.44	14.88	-210.00	-430.00	-10.00	46.16	34.09	-173.17	-400.00	-1060.00	140.00	42.01	-146.34	-137.32
-230.00	-990.00	340.00	3.84	-0.85	9.33	170.00	-850.00	-270.00	1.83	-8.17	14.57	-200.00	-500.00	20.00	44.45	36.04	-173.29	-410.00	-1050.00	160.00	36.83	-150.55	-123.84
-240.00	-1000.00	310.00	4.51	-1.16	9.51	180.00	-860.00	-270.00	1.83	-7.62	14.15	-200.00	-570.00	-20.00	43.35	34.09	-175.79	-420.00	-1060.00	200.00	29.45	-146.04	-104.88
-230.00	-1000.00	300.00	4.88	-1.65	9.57	190.00	-860.00	-270.00	1.77	-6.65	13.48	-230.00	-620.00	-70.00	41.65	21.40	-180.30	-450.00	-1080.00	190.00	21.04	-131.04	-78.96
-250.00	-1000.00	330.00	5.06	-2.32	9.51	180.00	-850.00	-290.00	1.52	-6.59	12.80	-310.00	-630.00	-70.00	39.70	11.46	-187.13	-510.00	-1170.00	220.00	11.10	-104.45	-44.51
-240.00	-1000.00	330.00	6.46	-2.80	9.15	200.00	-840.00	-290.00	1.46	-7.26	12.01	-360.00	-660.00	-150.00	37.68	0.06	-194.33	-630.00	-1220.00	290.00	31.52	-54.21	-1.83
-220.00	-1040.00	330.00	7.87	-2.80	8.78	160.00	-840.00	-300.00	1.52	-8.78	11.10	-380.00	-680.00	-170.00	34.76	-10.61	-199.94	-740.00	-1280.00	320.00	18.05	-20.91	56.10
-230.00	-1020.00	310.00	8.60	-2.68	8.05	160.00	-850.00	-280.00	1.65	-10.18	10.30	-420.00	-740.00	-190.00	32.13	-19.09	-203.84	-800.00	-1300.00	370.00	-46.71	-120.73	157.07
-250.00	-1030.00	330.00	8.60	-3.05	7.50	160.00	-850.00	-270.00	1.77	-10.67	9.88	-480.00	-780.00	-250.00	28.60	-27.68	-207.44	-860.00	-1340.00	470.00	-10.91	-146.71	127.87
-250.00	-1010.00	320.00	8.29	-3.84	6.89	150.00	-850.00	-270.00	2.13	-10.67	9.88	-460.00	-790.00	-230.00	23.84	-36.77	-210.12	-880.00	-1410.00	540.00	-10.67	-168.35	82.07
-230.00	-1020.00	320.00	7.26	-5.55	5.49	160.00	-850.00	-280.00	2.56	-10.61	10.06	-500.00	-810.00	-240.00	19.63	-49.39	-212.62	-880.00	-1330.00	640.00	-2.50	-150.79	75.43
-260.00	-1030.00	370.00	6.34	-7.68	4.27	160.00	-860.00	-290.00	3.29	-10.49	10.43	-500.00	-830.00	-280.00	14.94	-62.87	-212.56	-720.00	-1110.00	1100.00	-2.44	-69.88	37.80
-270.00	-1050.00	380.00	5.67	-8.90	4.15	170.00	-860.00	-280.00	4.15	-10.61	10.61	-520.00	-830.00	-330.00	10.55	-77.07	-210.79	-2000.00	-1130.00	20.00	-15.30	-26.16	25.55
-260.00	-1000.00	340.00	5.06	-10.37	5.06	160.00	-850.00	-280.00	4.88	-10.49	10.85	-490.00	-850.00	-320.00	4.88	-89.09	-207.01	-2000.00	-870.00	-150.00	-8.11	-26.52	42.50
-270.00	-1010.00	320.00	5.61	-11.95	5.67	160.00	-860.00	-280.00	5.67	-9.45	10.91	-470.00	-870.00	-320.00	1.65	-100.79	-199.39	-1560.00	-1530.00	500.00	15.43	-39.76	32.93
-260.00	-960.00	290.00	7.01	-13.60	6.71	150.00	-870.00	-290.00	6.22	-8.05	10.67	-470.00	-880.00	-310.00	1.95	-110.37	-187.26	-1060.00	-1160.00	400.00	18.78	-33.48	22.01
-260.00	-1020.00	360.00	4.88	-14.57	8.84	170.00	-860.00	-290.00	7.07	-6.59	10.12	-500.00	-900.00	-300.00	2.80	-112.01	-165.73	960.00	-1290.00	540.00	16.34	-22.99	18.29
-290.00	-1020.00	390.00	4.63	-15.91	10.91	150.00	-860.00	-290.00	9.02	-6.04	8.05	-530.00	-920.00	-280.00	5.73	-107.50	-133.23	1780.00	-890.00	-200.00	13.48	-23.96	20.98
-260.00	-1040.00	360.00	4.94	-17.26	12.50	120.00	-860.00	-290.00	9.51	-7.44	6.28	-540.00	-960.00	-280.00	29.39	-110.24	-98.78	990.00	-1620.00	-550.00	9.76	-29.27	17.87
-250.00	-1070.00	360.00	7.87	-18.96	13.90	170.00	-870.00	-280.00	9.94	-8.54	4.70	-540.00	-1020.00	-260.00	51.40	-120.12	-68.05	-500.00	-1590.00	180.00	6.10	-29.15	10.43
-270.00	-1070.00	340.00	7.13	-18.05	14.76	130.00	-860.00	-270.00	10.12	-9.21	3.17	-570.00	-1060.00	-260.00	20.43	-112.99	-33.90	-470.00	-1620.00	160.00	2.20	-22.99	6.52
-250.00	-1050.00	320.00	5.00	-16.59	15.43	120.00	-860.00	-270.00	10.49	-9.51	1.89	-660.00	-1100.00	-260.00	22.07	-125.79	-58.41	-20.00	-1420.00	30.00	0.61	-14.51	7.44
-260.00	-1070.00	350.00	3.84	-15.49	15.79	120.00	-870.00	-270.00	11.16	-9.33	0.85	-780.00	-1170.00	-200.00	-3.72	-100.49	-52.50	350.00	-1110.00	240.00	1.46	-11.34	9.15
-270.00	-1060.00	370.00	2.32	-13.84	15.49	120.00	-880.00	-270.00	12.38	-9.76	-0.37	-950.00	-1230.00	-230.00	-49.70	-97.56	-35.24	10.00	-890.00	380.00	3.60	-9.94	7.87
-240.00	-1080.00	430.00	-0.37	-12.26	16.22	130.00	-900.00	-260.00	13.66	-10.67	-1.34	-1050.00	-1270.00	-120.00	-39.88	-34.76	-2.80	-30.00	-830.00	570.00	6.16	-8.72	6.77
-240.00	-1010.00	390.00	-2.87	-12.01	17.01	160.00	-920.00	-250.00	15.24	-11.34	-1.95	-1200.00	-1340.00	20.00	-35.98	54.76	61.40	-60.00	-770.00	650.00	7.38	-9.70	7.01
-240.00	-1010.00	400.00	-4.21	-11.71	16.89	120.00	-910.00	-260.00	16.77	-12.13	-2.56	-1400.00	-1410.00	90.00	-38.29	-10.00	63.17	150.00	-790.00	640.00	7.62	-12.20	6.77
-240.00	-980.00	400.00	-5.79	-11.52	16.77	160.00	-910.00	-270.00	17.93	-12.13	-2.56	-1530.00	-1440.00	190.00	-24.21	-60.98	21.22	150.00	-900.00	520.00	8.17	-14.02	6.65
-220.00	-990.00	400.00	-6.59	-11.34	16.40	150.00	-910.00	-290.00	17.13	-10.98	-2.13	-1540.00	-1430.00	340.00	7.38	5.06	27.50	110.00	-1000.00	380.00	8.48	-14.63	7.13
-240.00	-960.00	400.00	-6.16	-11.83	15.85	160.00	-910.00	-290.00	16.22	-10.12	-1.59	-1910.00	-1530.00	140.00	14.39	5.30	24.02	60.00	-1110.00	240.00	8.48	-14.02	8.23
-250.00	-990.00	400.00	-4.33	-12.68	14.15	170.00	-910.00	-290.00	14.94	-9.21	-0.91	-1820.00	-1020.00	100.00	19.09	-41.52	22.26	80.00	-1110.00	190.00	8.23	-12.50	9.63
-240.00	-980.00	380.00	-1.04	-14.39	12.93	170.00	-910.00	-280.00	14.09	-8.41	-0.12	-1910.00	-1160.00	420.00	8.54	-53.66	26.95	90.00	-1050.00	270.00	7.44	-11.04	10.55
-260.00	-980.00	380.00	1.40	-16.65	11.77	170.00	-930.00	-270.00	11.83	-9.39	0.43	-1310.00	-1050.00	440.00	3.66	-22.01	24.70	70.00	-1010.00	300.00	6.71	-10.12	10.67
-250.00	-990.00	390.00	8.54	-22.07	4.88	150.00	-940.00	-210.00	10.12	-11.16	0.73	-340.00	-1160.00	-50.00	-7.13	-8.66	16.71	70.00	-980.00	350.00	6.65	-9.76	10.37
-250.00	-1000.00	370.00	5.55	-41.52	-3.11	130.00	-920.00	-220.00	9.09	-13.23	0.79	550.00	-840.00	-480.00	-16.16	-0.73	12.07	80.00	-960.00	420.00	7.13	-8.23	10.12
-270.00	-1020.00	370.00	5.55	-41.52	-3.11	130.00	-910.00	-210.00	7.74	-15.43	1.16	-130.00	-1260.00	-1130.00	-22.87	9.63	7.93	110.00	-920.00	450.00	7.32	-8.29	9.39
-290.00	-1020.00	360.00	5.55	-41.52	-3.11	120.00	-900.00	-210.00	7.01	-17.62	1.22	530.00	-1070.00	-1440.00	-20.37	16.34	2.07	110.00	-930.00	470.00	7.32	-7.56	7.87
-280.00	-980.00	350.00	3.90	-54.70	-5.37	130.00	-900.00	-200.00	6.52	-19.70	1.28	-1040.00	-1460.00	150.00	-10.24	12.80	-1.04	110.00	-930.00	460.00	7.74	-7.01	6.95
-350.00	-1060.00	380.00	-7.26	-82.32	-10.91	150.00	-890.00	-210.00	6.89	-22.07	1.28	-680.00	-1150.00	-420.00	1.65	-0.49	1.40	90.00	-960.00	440.00	7.50	-6.28	5.98
-340.00	-950.00	310.00	-7.26	-82.32	-10.91	150.00	-890.00	-210.00	7.50	-24.76	0.24	150.00	-1030.00	-410.00	10.43	-10.91	10.12	80.00	-970.00	400.00	6.65	-4.82	5.00
-320.00	-790.00	190.00	-11.28	-94.02	-13.41	140.00	-890.00	-220.00	7.68	-26.95	-2.50	150.00	-1100.00	-390.00	18.60	-16.46	21.77	70.00	-1000.00	390.00	5.73	-3.54	4.15
-440.00	-860.00	110.00	-11.40	-115.37	-12.20	150.00	-890.00	-210.00	8.66	-29.51	-7.01	-150.00	-1030.00	170.00	23.60	-15.79	28.60	60.00	-990.00	370.00	5.12	-2.68	3.66
-440.00	-860.00	110.00	-11.40	-115.37	-12.20	150.00	-890.00	-220.00	9.15	-31.77	-13.05	-260.00	-1040.00	290.00	22.74	-12.20	28.48	70.00	-1000.00	370.00	4.76	-1.89	3.41
-370.00	-830.00	50.00	-15.73	-115.85	-12.80	150.00	-900.00	-230.00	7.62	-33.84	-21.28	-180.00	-1040.00	320.00	18.90	-9.82	25.79	70.00	-990.00	380.00	4.39	-2.07	3.35
-360.00	-890.00	30.00	-15.85	-120.12	-15.67	140.00	-890.00	-240.00	6.65	-39.45	-33.35	-90.00	-1080.00	190.00	13.90	-6.71	21.59	70.00	-980.00	400.00	4.15	-2.07	2.87
-360.00	-890.00	30.00	-12.56	-119.39	-12.74	130.00	-880.00	-240.00	6.10	-50.79	-50.18	-130.00	-1050.00	80.00	9.02	-3.66	18.29	80.00	-970.00	400.00	4.27	-2.38	2.38
-290.00	-860.00	-10.00	-13.41	-117.32	-14.51	130.00	-860.00	-230.00	6.89	-61.28	-64.45	-170.00	-1000.00	-90.00	6.10	-2.68	17.26	80.00	-970.00	410.00	4.57	-2.62	2.32
-170.00	-900.00	50.00	-13.41	-117.32	-14.51	110.00	-810.00	-250.00	9.33	-66.77	-72.26	-120.00	-990.00	-260.00	5.85	-3.17	18.84	90.00	-970.00	410.00	5.00	-2.93	2.56
-110.00	-950.00	70.00	5.24	-93.23	5.18	90.00	-800.00	-270.00	14.70	-70.24	-76.71	-70.00	-1000.00	-290.00	6.71	-5.12	21.04	80.00	-970.00	410.00	5.18	-3.17	2.93
-240.00	-1020.00	70.00	4.51	9.09	-14.63	70.00	-760.00	-310.00	24.02	-72.20	-77.01	-40.00	-1040.00	-190.00	8.17	-6.95	22.62	80.00	-970.00	410.00	5.49	-2.80	3.23
-270.00	-1050.00	140.00	4.51	9.09	-14.63	90.00	-750.00	-350.00	31.52	-75.61	-72.80	-110.00	-1060.00	-140.00	10.37	-7.07	22.38	70.00	-970.00	420.00	5.98	-2.26	3.60
-190.00	-1040.00	270.00	4.51	9.09	-14.63	170.00	-730.00	-370.00	34.09	-76.34	-70.06	-140.00	-1030.00	-60.00	10.79	-6.59	19.76	60.00	-980.00	400.00	5.55	-1.89	3.41
-140.00	-1020.00	450.00	-2.32	15.55	-7.26	120.00	-570.00	-430.00	36.40	-73.35	-69.27	-130.00	-1030.00	0.00	9.27	-5.24	15.73	60.00	-980.00	400.00	4.63	-1.71	2.87
-140.00	-1020.00	450.00	-2.68	15.49	-4.33	120.00	-490.00	-420.00	44.33	-72.56	-62.07	-140.00	-1040.00	10.00	7.50	-3.84	11.59	70.00	-970.00	410.00	3.72	-1.28	2.26
-140.00	-1020.00	450.00	-2.68	15.49	-4.33	190.00	-500.00	-370.00	53.60	-73.11	-50.37	-140.00	-1030.00	50.00	5.43	-1.65	7.87	70.00	-970.00	400.00	2.56	-0.61	1.46
280.00	-1090.00	680.00	-2.32	16.83	-3.11	270.00	-520.00	-370.00	49.63	-73.96	-52.93	-140.00	-1040.00	30.00	3.90	0.24	5.30	90.00	-990.00	410.00	1.10	0.30	0.49
-10.00	-1170.00	440.00	-2.26	13.48	-1.59	230.00	-620.00	-390.00	45.61	-71.46	-55.49	-130.00	-1050.00	-0.00	3.72	0.61	4.21	70.00	-970.00	420.00	0.12	1.04	-0.43
-10.00	-1170.00	440.00	-2.26	13.48	-1.59	160.00	-650.00	-430.00	47.50	-67.56	-54.09	-130.00	-1050.00	-40.00	4.27	-0.43	3.78	70.00	-960.00	420.00	-0.91	1.59	-1.04
-140.00	-1060.00	410.00	-2.26	13.48	-1.59	160.00	-690.00	-370.00	36.77	-62.74	-50.85	-140.00	-1040.00	-60.00	4.27	-0.61	3.35	70.00	-960.00	430.00	-1.65	2.38	-1.46
-140.00	-990.00	430.00	-0.43	-9.51	-1.89	50.00	-800.00	-300.00	23.23	-26.40	-29.27	-140.00	-1040.00	-60.00	3.17	1.16	2.93	70.00	-960.00	430.00	-1.89	2.87	-1.77
-140.00	-990.00	430.00	-0.85	-6.71	-3.48	270.00	-970.00	-240.00	16.10	2.38	-14.94	-150.00	-1020.00	-60.00	3.66	0.49	2.62	70.00	-960.00	440.00	-1.95	2.93	-1.95
-140.00	-990.00	430.00	-0.85	-6.71	-3.48	150.00	-890.00	-190.00	4.02	14.70	-11.77	-170.00	-1030.00	-40.00	4.94	-1.34	2.68	70.00	-960.00	430.00	-1.59	3.66	-1.95
-230.00	-990.00	310.00	-1.65	-1.77	-4.82	190.00	-940.00	-140.00	-2.93	21.40	-7.44	-170.00	-1020.00	-30.00	4.82	-0.79	2.87	60.00	-950.00	420.00	-1.71	3.29	-1.89
-260.00	-1010.00	250.00	-1.65	-1.77	-4.82	190.00	-1150.00	260.00	-2.99	22.68	-3.11	-170.00	-1020.00	-10.00	4.94	0.30	3.48	70.00	-960.00	420.00	-2.13	3.60	-2.32
-260.00	-1010.00	250.00	-2.38	-0.06	-4.15	-290.00	-1300.00	160.00	-1.52	20.37	-0.43	-170.00	-1030.00	-10.00	6.22	-1.46	4.45	70.00	-960.00	420.00	-2.44	2.62	-2.20
-130.00	-960.00	410.00	-2.38	-0.06	-4.15	100.00	-1260.00	430.00	-1.16	21.52	1.46	-160.00	-1030.00	-10.00	5.91	-2.07	5.12	70.00	-960.00	420.00	-2.44	2.62	-2.20
-130.00	-970.00	440.00	-1.65	0.73	-0.37	500.00	-1200.00	250.00	-2.26	21.52	1.95	-160.00	-1030.00	-20.00	4.39	0.55	4.88	60.00	-960.00	410.00	-2.99	2.56	-2.32
-130.00	-970.00	440.00	-0.98	-0.49	0.00	380.00	-1060.00	-40.00	-4.02	19.51	2.07	-170.00	-1040.00	-30.00	3.66	0.55	3.78	80.00	-980.00	410.00	-4.15	3.11	-2.87
-130.00	-970.00	440.00	-0.98	-0.49	0.00	360.00	-1010.00	-220.00	-5.43	15.91	2.32	-160.00	-1040.00	-20.00	2.99	0.43	2.56	70.00	-950.00	430.00	-4.15	3.11	-2.87
-110.00	-1010.00	420.00	-0.30	-2.01	0.55	280.00	-950.00	-220.00	-5.06	9.70	1.16	-170.00	-1030.00	-20.00	1.83	0.67	0.98	70.00	-960.00	410.00	-4.70	3.23	-3.23
-120.00	-1030.00	410.00	-0.30	-2.01	0.55	250.00	-920.00	-170.00	-3.11	3.66	-0.73	-170.00	-1030.00	-40.00	0.49	1.34	-0.55	60.00	-950.00	410.00	-4.33	3.48	-3.54
-120.00	-1030.00	410.00	-0.49	-2.13	0.91	260.00	-890.00	-150.00	-0.91	-0.49	-2.50	-170.00	-1040.00	-40.00	-0.18	1.28	-2.01	60.00	-950.00	420.00	-3.35	3.11	-3.29
-160.00	-1020.00	350.00	-0.49	-2.13	0.91	230.00	-840.00	-190.00	0.55	-1.10	-4.02	-160.00	-1030.00	-20.00	-0.49	0.79	-3.60	70.00	-960.00	420.00	-2.56	2.68	-3.05
-160.00	-1020.00	350.00	-0.67	-1.65	2.13	240.00	-810.00	-260.00	0.55	1.28	-5.06	-160.00	-1040.00	-30.00	-0.79	0.85	-4.70	70.00	-960.00	420.00	-2.13	2.32	-2.80
-150.00	-1010.00	350.00	-0.37	-1.59	2.68	240.00	-780.00	-290.00	0.30	4.27	-5.55	-170.00	-1040.00	-20.00	-1.16	1.34	-5.43	70.00	-950.00	420.00	-2.50	1.95	-2.93
-150.00	-1010.00	350.00	-0.37	-1.59	2.68	230.00	-780.00	-310.00	-0.43	7.13	-5.67	-160.00	-1040.00	10.00	-1.34	1.65	-5.79	70.00	-970.00	420.00	-2.68	1.71	-2.80
-140.00	-1010.00	360.00	0.06	-1.46	3.17	210.00	-790.00	-280.00	-1.46	8.72	-5.24	-170.00	-1040.00	-0.00	-1.40	1.71	-5.73	60.00	-970.00	400.00	-2.80	1.22	-2.56
-130.00	-1010.00	370.00	0.06	-1.46	3.17	190.00	-820.00	-210.00	-2.20	8.41	-4.57	-180.00	-1040.00	-0.00	-2.13	1.83	-5.37	60.00	-980.00	390.00	-2.80	0.85	-2.01
-130.00	-1010.00	370.00	0.06	-1.10	3.05	190.00	-860.00	-170.00	-2.87	7.44	-3.54	-170.00	-1040.00	0.00	-2.99	2.38	-5.00	70.00	-990.00	400.00	-3.11	0.91	-1.40
-130.00	-1020.00	360.00	0.06	-1.10	3.05	200.00	-880.00	-150.00	-3.41	6.40	-2.44	-170.00	-1040.00	10.00	-3.96	2.87	-5.24	60.00	-970.00	420.00	-3.23	1.16	-1.34
-130.00	-1020.00	360.00	-0.61	0.30	2.44	220.00	-900.00	-130.00	-3.17	4.94	-1.71	-180.00	-1030.00	0.00	-4.82	3.05	-5.79	70.00	-970.00	420.00	-3.29	1.22	-1.46
