LKNE_MOMENT
File	Frame	X 	Y 	Z 
Trial_7.filtered_40.c3d	1			
 - 	2			
 - 	3	-0.002252	-0.000547	0.000237
 - 	4	-0.002270	-0.000544	0.000241
 - 	5	-0.002345	-0.000532	0.000257
 - 	6	-0.002398	-0.000529	0.000271
 - 	7	-0.002393	-0.000540	0.000275
 - 	8	-0.002349	-0.000558	0.000271
 - 	9	-0.002338	-0.000564	0.000267
 - 	10	-0.002369	-0.000559	0.000267
 - 	11	-0.002419	-0.000549	0.000271
 - 	12	-0.002457	-0.000539	0.000275
 - 	13	-0.002460	-0.000538	0.000276
 - 	14	-0.002423	-0.000548	0.000275
 - 	15	-0.002385	-0.000556	0.000272
 - 	16	-0.002361	-0.000557	0.000269
 - 	17	-0.002358	-0.000556	0.000268
 - 	18	-0.002355	-0.000557	0.000268
 - 	19	-0.002354	-0.000558	0.000270
 - 	20	-0.002349	-0.000559	0.000271
 - 	21	-0.002356	-0.000556	0.000269
 - 	22	-0.002364	-0.000552	0.000266
 - 	23	-0.002375	-0.000548	0.000265
 - 	24	-0.002385	-0.000544	0.000266
 - 	25	-0.002398	-0.000540	0.000270
 - 	26	-0.002410	-0.000532	0.000275
 - 	27	-0.002430	-0.000524	0.000281
 - 	28	-0.002441	-0.000521	0.000285
 - 	29	-0.002416	-0.000534	0.000282
 - 	30	-0.002381	-0.000551	0.000276
 - 	31	-0.002360	-0.000559	0.000270
 - 	32	-0.002361	-0.000556	0.000268
 - 	33	-0.002361	-0.000547	0.000268
 - 	34	-0.002365	-0.000538	0.000268
 - 	35	-0.002372	-0.000534	0.000269
 - 	36	-0.002380	-0.000536	0.000270
 - 	37	-0.002384	-0.000544	0.000271
 - 	38	-0.002378	-0.000557	0.000273
 - 	39	-0.002374	-0.000570	0.000275
 - 	40	-0.002372	-0.000579	0.000277
 - 	41	-0.002374	-0.000579	0.000278
 - 	42	-0.002374	-0.000572	0.000278
 - 	43	-0.002379	-0.000560	0.000278
 - 	44	-0.002378	-0.000548	0.000278
 - 	45	-0.002376	-0.000537	0.000275
 - 	46	-0.002370	-0.000532	0.000272
 - 	47	-0.002361	-0.000535	0.000270
 - 	48	-0.002362	-0.000543	0.000269
 - 	49	-0.002370	-0.000557	0.000272
 - 	50	-0.002393	-0.000568	0.000275
 - 	51	-0.002405	-0.000573	0.000279
 - 	52	-0.002421	-0.000573	0.000282
 - 	53	-0.002410	-0.000569	0.000280
 - 	54	-0.002378	-0.000560	0.000274
 - 	55	-0.002343	-0.000557	0.000267
 - 	56	-0.002318	-0.000555	0.000260
 - 	57	-0.002304	-0.000555	0.000255
 - 	58	-0.002315	-0.000555	0.000257
 - 	59	-0.002354	-0.000553	0.000265
 - 	60	-0.002401	-0.000550	0.000275
 - 	61	-0.002441	-0.000549	0.000285
 - 	62	-0.002480	-0.000549	0.000293
 - 	63	-0.002493	-0.000554	0.000296
 - 	64	-0.002477	-0.000560	0.000294
 - 	65	-0.002459	-0.000559	0.000290
 - 	66	-0.002461	-0.000548	0.000289
 - 	67	-0.002462	-0.000532	0.000287
 - 	68	-0.002418	-0.000530	0.000279
 - 	69	-0.002329	-0.000545	0.000263
 - 	70	-0.002260	-0.000560	0.000249
 - 	71	-0.002249	-0.000565	0.000245
 - 	72	-0.002280	-0.000563	0.000252
 - 	73	-0.002344	-0.000555	0.000265
 - 	74	-0.002420	-0.000548	0.000282
 - 	75	-0.002480	-0.000544	0.000295
 - 	76	-0.002487	-0.000544	0.000298
 - 	77	-0.002450	-0.000550	0.000291
 - 	78	-0.002386	-0.000563	0.000279
 - 	79	-0.002332	-0.000575	0.000268
 - 	80	-0.002325	-0.000571	0.000263
 - 	81	-0.002339	-0.000560	0.000263
 - 	82	-0.002358	-0.000548	0.000267
 - 	83	-0.002376	-0.000540	0.000272
 - 	84	-0.002387	-0.000535	0.000277
 - 	85	-0.002393	-0.000534	0.000280
 - 	86	-0.002382	-0.000539	0.000281
 - 	87	-0.002367	-0.000546	0.000279
 - 	88	-0.002360	-0.000550	0.000277
 - 	89	-0.002367	-0.000551	0.000276
 - 	90	-0.002377	-0.000549	0.000274
 - 	91	-0.002391	-0.000551	0.000273
 - 	92	-0.002400	-0.000555	0.000272
 - 	93	-0.002393	-0.000566	0.000273
 - 	94	-0.002376	-0.000573	0.000274
 - 	95	-0.002359	-0.000570	0.000274
 - 	96	-0.002369	-0.000555	0.000275
 - 	97	-0.002388	-0.000539	0.000276
 - 	98	-0.002386	-0.000536	0.000273
 - 	99	-0.002350	-0.000549	0.000268
 - 	100	-0.002335	-0.000561	0.000266
 - 	101	-0.002396	-0.000553	0.000277
 - 	102	-0.002501	-0.000528	0.000293
 - 	103	-0.002547	-0.000513	0.000302
 - 	104	-0.002486	-0.000525	0.000295
 - 	105	-0.002370	-0.000555	0.000279
 - 	106	-0.002284	-0.000580	0.000266
 - 	107	-0.002264	-0.000592	0.000260
 - 	108	-0.002286	-0.000590	0.000262
 - 	109	-0.002331	-0.000578	0.000267
 - 	110	-0.002357	-0.000570	0.000269
 - 	111	-0.002366	-0.000573	0.000270
 - 	112	-0.002402	-0.000573	0.000276
 - 	113	-0.002473	-0.000564	0.000287
 - 	114	-0.002524	-0.000551	0.000294
 - 	115	-0.002506	-0.000548	0.000293
 - 	116	-0.002449	-0.000553	0.000287
 - 	117	-0.002396	-0.000560	0.000281
 - 	118	-0.002358	-0.000563	0.000277
 - 	119	-0.002327	-0.000561	0.000271
 - 	120	-0.002303	-0.000554	0.000265
 - 	121	-0.002294	-0.000539	0.000259
 - 	122	-0.002291	-0.000522	0.000255
 - 	123	-0.002301	-0.000508	0.000255
 - 	124	-0.002321	-0.000509	0.000260
 - 	125	-0.002349	-0.000529	0.000268
 - 	126	-0.002370	-0.000567	0.000278
 - 	127	-0.002391	-0.000604	0.000285
 - 	128	-0.002401	-0.000628	0.000287
 - 	129	-0.002379	-0.000638	0.000282
 - 	130	-0.002333	-0.000638	0.000273
 - 	131	-0.002286	-0.000631	0.000263
 - 	132	-0.002279	-0.000611	0.000258
 - 	133	-0.002335	-0.000569	0.000261
 - 	134	-0.002440	-0.000504	0.000271
 - 	135	-0.002535	-0.000449	0.000284
 - 	136	-0.002555	-0.000445	0.000290
 - 	137	-0.002499	-0.000500	0.000290
 - 	138	-0.002403	-0.000585	0.000281
 - 	139	-0.002280	-0.000674	0.000267
 - 	140	-0.002162	-0.000747	0.000254
 - 	141	-0.002112	-0.000776	0.000249
 - 	142	-0.002150	-0.000753	0.000256
 - 	143	-0.002252	-0.000691	0.000269
 - 	144	-0.002364	-0.000615	0.000278
 - 	145	-0.002403	-0.000570	0.000274
 - 	146	-0.002309	-0.000581	0.000255
 - 	147	-0.002176	-0.000613	0.000234
 - 	148	-0.002136	-0.000620	0.000228
 - 	149	-0.002219	-0.000595	0.000241
 - 	150	-0.002322	-0.000577	0.000259
 - 	151	-0.002386	-0.000581	0.000271
 - 	152	-0.002400	-0.000601	0.000272
 - 	153	-0.002360	-0.000633	0.000262
 - 	154	-0.002295	-0.000662	0.000247
 - 	155	-0.002279	-0.000653	0.000238
 - 	156	-0.002310	-0.000604	0.000234
 - 	157	-0.002321	-0.000549	0.000228
 - 	158	-0.002280	-0.000516	0.000217
 - 	159	-0.002232	-0.000509	0.000206
 - 	160	-0.002231	-0.000512	0.000206
 - 	161	-0.002271	-0.000520	0.000215
 - 	162	-0.002301	-0.000536	0.000225
 - 	163	-0.002296	-0.000555	0.000225
 - 	164	-0.002240	-0.000570	0.000212
 - 	165	-0.002151	-0.000573	0.000191
 - 	166	-0.002093	-0.000544	0.000174
 - 	167	-0.002124	-0.000472	0.000171
 - 	168	-0.002253	-0.000358	0.000181
 - 	169	-0.002408	-0.000238	0.000193
 - 	170	-0.002509	-0.000156	0.000199
 - 	171	-0.002519	-0.000125	0.000196
 - 	172	-0.002481	-0.000108	0.000183
 - 	173	-0.002445	-0.000070	0.000163
 - 	174	-0.002415	-0.000008	0.000140
 - 	175	-0.002376	0.000072	0.000109
 - 	176	-0.002318	0.000160	0.000072
 - 	177	-0.002294	0.000251	0.000039
 - 	178	-0.002339	0.000349	0.000019
 - 	179	-0.002394	0.000432	0.000008
 - 	180	-0.002403	0.000473	-0.000001
 - 	181	-0.002395	0.000475	-0.000006
 - 	182	-0.002415	0.000461	-0.000009
 - 	183	-0.002427	0.000432	-0.000010
 - 	184	-0.002398	0.000393	-0.000011
 - 	185	-0.002337	0.000375	-0.000013
 - 	186	-0.002255	0.000383	-0.000020
 - 	187	-0.002141	0.000377	-0.000029
 - 	188	-0.001989	0.000320	-0.000031
 - 	189	-0.001831	0.000215	-0.000022
 - 	190	-0.001745	0.000068	0.000005
 - 	191	-0.001761	-0.000136	0.000061
 - 	192	-0.001879	-0.000367	0.000143
 - 	193	-0.002075	-0.000568	0.000236
 - 	194	-0.002322	-0.000728	0.000337
 - 	195	-0.002578	-0.000861	0.000444
 - 	196	-0.002767	-0.000970	0.000545
 - 	197	-0.002819	-0.001035	0.000622
 - 	198	-0.002667	-0.001056	0.000668
 - 	199	-0.002286	-0.001019	0.000672
 - 	200	-0.001705	-0.000906	0.000611
 - 	201	-0.000995	-0.000722	0.000479
 - 	202	-0.000228	-0.000523	0.000310
 - 	203	0.000527	-0.000387	0.000170
 - 	204	0.001170	-0.000351	0.000108
 - 	205	0.001634	-0.000386	0.000121
 - 	206	0.001900	-0.000426	0.000161
 - 	207	0.001940	-0.000423	0.000190
 - 	208	0.001774	-0.000374	0.000197
 - 	209	0.001454	-0.000316	0.000204
 - 	210	0.001047	-0.000279	0.000221
 - 	211	0.000599	-0.000262	0.000238
 - 	212	0.000115	-0.000249	0.000234
 - 	213	-0.000415	-0.000227	0.000214
 - 	214	-0.001016	-0.000182	0.000188
 - 	215	-0.001670	-0.000119	0.000169
 - 	216	-0.002316	-0.000054	0.000156
 - 	217	-0.002883	0.000015	0.000125
 - 	218	-0.003300	0.000096	0.000063
 - 	219	-0.003527	0.000165	-0.000011
 - 	220	-0.003601	0.000205	-0.000071
 - 	221	-0.003605	0.000230	-0.000107
 - 	222	-0.003667	0.000257	-0.000108
 - 	223	-0.003820	0.000283	-0.000067
 - 	224	-0.003937	0.000275	0.000015
 - 	225	-0.003889	0.000209	0.000114
 - 	226	-0.003836	0.000114	0.000185
 - 	227	-0.004049	0.000055	0.000187
 - 	228	-0.004476	0.000059	0.000124
 - 	229	-0.004846	0.000101	0.000052
 - 	230	-0.005050	0.000149	0.000022
 - 	231	-0.005155	0.000187	0.000036
 - 	232	-0.005230	0.000208	0.000074
 - 	233	-0.005260	0.000215	0.000121
 - 	234	-0.005176	0.000209	0.000186
 - 	235	-0.004947	0.000192	0.000281
 - 	236	-0.004676	0.000154	0.000388
 - 	237	-0.004529	0.000077	0.000479
 - 	238	-0.004576	-0.000047	0.000537
 - 	239	-0.004720	-0.000214	0.000569
 - 	240	-0.004849	-0.000425	0.000598
 - 	241	-0.004906	-0.000672	0.000637
 - 	242	-0.004855	-0.000926	0.000682
 - 	243	-0.004676	-0.001141	0.000712
 - 	244	-0.004351	-0.001259	0.000708
 - 	245	-0.003837	-0.001214	0.000645
 - 	246	-0.003074	-0.000955	0.000507
 - 	247	-0.002029	-0.000475	0.000285
 - 	248	-0.000828	0.000150	0.000009
 - 	249	0.000229	0.000755	-0.000253
 - 	250	0.000841	0.001139	-0.000416
 - 	251	0.000897	0.001160	-0.000430
 - 	252	0.001778	-0.002168	0.001600
 - 	253	0.003718	-0.001919	0.001170
 - 	254	0.005895	-0.001231	0.001109
 - 	255	0.006899	0.001544	-0.000130
 - 	256	0.010887	0.004522	-0.001848
 - 	257	0.013708	0.005439	-0.002389
 - 	258	0.013982	0.007387	-0.003357
 - 	259	0.016415	0.009960	-0.004701
 - 	260	0.018014	0.012392	-0.006076
 - 	261	0.020416	0.014559	-0.006970
 - 	262	0.022529	0.015728	-0.007647
 - 	263	0.023790	0.016558	-0.007984
 - 	264	0.024575	0.017497	-0.008166
 - 	265	0.024670	0.018302	-0.008317
 - 	266	0.025061	0.019362	-0.008497
 - 	267	0.026040	0.020610	-0.008875
 - 	268	0.026464	0.021672	-0.008795
 - 	269	0.026882	0.023474	-0.009337
 - 	270	0.026613	0.025143	-0.009789
 - 	271	0.026812	0.027417	-0.010307
 - 	272	0.026835	0.029712	-0.010685
 - 	273	0.026984	0.031149	-0.011196
 - 	274	0.026725	0.032847	-0.011383
 - 	275	0.027369	0.034245	-0.011691
 - 	276	0.027530	0.035224	-0.011582
 - 	277	0.027396	0.036219	-0.011684
 - 	278	0.026938	0.037038	-0.011650
 - 	279	0.026358	0.038120	-0.011755
 - 	280	0.026013	0.039003	-0.011698
 - 	281	0.025321	0.039253	-0.011722
 - 	282	0.024939	0.039563	-0.011333
 - 	283	0.023674	0.039715	-0.010976
 - 	284	0.022253	0.039274	-0.010273
 - 	285	0.021058	0.038973	-0.009725
 - 	286	0.019806	0.038645	-0.009167
 - 	287	0.018393	0.037633	-0.008513
 - 	288	0.017305	0.037249	-0.008042
 - 	289	0.016247	0.037202	-0.007529
 - 	290	0.014897	0.036444	-0.006921
 - 	291	0.014092	0.036931	-0.006380
 - 	292	0.013266	0.036098	-0.006039
 - 	293	0.013231	0.035487	-0.005567
 - 	294	0.013921	0.035547	-0.005267
 - 	295	0.014083	0.034987	-0.005082
 - 	296	0.014236	0.034745	-0.004843
 - 	297	0.014677	0.034446	-0.004586
 - 	298	0.015058	0.034106	-0.004314
 - 	299	0.015246	0.034677	-0.004287
 - 	300	0.014923	0.034950	-0.003832
 - 	301	0.015399	0.034429	-0.003605
 - 	302	0.015310	0.034799	-0.003597
 - 	303	0.015309	0.035355	-0.003137
 - 	304	0.015272	0.035369	-0.002918
 - 	305	0.015142	0.035659	-0.002826
 - 	306	0.015912	0.035702	-0.002509
 - 	307	0.015695	0.035811	-0.002311
 - 	308	0.015730	0.036267	-0.002145
 - 	309	0.016056	0.036091	-0.001720
 - 	310	0.016651	0.035669	-0.001508
 - 	311	0.016583	0.035523	-0.001401
 - 	312	0.016179	0.035215	-0.001235
 - 	313	0.015491	0.034880	-0.000909
 - 	314	0.015085	0.034381	-0.000461
 - 	315	0.014744	0.034256	-0.000244
 - 	316	0.014181	0.033810	-0.000065
 - 	317	0.014943	0.033100	0.000054
 - 	318	0.015155	0.032998	0.000194
 - 	319	0.015655	0.032315	0.000272
 - 	320	0.015689	0.032312	0.000097
 - 	321	0.015835	0.031110	0.000146
 - 	322	0.016090	0.031022	0.000128
 - 	323	0.015785	0.030495	0.000043
 - 	324	0.016501	0.030082	0.000310
 - 	325	0.016063	0.028900	0.000264
 - 	326	0.016235	0.027431	0.000421
 - 	327	0.016481	0.026493	0.000162
 - 	328	0.016331	0.025490	-0.000002
 - 	329	0.016809	0.024264	-0.000324
 - 	330	0.017070	0.023497	-0.000362
 - 	331	0.017295	0.022020	-0.000775
 - 	332	0.018152	0.020087	-0.001106
 - 	333	0.018805	0.018745	-0.001460
 - 	334	0.018517	0.016666	-0.001636
 - 	335	0.018587	0.014886	-0.001809
 - 	336	0.018084	0.012885	-0.001941
 - 	337	0.016981	0.011020	-0.002001
 - 	338	0.015366	0.008841	-0.001750
 - 	339	0.014533	0.007254	-0.001556
 - 	340	0.012725	0.005328	-0.001499
 - 	341	0.010540	0.003614	-0.001230
 - 	342	0.008154	0.003186	-0.001121
 - 	343	-0.002951	-0.000859	0.000445
 - 	344	-0.003448	-0.000866	0.000529
 - 	345	-0.003754	-0.000795	0.000586
 - 	346	-0.003666	-0.000655	0.000589
 - 	347	-0.003204	-0.000427	0.000517
 - 	348	-0.002546	-0.000139	0.000377
 - 	349	-0.001876	0.000093	0.000217
 - 	350	-0.001306	0.000147	0.000108
 - 	351	-0.000867	-0.000007	0.000091
 - 	352	-0.000543	-0.000314	0.000171
 - 	353	-0.000337	-0.000666	0.000315
 - 	354	-0.000249	-0.000946	0.000464
 - 	355	-0.000234	-0.001065	0.000556
 - 	356	-0.000250	-0.001005	0.000562
 - 	357	-0.000307	-0.000822	0.000501
 - 	358	-0.000453	-0.000607	0.000418
 - 	359	-0.000709	-0.000419	0.000343
 - 	360	-0.001040	-0.000289	0.000295
 - 	361	-0.001404	-0.000206	0.000268
 - 	362	-0.001744	-0.000127	0.000230
 - 	363	-0.002002	-0.000018	0.000146
 - 	364	-0.002162	0.000130	0.000011
 - 	365	-0.002297	0.000288	-0.000150
 - 	366	-0.002448	0.000404	-0.000289
 - 	367	-0.002573	0.000442	-0.000368
 - 	368	-0.002657	0.000417	-0.000379
 - 	369	-0.002795	0.000369	-0.000330
 - 	370	-0.003011	0.000302	-0.000224
 - 	371	-0.003187	0.000204	-0.000080
 - 	372	-0.003277	0.000071	0.000082
 - 	373	-0.003397	-0.000068	0.000233
 - 	374	-0.003577	-0.000166	0.000325
 - 	375	-0.003713	-0.000203	0.000337
 - 	376	-0.003754	-0.000192	0.000297
 - 	377	-0.003711	-0.000151	0.000244
 - 	378	-0.003633	-0.000083	0.000197
 - 	379	-0.003586	0.000010	0.000167
 - 	380	-0.003592	0.000110	0.000160
 - 	381	-0.003633	0.000188	0.000159
 - 	382	-0.003726	0.000239	0.000136
 - 	383	-0.003824	0.000279	0.000091
 - 	384	-0.003810	0.000321	0.000058
 - 	385	-0.003687	0.000365	0.000057
 - 	386	-0.003558	0.000405	0.000068
 - 	387	-0.003470	0.000437	0.000062
 - 	388	-0.003425	0.000450	0.000045
 - 	389	-0.003320	0.000435	0.000043
 - 	390	-0.003046	0.000406	0.000063
 - 	391	-0.002701	0.000374	0.000086
 - 	392	-0.002481	0.000330	0.000098
 - 	393	-0.002452	0.000263	0.000104
 - 	394	-0.002551	0.000166	0.000117
 - 	395	-0.002686	0.000045	0.000142
 - 	396	-0.002787	-0.000074	0.000173
 - 	397	-0.002829	-0.000158	0.000202
 - 	398	-0.002827	-0.000207	0.000233
 - 	399	-0.002817	-0.000235	0.000270
 - 	400	-0.002839	-0.000256	0.000313
 - 	401	-0.002935	-0.000289	0.000360
 - 	402	-0.003107	-0.000354	0.000412
 - 	403	-0.003295	-0.000451	0.000463
 - 	404	-0.003389	-0.000560	0.000500
 - 	405	-0.003270	-0.000633	0.000501
 - 	406	-0.002826	-0.000612	0.000449
 - 	407	-0.001987	-0.000435	0.000328
 - 	408	-0.000808	-0.000077	0.000141
 - 	409	0.000549	0.000442	-0.000095
 - 	410	0.001861	0.001032	-0.000343
 - 	411	0.002851	0.001538	-0.000543
 - 	412	0.003291	0.001831	-0.000643
 - 	413	0.003165	0.001869	-0.000636
 - 	414	0.002670	0.001671	-0.000555
 - 	415	0.002047	0.001257	-0.000433
 - 	416	0.001425	0.000662	-0.000288
 - 	417	0.000824	-0.000039	-0.000125
 - 	418	0.000252	-0.000694	0.000043
 - 	419	-0.000242	-0.001127	0.000187
 - 	420	-0.000598	-0.001260	0.000279
 - 	421	-0.000797	-0.001161	0.000315
 - 	422	-0.000875	-0.000952	0.000308
 - 	423	-0.000877	-0.000704	0.000270
 - 	424	-0.000794	-0.000452	0.000207
 - 	425	-0.000622	-0.000228	0.000133
 - 	426	-0.000431	-0.000077	0.000072
 - 	427	-0.000285	-0.000022	0.000036
 - 	428	-0.000172	-0.000050	0.000026
 - 	429	-0.000095	-0.000152	0.000038
 - 	430	-0.000082	-0.000321	0.000077
 - 	431	-0.000092	-0.000526	0.000140
 - 	432	-0.000048	-0.000726	0.000216
 - 	433	0.000037	-0.000885	0.000289
 - 	434	0.000096	-0.000992	0.000343
 - 	435	0.000068	-0.001049	0.000373
 - 	436	-0.000070	-0.001074	0.000383
 - 	437	-0.000268	-0.001066	0.000372
 - 	438	-0.000410	-0.001017	0.000339
 - 	439	-0.000427	-0.000950	0.000298
 - 	440	-0.000368	-0.000908	0.000273
 - 	441	-0.000307	-0.000914	0.000276
 - 	442	-0.000268	-0.000950	0.000292
 - 	443	-0.000257	-0.000988	0.000301
 - 	444	-0.000283	-0.001017	0.000295
 - 	445	-0.000352	-0.001039	0.000279
 - 	446	-0.000452	-0.001052	0.000264
 - 	447	-0.000553	-0.001049	0.000250
 - 	448	-0.000613	-0.001030	0.000233
 - 	449	-0.000629	-0.001006	0.000220
 - 	450	-0.000643	-0.000994	0.000224
 - 	451	-0.000690	-0.001010	0.000252
 - 	452	-0.000768	-0.001049	0.000290
 - 	453	-0.000860	-0.001072	0.000309
 - 	454	-0.000942	-0.001050	0.000295
 - 	455	-0.000966	-0.001005	0.000262
 - 	456	-0.000882	-0.000973	0.000234
 - 	457	-0.000681	-0.000968	0.000224
 - 	458	-0.000454	-0.000977	0.000227
 - 	459	-0.000346	-0.000991	0.000235
 - 	460	-0.000417	-0.001013	0.000251
 - 	461	-0.000612	-0.001023	0.000271
 - 	462	-0.000831	-0.000978	0.000278
 - 	463	-0.001007	-0.000899	0.000270
 - 	464	-0.001129	-0.000855	0.000263
 - 	465	-0.001208	-0.000873	0.000266
 - 	466	-0.001236	-0.000920	0.000270
 - 	467	-0.001199	-0.000961	0.000268
 - 	468	-0.001114	-0.000990	0.000262
 - 	469	-0.001035	-0.001016	0.000258
 - 	470	-0.001011	-0.001041	0.000261
 - 	471	-0.001074	-0.001065	0.000274
 - 	472	-0.001235	-0.001090	0.000301
 - 	473	-0.001477	-0.001093	0.000341
 - 	474	-0.001745	-0.001075	0.000387
 - 	475	-0.001943	-0.001059	0.000420
 - 	476	-0.001947	-0.001040	0.000409
 - 	477	-0.001702	-0.000993	0.000333
 - 	478	-0.001371	-0.000938	0.000230
 - 	479	-0.001227	-0.000897	0.000168
 - 	480	-0.001356	-0.000872	0.000174
 - 	481	-0.001618	-0.000861	0.000219
 - 	482	-0.001822	-0.000862	0.000256
 - 	483	-0.001877	-0.000866	0.000260
 - 	484	-0.001829	-0.000863	0.000245
 - 	485	-0.001778	-0.000841	0.000233
 - 	486	-0.001765	-0.000817	0.000233
 - 	487	-0.001773	-0.000838	0.000241
 - 	488	-0.001773	-0.000919	0.000253
 - 	489	-0.001796	-0.001016	0.000278
 - 	490	-0.001910	-0.001091	0.000329
 - 	491	-0.002081	-0.001139	0.000394
 - 	492	-0.002163	-0.001182	0.000445
 - 	493	-0.002079	-0.001223	0.000462
 - 	494	-0.001904	-0.001221	0.000448
 - 	495	-0.001791	-0.001115	0.000419
 - 	496	-0.001856	-0.000881	0.000387
 - 	497	-0.002054	-0.000560	0.000341
 - 	498	-0.002201	-0.000232	0.000258
 - 	499	-0.002179	0.000041	0.000134
 - 	500	-0.002044	0.000240	0.000001
 - 	501	-0.001901	0.000349	-0.000095
 - 	502	-0.001816	0.000350	-0.000128
 - 	503	-0.001834	0.000254	-0.000096
 - 	504	-0.001964	0.000115	-0.000024
 - 	505	-0.002132	-0.000021	0.000052
 - 	506	-0.002275	-0.000148	0.000123
 - 	507	-0.002470	-0.000267	0.000212
 - 	508	-0.002771	-0.000388	0.000343
 - 	509	-0.002996	-0.000503	0.000489
 - 	510	-0.002934	-0.000573	0.000585
 - 	511	-0.002564	-0.000560	0.000577
 - 	512	-0.001976	-0.000473	0.000461
 - 	513	-0.001286	-0.000371	0.000283
 - 	514	-0.000684	-0.000340	0.000139
 - 	515	-0.000323	-0.000413	0.000106
 - 	516	-0.000235	-0.000523	0.000156
 - 	517	-0.000371	-0.000597	0.000223
 - 	518	-0.000618	-0.000627	0.000273
 - 	519	-0.000888	-0.000610	0.000280
 - 	520	-0.001203	-0.000507	0.000216
 - 	521	-0.001609	-0.000311	0.000093
 - 	522	-0.002085	-0.000073	-0.000039
 - 	523	-0.002574	0.000133	-0.000130
 - 	524	-0.002987	0.000269	-0.000169
 - 	525	-0.003201	0.000330	-0.000183
 - 	526	-0.003245	0.000318	-0.000176
 - 	527	-0.003282	0.000192	-0.000092
 - 	528	-0.003362	-0.000075	0.000090
 - 	529	-0.003459	-0.000478	0.000355
 - 	530	-0.003598	-0.000969	0.000672
 - 	531	-0.003785	-0.001478	0.001012
 - 	532	-0.004025	-0.001922	0.001328
 - 	533	-0.004416	-0.002230	0.001595
 - 	534	-0.005162	-0.002374	0.001823
 - 	535	-0.006446	-0.002380	0.002048
 - 	536	-0.008241	-0.002296	0.002275
 - 	537	-0.010225	-0.002206	0.002477
 - 	538	-0.011828	-0.002184	0.002595
 - 	539	-0.012397	-0.002157	0.002515
 - 	540	-0.011576	-0.001942	0.002156
 - 	541	-0.009597	-0.001450	0.001567
 - 	542	-0.007135	-0.000792	0.000916
 - 	543	-0.004864	-0.000183	0.000373
 - 	544	-0.003145	0.000210	0.000034
 - 	545	-0.002018	0.000359	-0.000110
 - 	546	-0.001356	0.000335	-0.000125
 - 	547	-0.001000	0.000210	-0.000073
 - 	548	-0.000820	0.000042	0.000002
 - 	549	-0.000726	-0.000118	0.000070
 - 	550	-0.000678	-0.000231	0.000116
 - 	551	-0.000676	-0.000293	0.000139
 - 	552	-0.000713	-0.000320	0.000151
 - 	553	-0.000755	-0.000319	0.000154
 - 	554	-0.000776	-0.000275	0.000142
 - 	555	-0.000802	-0.000216	0.000121
 - 	556	-0.000872	-0.000193	0.000113
 - 	557	-0.000979	-0.000211	0.000119
 - 	558	-0.001081	-0.000236	0.000128
 - 	559	-0.001150	-0.000251	0.000134
 - 	560	-0.001195	-0.000262	0.000139
 - 	561	-0.001260	-0.000278	0.000147
 - 	562	-0.001359	-0.000290	0.000152
 - 	563	-0.001459	-0.000286	0.000155
 - 	564	-0.001538	-0.000271	0.000156
 - 	565	-0.001611	-0.000255	0.000158
 - 	566	-0.001697	-0.000252	0.000164
 - 	567	-0.001783	-0.000266	0.000174
 - 	568	-0.001827	-0.000259	0.000172
 - 	569	-0.001804	-0.000211	0.000151
 - 	570	-0.001736	-0.000158	0.000126
 - 	571	-0.001672	-0.000148	0.000120
 - 	572	-0.001651	-0.000187	0.000135
 - 	573	-0.001661	-0.000231	0.000152
 - 	574	-0.001667	-0.000252	0.000158
 - 	575	-0.001636	-0.000253	0.000155
 - 	576	-0.001587	-0.000258	0.000152
 - 	577	-0.001557	-0.000299	0.000165
 - 	578	-0.001537	-0.000367	0.000189
 - 	579	-0.001488	-0.000426	0.000207
 - 	580	-0.001444	-0.000439	0.000207
 - 	581	-0.001458	-0.000381	0.000183
 - 	582	-0.001530	-0.000285	0.000147
 - 	583	-0.001620	-0.000220	0.000125
 - 	584	-0.001688	-0.000219	0.000126
 - 	585	-0.001697	-0.000285	0.000151
 - 	586	-0.001621	-0.000400	0.000191
 - 	587	-0.001504	-0.000516	0.000232
 - 	588	-0.001432	-0.000591	0.000258
 - 	589	-0.001436	-0.000595	0.000259
 - 	590	-0.001512	-0.000544	0.000239
 - 	591	-0.001642	-0.000488	0.000217
 - 	592	-0.001787	-0.000456	0.000206
 - 	593	-0.001898	-0.000428	0.000198
 - 	594	-0.001910	-0.000404	0.000190
 - 	595	-0.001785	-0.000428	0.000193
 - 	596	-0.001593	-0.000504	0.000211
 - 	597	-0.001487	-0.000585	0.000232
 - 	598	-0.001522	-0.000640	0.000245
 - 	599	-0.001595	-0.000659	0.000245
 - 	600	-0.001623	-0.000639	0.000229
 - 	601	-0.001644	-0.000593	0.000204
 - 	602	-0.001683	-0.000568	0.000190
 - 	603	-0.001666	-0.000576	0.000188
 - 	604	-0.001561	-0.000571	0.000181
 - 	605	-0.001500	-0.000567	0.000178
 - 	606	-0.001600	-0.000620	0.000198
 - 	607	-0.001800	-0.000720	0.000234
 - 	608	-0.001932	-0.000805	0.000264
 - 	609	-0.001902	-0.000849	0.000276
 - 	610	-0.001798	-0.000853	0.000274
 - 	611	-0.001745	-0.000843	0.000267
 - 	612	-0.001778	-0.000854	0.000268
 - 	613	-0.001838	-0.000879	0.000273
 - 	614	-0.001857	-0.000881	0.000270
 - 	615	-0.001816	-0.000848	0.000256
 - 	616	-0.001729	-0.000811	0.000239
 - 	617	-0.001632	-0.000799	0.000230
 - 	618	-0.001576	-0.000825	0.000233
 - 	619	-0.001559	-0.000882	0.000247
 - 	620	-0.001522	-0.000929	0.000260
 - 	621	-0.001451	-0.000939	0.000261
 - 	622	-0.001404	-0.000931	0.000257
 - 	623	-0.001416	-0.000923	0.000254
 - 	624	-0.001480	-0.000912	0.000253
 - 	625	-0.001559	-0.000898	0.000252
 - 	626	-0.001607	-0.000875	0.000249
 - 	627	-0.001608	-0.000846	0.000243
 - 	628	-0.001596	-0.000819	0.000234
 - 	629	-0.001596	-0.000811	0.000230
 - 	630	-0.001586	-0.000825	0.000231
 - 	631	-0.001547	-0.000844	0.000235
 - 	632	-0.001511	-0.000851	0.000234
 - 	633	-0.001522	-0.000840	0.000228
 - 	634	-0.001590	-0.000830	0.000223
 - 	635	-0.001685	-0.000831	0.000225
 - 	636	-0.001752	-0.000828	0.000227
 - 	637	-0.001778	-0.000810	0.000225
 - 	638	-0.001801	-0.000778	0.000218
 - 	639	-0.001848	-0.000745	0.000211
 - 	640	-0.001909	-0.000716	0.000208
 - 	641	-0.001951	-0.000690	0.000206
 - 	642	-0.001964	-0.000666	0.000204
 - 	643	-0.001968	-0.000653	0.000201
 - 	644	-0.001970	-0.000651	0.000199
 - 	645	-0.001949	-0.000656	0.000200
 - 	646	-0.001890	-0.000660	0.000205
 - 	647	-0.001818	-0.000656	0.000210
 - 	648	-0.001764	-0.000636	0.000211
 - 	649	-0.001731	-0.000602	0.000208
 - 	650	-0.001694	-0.000561	0.000201
 - 	651	-0.001648	-0.000513	0.000191
 - 	652	-0.001606	-0.000452	0.000174
 - 	653	-0.001602	-0.000369	0.000147
 - 	654	-0.001708	-0.000257	0.000104
 - 	655	-0.002012	-0.000109	0.000042
 - 	656	-0.002534	0.000075	-0.000043
 - 	657	-0.003173	0.000269	-0.000139
 - 	658	-0.003655	0.000394	-0.000206
 - 	659			
 - 	660			
