LKNE_MOMENT
File	Frame	X 	Y 	Z 
Trial_12.filtered_40.c3d	1			
 - 	2			
 - 	3			
 - 	4			
 - 	5			
 - 	6			
 - 	7			
 - 	8			
 - 	9			
 - 	10			
 - 	11			
 - 	12			
 - 	13			
 - 	14			
 - 	15			
 - 	16			
 - 	17			
 - 	18			
 - 	19			
 - 	20			
 - 	21			
 - 	22			
 - 	23			
 - 	24			
 - 	25			
 - 	26			
 - 	27			
 - 	28			
 - 	29			
 - 	30			
 - 	31			
 - 	32			
 - 	33			
 - 	34			
 - 	35			
 - 	36			
 - 	37			
 - 	38			
 - 	39			
 - 	40			
 - 	41			
 - 	42			
 - 	43			
 - 	44			
 - 	45			
 - 	46			
 - 	47			
 - 	48			
 - 	49			
 - 	50			
 - 	51			
 - 	52			
 - 	53			
 - 	54			
 - 	55			
 - 	56			
 - 	57			
 - 	58			
 - 	59			
 - 	60	0.000498	0.000134	-0.000042
 - 	61	0.000405	0.000120	-0.000030
 - 	62	0.000355	0.000116	-0.000025
 - 	63	0.000342	0.000116	-0.000025
 - 	64	0.000363	0.000117	-0.000028
 - 	65	0.000447	0.000125	-0.000039
 - 	66	0.000589	0.000148	-0.000061
 - 	67	0.000826	0.000176	-0.000093
 - 	68	0.001073	0.000206	-0.000128
 - 	69	0.001291	0.000224	-0.000157
 - 	70	0.001408	0.000229	-0.000173
 - 	71	0.001483	0.000222	-0.000180
 - 	72	0.001489	0.000215	-0.000179
 - 	73	0.001481	0.000202	-0.000174
 - 	74	0.001456	0.000188	-0.000167
 - 	75	0.001436	0.000176	-0.000160
 - 	76	0.001415	0.000171	-0.000155
 - 	77	0.001409	0.000167	-0.000152
 - 	78	0.001406	0.000165	-0.000150
 - 	79	0.001413	0.000164	-0.000150
 - 	80	0.001434	0.000165	-0.000153
 - 	81	0.001453	0.000181	-0.000159
 - 	82	0.001484	0.000209	-0.000169
 - 	83	0.001502	0.000247	-0.000180
 - 	84	0.001485	0.000287	-0.000189
 - 	85	0.001442	0.000321	-0.000192
 - 	86	0.001337	0.000340	-0.000186
 - 	87	0.001161	0.000339	-0.000168
 - 	88	0.000953	0.000323	-0.000142
 - 	89	0.000783	0.000298	-0.000118
 - 	90	0.000669	0.000270	-0.000098
 - 	91	0.000618	0.000254	-0.000088
 - 	92	0.000619	0.000242	-0.000084
 - 	93	0.000634	0.000248	-0.000087
 - 	94	0.000691	0.000263	-0.000097
 - 	95	0.000724	0.000293	-0.000109
 - 	96	0.000781	0.000314	-0.000121
 - 	97	0.000824	0.000334	-0.000131
 - 	98	0.000883	0.000349	-0.000141
 - 	99	0.000936	0.000358	-0.000149
 - 	100	0.001048	0.000364	-0.000162
 - 	101	0.001167	0.000376	-0.000176
 - 	102	0.001339	0.000390	-0.000195
 - 	103	0.001501	0.000406	-0.000213
 - 	104	0.001547	0.000415	-0.000218
 - 	105	0.001500	0.000401	-0.000208
 - 	106	0.001341	0.000370	-0.000185
 - 	107	0.001207	0.000334	-0.000163
 - 	108	0.001079	0.000304	-0.000143
 - 	109	0.001002	0.000283	-0.000131
 - 	110	0.000942	0.000278	-0.000124
 - 	111	0.000917	0.000279	-0.000122
 - 	112	0.000924	0.000288	-0.000124
 - 	113	0.000948	0.000296	-0.000129
 - 	114	0.001034	0.000307	-0.000140
 - 	115	0.001142	0.000328	-0.000157
 - 	116	0.001241	0.000351	-0.000174
 - 	117	0.001272	0.000363	-0.000181
 - 	118	0.001201	0.000367	-0.000179
 - 	119	0.001087	0.000372	-0.000172
 - 	120	0.001000	0.000387	-0.000170
 - 	121	0.001005	0.000410	-0.000178
 - 	122	0.001108	0.000431	-0.000193
 - 	123	0.001266	0.000449	-0.000210
 - 	124	0.001403	0.000447	-0.000219
 - 	125	0.001505	0.000428	-0.000221
 - 	126	0.001559	0.000400	-0.000215
 - 	127	0.001587	0.000370	-0.000207
 - 	128	0.001576	0.000341	-0.000196
 - 	129	0.001563	0.000310	-0.000187
 - 	130	0.001502	0.000287	-0.000177
 - 	131	0.001471	0.000270	-0.000171
 - 	132	0.001409	0.000255	-0.000165
 - 	133	0.001365	0.000244	-0.000160
 - 	134	0.001334	0.000227	-0.000154
 - 	135	0.001292	0.000216	-0.000149
 - 	136	0.001257	0.000222	-0.000150
 - 	137	0.001218	0.000235	-0.000156
 - 	138	0.001188	0.000241	-0.000160
 - 	139	0.001133	0.000238	-0.000158
 - 	140	0.001102	0.000232	-0.000154
 - 	141	0.001054	0.000225	-0.000147
 - 	142	0.001009	0.000214	-0.000141
 - 	143	0.000972	0.000201	-0.000135
 - 	144	0.000933	0.000192	-0.000130
 - 	145	0.000899	0.000188	-0.000128
 - 	146	0.000840	0.000186	-0.000126
 - 	147	0.000810	0.000176	-0.000124
 - 	148	0.000755	0.000156	-0.000117
 - 	149	0.000686	0.000136	-0.000108
 - 	150	0.000652	0.000104	-0.000096
 - 	151	0.000611	0.000083	-0.000085
 - 	152	0.000590	0.000060	-0.000074
 - 	153	0.000589	0.000041	-0.000063
 - 	154	0.000575	0.000017	-0.000050
 - 	155	0.000578	-0.000001	-0.000041
 - 	156	0.000556	-0.000010	-0.000034
 - 	157	0.000537	-0.000009	-0.000028
 - 	158	0.000484	0.000028	-0.000033
 - 	159	0.000439	0.000080	-0.000044
 - 	160	0.000382	0.000142	-0.000061
 - 	161	0.000310	0.000200	-0.000078
 - 	162	0.000272	0.000242	-0.000096
 - 	163	0.000212	0.000277	-0.000114
 - 	164	0.000166	0.000304	-0.000133
 - 	165	0.000128	0.000325	-0.000150
 - 	166	0.000124	0.000329	-0.000158
 - 	167	0.000112	0.000328	-0.000158
 - 	168	0.000111	0.000311	-0.000147
 - 	169	0.000124	0.000283	-0.000130
 - 	170	0.000102	0.000250	-0.000110
 - 	171	0.000109	0.000203	-0.000091
 - 	172	0.000065	0.000172	-0.000080
 - 	173	0.000037	0.000144	-0.000072
 - 	174	-0.000017	0.000118	-0.000061
 - 	175	-0.000083	0.000090	-0.000045
 - 	176	-0.000134	0.000072	-0.000032
 - 	177	-0.000171	0.000059	-0.000021
 - 	178	-0.000208	0.000054	-0.000014
 - 	179	-0.000218	0.000042	-0.000007
 - 	180	-0.000231	0.000039	-0.000002
 - 	181	-0.000246	0.000037	0.000002
 - 	182	-0.000265	0.000042	0.000003
 - 	183	-0.000274	0.000045	0.000004
 - 	184	-0.000299	0.000052	0.000005
 - 	185	-0.000324	0.000058	0.000005
 - 	186	-0.000353	0.000069	0.000001
 - 	187	-0.000396	0.000089	-0.000008
 - 	188	-0.000454	0.000114	-0.000022
 - 	189	-0.000519	0.000145	-0.000037
 - 	190	-0.000600	0.000163	-0.000041
 - 	191	-0.000697	0.000173	-0.000039
 - 	192	-0.000780	0.000160	-0.000027
 - 	193	-0.000843	0.000133	-0.000011
 - 	194	-0.000884	0.000099	0.000005
 - 	195	-0.000919	0.000062	0.000023
 - 	196	-0.000930	0.000027	0.000041
 - 	197	-0.000972	-0.000006	0.000062
 - 	198	-0.000987	-0.000039	0.000083
 - 	199	-0.001016	-0.000067	0.000101
 - 	200	-0.001043	-0.000083	0.000114
 - 	201	-0.001073	-0.000090	0.000122
 - 	202	-0.001105	-0.000087	0.000123
 - 	203	-0.001154	-0.000081	0.000123
 - 	204	-0.001212	-0.000075	0.000125
 - 	205	-0.001273	-0.000075	0.000130
 - 	206	-0.001344	-0.000074	0.000135
 - 	207	-0.001436	-0.000076	0.000142
 - 	208	-0.001522	-0.000069	0.000143
 - 	209	-0.001622	-0.000059	0.000144
 - 	210	-0.001722	-0.000053	0.000148
 - 	211	-0.001821	-0.000045	0.000151
 - 	212	-0.001934	-0.000043	0.000158
 - 	213	-0.002050	-0.000036	0.000159
 - 	214	-0.002160	-0.000036	0.000163
 - 	215	-0.002288	-0.000034	0.000166
 - 	216	-0.002398	-0.000039	0.000173
 - 	217	-0.002507	-0.000046	0.000184
 - 	218	-0.002614	-0.000047	0.000194
 - 	219	-0.002696	-0.000046	0.000206
 - 	220	-0.002754	-0.000029	0.000214
 - 	221	-0.002793	0.000006	0.000213
 - 	222	-0.002799	0.000062	0.000196
 - 	223	-0.002817	0.000142	0.000162
 - 	224	-0.002772	0.000222	0.000120
 - 	225	-0.002719	0.000308	0.000072
 - 	226	-0.002616	0.000397	0.000011
 - 	227	-0.002509	0.000485	-0.000062
 - 	228	-0.002425	0.000559	-0.000132
 - 	229	-0.002389	0.000607	-0.000185
 - 	230	-0.002428	0.000625	-0.000212
 - 	231	-0.002494	0.000614	-0.000217
 - 	232	-0.002567	0.000579	-0.000201
 - 	233	-0.002612	0.000528	-0.000171
 - 	234	-0.002638	0.000455	-0.000122
 - 	235	-0.002611	0.000363	-0.000059
 - 	236	-0.002557	0.000253	0.000016
 - 	237	-0.002486	0.000117	0.000105
 - 	238	-0.002443	-0.000044	0.000199
 - 	239	-0.002382	-0.000222	0.000288
 - 	240	-0.002327	-0.000401	0.000367
 - 	241	-0.002221	-0.000575	0.000434
 - 	242	-0.002108	-0.000732	0.000491
 - 	243	-0.001970	-0.000885	0.000543
 - 	244	-0.001826	-0.001032	0.000589
 - 	245	-0.001682	-0.001151	0.000621
 - 	246	-0.001572	-0.001239	0.000636
 - 	247	-0.001461	-0.001278	0.000628
 - 	248	-0.001368	-0.001272	0.000602
 - 	249	-0.001292	-0.001213	0.000556
 - 	250	-0.001197	-0.001107	0.000495
 - 	251	-0.001115	-0.000960	0.000423
 - 	252	-0.001019	-0.000779	0.000342
 - 	253	-0.000908	-0.000578	0.000256
 - 	254	-0.000806	-0.000381	0.000175
 - 	255	-0.000720	-0.000204	0.000104
 - 	256	-0.000650	-0.000059	0.000047
 - 	257	-0.000563	0.000050	0.000002
 - 	258	-0.000501	0.000138	-0.000033
 - 	259	-0.000440	0.000209	-0.000058
 - 	260	-0.000418	0.000266	-0.000072
 - 	261	-0.000419	0.000303	-0.000074
 - 	262	-0.000459	0.000322	-0.000065
 - 	263	-0.000530	0.000320	-0.000049
 - 	264	-0.000593	0.000297	-0.000031
 - 	265	-0.000682	0.000256	-0.000011
 - 	266	-0.000764	0.000205	0.000010
 - 	267	-0.000829	0.000158	0.000028
 - 	268	-0.000879	0.000110	0.000042
 - 	269	-0.000914	0.000062	0.000055
 - 	270	-0.000956	0.000026	0.000065
 - 	271	-0.001035	0.000000	0.000075
 - 	272	-0.001111	-0.000026	0.000084
 - 	273	-0.001197	-0.000051	0.000094
 - 	274	-0.001293	-0.000083	0.000105
 - 	275	-0.001386	-0.000124	0.000118
 - 	276	-0.001499	-0.000164	0.000133
 - 	277	-0.001603	-0.000199	0.000147
 - 	278	-0.001706	-0.000231	0.000161
 - 	279	-0.001802	-0.000260	0.000176
 - 	280	-0.001856	-0.000296	0.000189
 - 	281	-0.001909	-0.000325	0.000201
 - 	282	-0.001933	-0.000351	0.000210
 - 	283	-0.001935	-0.000374	0.000215
 - 	284	-0.001913	-0.000377	0.000213
 - 	285	-0.001883	-0.000373	0.000208
 - 	286	-0.001857	-0.000357	0.000201
 - 	287	-0.001854	-0.000343	0.000196
 - 	288	-0.001869	-0.000320	0.000191
 - 	289	-0.001906	-0.000281	0.000184
 - 	290	-0.001952	-0.000248	0.000177
 - 	291	-0.001962	-0.000228	0.000167
 - 	292	-0.001935	-0.000213	0.000152
 - 	293	-0.001862	-0.000191	0.000134
 - 	294	-0.001823	-0.000156	0.000121
 - 	295	-0.001765	-0.000127	0.000112
 - 	296	-0.001755	-0.000107	0.000114
 - 	297	-0.001754	-0.000094	0.000120
 - 	298	-0.001743	-0.000080	0.000126
 - 	299	-0.001776	-0.000039	0.000128
 - 	300	-0.001829	0.000014	0.000128
 - 	301	-0.001924	0.000090	0.000127
 - 	302	-0.002028	0.000168	0.000122
 - 	303	-0.002114	0.000235	0.000114
 - 	304	-0.002183	0.000278	0.000108
 - 	305	-0.002218	0.000294	0.000104
 - 	306	-0.002230	0.000279	0.000104
 - 	307	-0.002214	0.000242	0.000107
 - 	308	-0.002170	0.000192	0.000111
 - 	309	-0.002115	0.000158	0.000113
 - 	310	-0.002075	0.000154	0.000116
 - 	311	-0.002031	0.000181	0.000118
 - 	312	-0.002000	0.000231	0.000121
 - 	313	-0.001975	0.000273	0.000125
 - 	314	-0.001973	0.000277	0.000133
 - 	315	-0.001983	0.000248	0.000145
 - 	316	-0.002002	0.000194	0.000156
 - 	317	-0.002008	0.000124	0.000165
 - 	318	-0.002008	0.000044	0.000171
 - 	319	-0.002001	-0.000031	0.000174
 - 	320	-0.002004	-0.000093	0.000176
 - 	321	-0.002009	-0.000140	0.000176
 - 	322	-0.002000	-0.000164	0.000172
 - 	323	-0.001982	-0.000164	0.000162
 - 	324	-0.001954	-0.000131	0.000149
 - 	325	-0.001942	-0.000071	0.000136
 - 	326	-0.001931	0.000010	0.000123
 - 	327	-0.001925	0.000100	0.000109
 - 	328	-0.001909	0.000197	0.000092
 - 	329	-0.001898	0.000302	0.000072
 - 	330	-0.001893	0.000408	0.000050
 - 	331	-0.001882	0.000511	0.000026
 - 	332	-0.001879	0.000604	0.000005
 - 	333	-0.001873	0.000682	-0.000013
 - 	334	-0.001856	0.000735	-0.000028
 - 	335	-0.001854	0.000771	-0.000040
 - 	336	-0.001847	0.000786	-0.000049
 - 	337	-0.001836	0.000785	-0.000057
 - 	338	-0.001799	0.000757	-0.000063
 - 	339	-0.001735	0.000699	-0.000067
 - 	340	-0.001646	0.000611	-0.000065
 - 	341	-0.001503	0.000505	-0.000060
 - 	342	-0.001349	0.000395	-0.000052
 - 	343	-0.001160	0.000283	-0.000041
 - 	344	-0.000927	0.000177	-0.000030
 - 	345	-0.000677	0.000061	-0.000012
 - 	346	-0.000422	-0.000073	0.000016
 - 	347	-0.000186	-0.000213	0.000055
 - 	348	0.000044	-0.000339	0.000097
 - 	349	0.000224	-0.000432	0.000137
 - 	350	0.000354	-0.000489	0.000169
 - 	351	0.000410	-0.000513	0.000192
 - 	352	0.000400	-0.000516	0.000210
 - 	353	0.000300	-0.000490	0.000220
 - 	354	0.000120	-0.000432	0.000217
 - 	355	-0.000138	-0.000349	0.000202
 - 	356	-0.000469	-0.000269	0.000184
 - 	357	-0.000878	-0.000210	0.000172
 - 	358	-0.001357	-0.000177	0.000172
 - 	359	-0.001919	-0.000153	0.000179
 - 	360	-0.002532	-0.000140	0.000196
 - 	361	-0.003173	-0.000125	0.000217
 - 	362	-0.003789	-0.000117	0.000254
 - 	363	-0.004311	-0.000126	0.000315
 - 	364	-0.004711	-0.000149	0.000399
 - 	365	-0.004937	-0.000190	0.000507
 - 	366	-0.005001	-0.000248	0.000634
 - 	367	-0.004898	-0.000321	0.000773
 - 	368	-0.004652	-0.000407	0.000916
 - 	369	-0.004270	-0.000507	0.001056
 - 	370	-0.003780	-0.000607	0.001170
 - 	371	-0.003191	-0.000699	0.001233
 - 	372	-0.002532	-0.000793	0.001259
 - 	373	-0.001858	-0.000895	0.001267
 - 	374	-0.001181	-0.001003	0.001276
 - 	375	-0.000541	-0.001092	0.001273
 - 	376	0.000072	-0.001155	0.001259
 - 	377	0.000628	-0.001192	0.001242
 - 	378	0.001098	-0.001199	0.001221
 - 	379	0.001456	-0.001167	0.001175
 - 	380	0.001672	-0.001094	0.001097
 - 	381	0.001756	-0.000994	0.000993
 - 	382	0.001775	-0.000894	0.000891
 - 	383	0.001722	-0.000796	0.000802
 - 	384	0.001650	-0.000711	0.000741
 - 	385	0.001539	-0.000647	0.000725
 - 	386	0.001422	-0.000604	0.000747
 - 	387	0.001298	-0.000576	0.000797
 - 	388	0.001176	-0.000549	0.000840
 - 	389	0.001064	-0.000515	0.000864
 - 	390	0.000943	-0.000469	0.000867
 - 	391	0.000825	-0.000414	0.000847
 - 	392	0.000716	-0.000361	0.000820
 - 	393	0.000605	-0.000308	0.000780
 - 	394	0.000480	-0.000255	0.000732
 - 	395	0.000310	-0.000192	0.000668
 - 	396	0.000079	-0.000121	0.000595
 - 	397	-0.000185	-0.000048	0.000521
 - 	398	-0.000470	0.000020	0.000463
 - 	399	-0.000770	0.000086	0.000412
 - 	400	-0.001062	0.000148	0.000367
 - 	401	-0.001351	0.000208	0.000321
 - 	402	-0.001599	0.000251	0.000282
 - 	403	-0.001792	0.000274	0.000242
 - 	404	-0.001918	0.000277	0.000203
 - 	405	-0.001995	0.000273	0.000155
 - 	406	-0.002084	0.000278	0.000095
 - 	407	-0.002173	0.000294	0.000022
 - 	408	-0.002271	0.000323	-0.000062
 - 	409	-0.002372	0.000353	-0.000140
 - 	410	-0.002481	0.000385	-0.000213
 - 	411	-0.002598	0.000414	-0.000276
 - 	412	-0.002741	0.000442	-0.000335
 - 	413	-0.002887	0.000466	-0.000380
 - 	414	-0.003027	0.000485	-0.000409
 - 	415	-0.003134	0.000489	-0.000414
 - 	416	-0.003238	0.000479	-0.000399
 - 	417	-0.003350	0.000460	-0.000376
 - 	418	-0.003485	0.000436	-0.000351
 - 	419	-0.003625	0.000418	-0.000338
 - 	420	-0.003759	0.000400	-0.000327
 - 	421	-0.003882	0.000374	-0.000306
 - 	422	-0.003977	0.000328	-0.000261
 - 	423	-0.004066	0.000280	-0.000208
 - 	424	-0.004134	0.000231	-0.000151
 - 	425	-0.004199	0.000201	-0.000110
 - 	426	-0.004264	0.000173	-0.000064
 - 	427	-0.004343	0.000155	-0.000021
 - 	428	-0.004442	0.000145	0.000025
 - 	429	-0.004559	0.000149	0.000067
 - 	430	-0.004705	0.000165	0.000106
 - 	431	-0.004867	0.000189	0.000146
 - 	432	-0.005054	0.000219	0.000187
 - 	433	-0.005255	0.000244	0.000235
 - 	434	-0.005491	0.000265	0.000287
 - 	435	-0.005762	0.000273	0.000349
 - 	436	-0.006056	0.000273	0.000413
 - 	437	-0.006365	0.000276	0.000468
 - 	438	-0.006640	0.000279	0.000511
 - 	439	-0.006862	0.000293	0.000531
 - 	440	-0.007035	0.000317	0.000533
 - 	441	-0.007201	0.000347	0.000530
 - 	442	-0.007363	0.000388	0.000521
 - 	443	-0.007540	0.000443	0.000508
 - 	444	-0.007711	0.000507	0.000492
 - 	445	-0.007862	0.000594	0.000466
 - 	446	-0.008009	0.000698	0.000440
 - 	447	-0.008148	0.000812	0.000418
 - 	448	-0.008287	0.000918	0.000406
 - 	449	-0.008413	0.000998	0.000408
 - 	450	-0.008535	0.001045	0.000427
 - 	451	-0.008653	0.001046	0.000463
 - 	452	-0.008750	0.001012	0.000507
 - 	453	-0.008834	0.000981	0.000548
 - 	454	-0.008907	0.000956	0.000584
 - 	455	-0.008965	0.000933	0.000615
 - 	456	-0.009000	0.000907	0.000641
 - 	457	-0.008987	0.000904	0.000649
 - 	458	-0.008908	0.000945	0.000632
 - 	459	-0.008730	0.001047	0.000580
 - 	460	-0.008415	0.001207	0.000491
 - 	461	-0.007930	0.001428	0.000365
 - 	462	-0.007235	0.001694	0.000206
 - 	463	-0.006328	0.001981	0.000027
 - 	464	-0.005239	0.002266	-0.000155
 - 	465	-0.004050	0.002513	-0.000317
 - 	466	-0.002869	0.002707	-0.000444
 - 	467	-0.001806	0.002834	-0.000525
 - 	468	-0.001260	-0.001894	0.001928
 - 	469	-0.004728	-0.001627	0.002241
 - 	470	-0.006839	-0.001886	0.002508
 - 	471	-0.005620	-0.003176	0.002687
 - 	472	-0.001338	-0.004829	0.002630
 - 	473	0.003915	-0.006006	0.002317
 - 	474	0.008268	-0.006059	0.001838
 - 	475	0.010975	-0.005021	0.001293
 - 	476	0.012782	-0.003442	0.000737
 - 	477	0.014803	-0.001858	0.000174
 - 	478	0.017304	-0.000619	-0.000483
 - 	479	0.019891	0.000367	-0.001210
 - 	480	0.022839	0.001078	-0.001902
 - 	481	0.027677	0.001762	-0.002737
 - 	482	0.033021	0.002390	-0.003437
 - 	483	0.035277	0.002795	-0.003674
 - 	484	0.035166	0.003344	-0.003890
 - 	485	0.036027	0.003892	-0.004316
 - 	486	0.038155	0.004671	-0.004777
 - 	487	0.040070	0.006211	-0.005294
 - 	488	0.041484	0.007984	-0.005923
 - 	489	0.042302	0.009109	-0.006454
 - 	490	0.042409	0.009736	-0.006784
 - 	491	0.042107	0.010379	-0.006957
 - 	492	0.041787	0.011140	-0.007098
 - 	493	0.041325	0.011680	-0.007198
 - 	494	0.040525	0.012072	-0.007235
 - 	495	0.039850	0.012375	-0.007204
 - 	496	0.039252	0.012613	-0.007148
 - 	497	0.038679	0.012968	-0.007109
 - 	498	0.038110	0.013181	-0.007059
 - 	499	0.037494	0.013269	-0.006971
 - 	500	0.036824	0.013395	-0.006897
 - 	501	0.036247	0.013566	-0.006869
 - 	502	0.035861	0.013663	-0.006792
 - 	503	0.035564	0.013808	-0.006759
 - 	504	0.035222	0.014017	-0.006763
 - 	505	0.034938	0.014139	-0.006749
 - 	506	0.034642	0.014517	-0.006761
 - 	507	0.034184	0.014859	-0.006696
 - 	508	0.033773	0.014874	-0.006616
 - 	509	0.033209	0.014719	-0.006546
 - 	510	0.032742	0.014633	-0.006463
 - 	511	0.032505	0.014686	-0.006363
 - 	512	0.031990	0.014692	-0.006227
 - 	513	0.031456	0.014651	-0.006123
 - 	514	0.031025	0.014558	-0.006013
 - 	515	0.030529	0.014500	-0.005875
 - 	516	0.029969	0.014467	-0.005709
 - 	517	0.029265	0.014380	-0.005555
 - 	518	0.028633	0.014267	-0.005448
 - 	519	0.028134	0.014088	-0.005284
 - 	520	0.027398	0.013982	-0.005098
 - 	521	0.026487	0.013924	-0.004914
 - 	522	0.025669	0.013901	-0.004744
 - 	523	0.025045	0.013895	-0.004587
 - 	524	0.024467	0.013856	-0.004389
 - 	525	0.023810	0.013737	-0.004196
 - 	526	0.023245	0.013682	-0.004017
 - 	527	0.022770	0.013688	-0.003821
 - 	528	0.022124	0.013610	-0.003607
 - 	529	0.021512	0.013548	-0.003418
 - 	530	0.021169	0.013469	-0.003231
 - 	531	0.020884	0.013433	-0.003048
 - 	532	0.020430	0.013403	-0.002854
 - 	533	0.019919	0.013299	-0.002676
 - 	534	0.019449	0.013337	-0.002571
 - 	535	0.019040	0.013364	-0.002462
 - 	536	0.018629	0.013331	-0.002328
 - 	537	0.018416	0.013416	-0.002202
 - 	538	0.018035	0.013566	-0.002060
 - 	539	0.017447	0.013740	-0.001919
 - 	540	0.016905	0.013928	-0.001828
 - 	541	0.016478	0.013985	-0.001825
 - 	542	0.016237	0.013932	-0.001788
 - 	543	0.015833	0.013845	-0.001633
 - 	544	0.015363	0.013733	-0.001447
 - 	545	0.015152	0.013763	-0.001326
 - 	546	0.015044	0.013823	-0.001242
 - 	547	0.014815	0.013904	-0.001162
 - 	548	0.014459	0.013976	-0.001013
 - 	549	0.014085	0.013944	-0.000892
 - 	550	0.013857	0.013879	-0.000821
 - 	551	0.013643	0.014157	-0.000746
 - 	552	0.013344	0.014459	-0.000639
 - 	553	0.013061	0.014363	-0.000502
 - 	554	0.012707	0.014404	-0.000387
 - 	555	0.012377	0.014702	-0.000294
 - 	556	0.011964	0.014949	-0.000198
 - 	557	0.011530	0.015216	-0.000114
 - 	558	0.011192	0.015528	-0.000032
 - 	559	0.011020	0.015774	0.000042
 - 	560	0.010920	0.016145	0.000115
 - 	561	0.010710	0.016649	0.000173
 - 	562	0.010484	0.016969	0.000241
 - 	563	0.010110	0.017113	0.000361
 - 	564	0.009788	0.017366	0.000468
 - 	565	0.009609	0.017629	0.000569
 - 	566	0.009381	0.017822	0.000697
 - 	567	0.009170	0.018030	0.000820
 - 	568	0.009146	0.018285	0.000913
 - 	569	0.009053	0.018365	0.000981
 - 	570	0.008711	0.018471	0.001080
 - 	571	0.008484	0.018754	0.001213
 - 	572	0.008559	0.019042	0.001346
 - 	573	0.008709	0.019350	0.001441
 - 	574	0.008801	0.019588	0.001538
 - 	575	0.008678	0.019610	0.001650
 - 	576	0.008515	0.019697	0.001744
 - 	577	0.008561	0.020048	0.001856
 - 	578	0.008777	0.020300	0.002001
 - 	579	0.008971	0.020417	0.002136
 - 	580	0.009250	0.020671	0.002236
 - 	581	0.009463	0.021045	0.002320
 - 	582	0.009761	0.021217	0.002394
 - 	583	0.010020	0.021300	0.002447
 - 	584	0.010151	0.021531	0.002499
 - 	585	0.010401	0.021884	0.002522
 - 	586	0.010561	0.022183	0.002566
 - 	587	0.010528	0.022282	0.002670
 - 	588	0.010528	0.022343	0.002741
 - 	589	0.010797	0.022423	0.002835
 - 	590	0.011159	0.022518	0.002950
 - 	591	0.011499	0.022640	0.003045
 - 	592	0.011530	0.022797	0.003133
 - 	593	0.011410	0.022894	0.003199
 - 	594	0.011710	0.022942	0.003271
 - 	595	0.012307	0.022903	0.003323
 - 	596	0.012752	0.022732	0.003341
 - 	597	0.013076	0.022779	0.003323
 - 	598	0.013369	0.022758	0.003319
 - 	599	0.013720	0.022339	0.003363
 - 	600	0.014045	0.021778	0.003374
 - 	601	0.014327	0.021332	0.003335
 - 	602	0.014657	0.020898	0.003333
 - 	603	0.014821	0.020392	0.003262
 - 	604	0.014988	0.019777	0.003145
 - 	605	0.015165	0.019126	0.003028
 - 	606	0.015183	0.018448	0.002863
 - 	607	0.015084	0.017664	0.002635
 - 	608	0.017027	0.016743	0.002336
 - 	609	-0.004488	0.017567	0.002312
 - 	610	0.033589	0.012719	0.002351
 - 	611	0.012173	0.013659	0.002225
 - 	612	0.013784	0.012245	0.002083
 - 	613	0.013332	0.010850	0.001955
 - 	614	0.012976	0.009188	0.001831
 - 	615	0.012237	0.007554	0.001656
 - 	616	0.010938	0.006406	0.001451
 - 	617	0.009344	0.005511	0.001245
 - 	618	0.008199	0.004710	0.001069
 - 	619	0.007271	0.003882	0.000924
 - 	620	0.006538	0.002924	0.000852
 - 	621	0.006070	0.002016	0.000844
 - 	622	0.005439	0.001237	0.000862
 - 	623	0.004449	0.000610	0.000864
 - 	624	0.003875	-0.000049	0.000890
 - 	625	0.003866	-0.000671	0.001007
 - 	626	0.003282	-0.001053	0.001099
 - 	627	0.002116	-0.001426	0.001224
 - 	628	0.000810	-0.001395	0.001175
 - 	629	-0.004935	-0.000611	0.001028
 - 	630	-0.004532	-0.000771	0.001166
 - 	631	-0.004052	-0.000931	0.001286
 - 	632	-0.003536	-0.001078	0.001383
 - 	633	-0.003007	-0.001198	0.001444
 - 	634	-0.002507	-0.001277	0.001464
 - 	635	-0.002051	-0.001303	0.001433
 - 	636	-0.001649	-0.001284	0.001358
 - 	637	-0.001287	-0.001237	0.001260
 - 	638	-0.000953	-0.001180	0.001161
 - 	639	-0.000671	-0.001110	0.001073
 - 	640	-0.000469	-0.001013	0.000980
 - 	641	-0.000347	-0.000896	0.000892
 - 	642	-0.000283	-0.000770	0.000812
 - 	643	-0.000273	-0.000643	0.000747
 - 	644	-0.000308	-0.000515	0.000686
 - 	645	-0.000392	-0.000378	0.000616
 - 	646	-0.000510	-0.000242	0.000543
 - 	647	-0.000648	-0.000120	0.000486
 - 	648	-0.000803	-0.000012	0.000444
 - 	649	-0.000989	0.000083	0.000410
 - 	650	-0.001188	0.000170	0.000380
 - 	651	-0.001388	0.000249	0.000347
 - 	652	-0.001598	0.000323	0.000311
 - 	653	-0.001826	0.000391	0.000266
 - 	654	-0.002069	0.000453	0.000207
 - 	655	-0.002340	0.000506	0.000142
 - 	656	-0.002622	0.000553	0.000066
 - 	657	-0.002924	0.000595	-0.000016
 - 	658	-0.003221	0.000630	-0.000099
 - 	659	-0.003501	0.000659	-0.000186
 - 	660	-0.003755	0.000675	-0.000263
 - 	661	-0.003962	0.000681	-0.000338
 - 	662	-0.004131	0.000674	-0.000402
 - 	663	-0.004245	0.000653	-0.000447
 - 	664	-0.004322	0.000627	-0.000479
 - 	665	-0.004376	0.000595	-0.000489
 - 	666	-0.004407	0.000568	-0.000498
 - 	667	-0.004439	0.000544	-0.000500
 - 	668	-0.004465	0.000523	-0.000497
 - 	669	-0.004513	0.000501	-0.000472
 - 	670	-0.004607	0.000489	-0.000434
 - 	671	-0.004773	0.000486	-0.000374
 - 	672	-0.005015	0.000497	-0.000303
 - 	673	-0.005321	0.000519	-0.000225
 - 	674	-0.005631	0.000551	-0.000160
 - 	675	-0.005857	0.000570	-0.000101
 - 	676	-0.005962	0.000576	-0.000060
 - 	677	-0.005950	0.000571	-0.000034
 - 	678	-0.005863	0.000572	-0.000032
 - 	679	-0.005743	0.000582	-0.000049
 - 	680	-0.005655	0.000593	-0.000064
 - 	681	-0.005593	0.000591	-0.000060
 - 	682	-0.005560	0.000581	-0.000039
 - 	683	-0.005543	0.000574	-0.000017
 - 	684	-0.005552	0.000575	0.000002
 - 	685	-0.005618	0.000585	0.000019
 - 	686	-0.005770	0.000597	0.000046
 - 	687	-0.006031	0.000618	0.000078
 - 	688	-0.006427	0.000655	0.000118
 - 	689	-0.007005	0.000711	0.000167
 - 	690	-0.007784	0.000784	0.000230
 - 	691	-0.008802	0.000890	0.000294
 - 	692	-0.010072	0.001043	0.000349
 - 	693	-0.011598	0.001246	0.000391
 - 	694	-0.013354	0.001505	0.000410
 - 	695	-0.015279	0.001809	0.000407
 - 	696	-0.017261	0.002163	0.000370
 - 	697	-0.019151	0.002564	0.000293
 - 	698	-0.020701	0.002980	0.000183
 - 	699	-0.021664	0.003371	0.000054
 - 	700	-0.021803	0.003684	-0.000078
 - 	701	-0.021003	0.003890	-0.000212
 - 	702	-0.019346	0.003974	-0.000347
 - 	703	-0.017075	0.003939	-0.000476
 - 	704	-0.014501	0.003795	-0.000588
 - 	705	-0.011882	0.003549	-0.000671
 - 	706	-0.009399	0.003215	-0.000717
 - 	707	-0.007187	0.002817	-0.000724
 - 	708	-0.005326	0.002385	-0.000695
 - 	709	-0.003858	0.001944	-0.000629
 - 	710	-0.002777	0.001512	-0.000532
 - 	711	-0.002048	0.001098	-0.000408
 - 	712	-0.001578	0.000699	-0.000264
 - 	713	-0.001284	0.000331	-0.000114
 - 	714	-0.001100	0.000001	0.000034
 - 	715	-0.001008	-0.000270	0.000165
 - 	716	-0.000981	-0.000471	0.000270
 - 	717	-0.001003	-0.000599	0.000348
 - 	718	-0.001067	-0.000659	0.000396
 - 	719	-0.001149	-0.000667	0.000419
 - 	720	-0.001255	-0.000641	0.000425
 - 	721	-0.001361	-0.000602	0.000422
 - 	722	-0.001461	-0.000560	0.000413
 - 	723	-0.001537	-0.000513	0.000396
 - 	724	-0.001588	-0.000461	0.000371
 - 	725	-0.001630	-0.000393	0.000335
 - 	726	-0.001660	-0.000318	0.000292
 - 	727	-0.001687	-0.000245	0.000250
 - 	728	-0.001699	-0.000185	0.000212
 - 	729	-0.001709	-0.000131	0.000177
 - 	730	-0.001711	-0.000075	0.000142
 - 	731	-0.001712	-0.000014	0.000107
 - 	732	-0.001712	0.000049	0.000075
 - 	733	-0.001722	0.000110	0.000047
 - 	734	-0.001737	0.000159	0.000028
 - 	735	-0.001770	0.000187	0.000023
 - 	736	-0.001807	0.000197	0.000027
 - 	737	-0.001859	0.000190	0.000040
 - 	738	-0.001919	0.000165	0.000061
 - 	739	-0.001983	0.000123	0.000086
 - 	740	-0.002032	0.000069	0.000112
 - 	741	-0.002045	0.000007	0.000138
 - 	742	-0.002038	-0.000054	0.000161
 - 	743	-0.002018	-0.000107	0.000180
 - 	744	-0.002000	-0.000148	0.000193
 - 	745	-0.001993	-0.000178	0.000203
 - 	746	-0.001977	-0.000196	0.000206
 - 	747	-0.001959	-0.000205	0.000205
 - 	748	-0.001926	-0.000205	0.000201
 - 	749	-0.001887	-0.000200	0.000197
 - 	750	-0.001841	-0.000191	0.000192
 - 	751	-0.001789	-0.000176	0.000186
 - 	752	-0.001742	-0.000149	0.000177
 - 	753	-0.001711	-0.000121	0.000167
 - 	754	-0.001695	-0.000082	0.000154
 - 	755	-0.001681	-0.000042	0.000140
 - 	756	-0.001656	-0.000004	0.000125
 - 	757	-0.001617	0.000036	0.000108
 - 	758	-0.001581	0.000084	0.000087
 - 	759	-0.001534	0.000132	0.000064
 - 	760	-0.001487	0.000176	0.000044
 - 	761	-0.001419	0.000215	0.000025
 - 	762	-0.001349	0.000242	0.000011
 - 	763	-0.001267	0.000265	-0.000002
 - 	764	-0.001184	0.000267	-0.000007
 - 	765	-0.001095	0.000249	-0.000006
 - 	766	-0.001025	0.000210	0.000003
 - 	767	-0.000973	0.000159	0.000016
 - 	768	-0.000942	0.000088	0.000036
 - 	769	-0.000914	0.000002	0.000060
 - 	770	-0.000889	-0.000085	0.000083
 - 	771	-0.000867	-0.000170	0.000104
 - 	772	-0.000857	-0.000234	0.000120
 - 	773	-0.000848	-0.000281	0.000131
 - 	774	-0.000849	-0.000318	0.000141
 - 	775	-0.000854	-0.000342	0.000146
 - 	776	-0.000880	-0.000348	0.000149
 - 	777	-0.000924	-0.000338	0.000146
 - 	778	-0.000994	-0.000309	0.000139
 - 	779	-0.001078	-0.000265	0.000127
 - 	780	-0.001161	-0.000210	0.000113
 - 	781	-0.001226	-0.000164	0.000103
 - 	782	-0.001256	-0.000129	0.000098
 - 	783	-0.001260	-0.000120	0.000100
 - 	784	-0.001251	-0.000130	0.000107
 - 	785	-0.001233	-0.000148	0.000116
 - 	786	-0.001218	-0.000161	0.000124
 - 	787	-0.001205	-0.000162	0.000129
 - 	788	-0.001192	-0.000156	0.000130
 - 	789	-0.001190	-0.000140	0.000129
 - 	790	-0.001204	-0.000124	0.000129
 - 	791	-0.001231	-0.000116	0.000129
 - 	792	-0.001264	-0.000114	0.000132
 - 	793	-0.001302	-0.000122	0.000136
 - 	794	-0.001342	-0.000133	0.000140
 - 	795	-0.001380	-0.000149	0.000144
 - 	796	-0.001409	-0.000168	0.000147
 - 	797	-0.001428	-0.000183	0.000148
 - 	798	-0.001436	-0.000192	0.000147
 - 	799	-0.001430	-0.000208	0.000148
 - 	800	-0.001398	-0.000220	0.000146
 - 	801	-0.001345	-0.000229	0.000144
 - 	802	-0.001295	-0.000240	0.000143
 - 	803	-0.001262	-0.000250	0.000143
 - 	804	-0.001248	-0.000260	0.000145
 - 	805	-0.001245	-0.000267	0.000146
 - 	806	-0.001253	-0.000279	0.000149
 - 	807	-0.001266	-0.000283	0.000149
 - 	808	-0.001285	-0.000287	0.000149
 - 	809	-0.001300	-0.000291	0.000148
 - 	810	-0.001308	-0.000294	0.000148
 - 	811	-0.001310	-0.000297	0.000147
 - 	812	-0.001299	-0.000297	0.000147
 - 	813	-0.001283	-0.000293	0.000146
 - 	814	-0.001256	-0.000279	0.000144
 - 	815	-0.001228	-0.000257	0.000140
 - 	816	-0.001184	-0.000217	0.000131
 - 	817	-0.001140	-0.000179	0.000120
 - 	818	-0.001101	-0.000134	0.000108
 - 	819	-0.001073	-0.000097	0.000096
 - 	820	-0.001050	-0.000059	0.000084
 - 	821	-0.001035	-0.000029	0.000073
 - 	822	-0.001026	0.000002	0.000063
 - 	823	-0.001021	0.000015	0.000057
 - 	824	-0.001036	0.000014	0.000057
 - 	825	-0.001078	-0.000020	0.000067
 - 	826			
 - 	827			
