RKNE_MOMENT
File	Frame	X 	Y 	Z 
Trial_8.filtered_40.c3d	1			
 - 	2			
 - 	3	0.000898	0.000640	0.000084
 - 	4	0.000904	0.000647	0.000083
 - 	5	0.000918	0.000652	0.000086
 - 	6	0.000918	0.000648	0.000088
 - 	7	0.000919	0.000638	0.000089
 - 	8	0.000915	0.000631	0.000090
 - 	9	0.000913	0.000632	0.000091
 - 	10	0.000907	0.000640	0.000090
 - 	11	0.000886	0.000645	0.000088
 - 	12	0.000881	0.000649	0.000087
 - 	13	0.000876	0.000650	0.000086
 - 	14	0.000870	0.000648	0.000085
 - 	15	0.000869	0.000643	0.000085
 - 	16	0.000892	0.000639	0.000086
 - 	17	0.000898	0.000632	0.000086
 - 	18	0.000913	0.000628	0.000086
 - 	19	0.000914	0.000624	0.000087
 - 	20	0.000924	0.000623	0.000085
 - 	21	0.000919	0.000622	0.000082
 - 	22	0.000908	0.000618	0.000083
 - 	23	0.000908	0.000610	0.000083
 - 	24	0.000903	0.000603	0.000082
 - 	25	0.000899	0.000597	0.000081
 - 	26	0.000902	0.000595	0.000084
 - 	27	0.000907	0.000600	0.000086
 - 	28	0.000917	0.000603	0.000087
 - 	29	0.000902	0.000608	0.000089
 - 	30	0.000929	0.000605	0.000087
 - 	31	0.000939	0.000607	0.000083
 - 	32	0.000913	0.000631	0.000088
 - 	33	0.000920	0.000638	0.000085
 - 	34	0.000932	0.000645	0.000083
 - 	35	0.000918	0.000660	0.000087
 - 	36	0.000914	0.000666	0.000087
 - 	37	0.000919	0.000672	0.000088
 - 	38	0.000911	0.000673	0.000088
 - 	39	0.000908	0.000674	0.000088
 - 	40	0.000906	0.000668	0.000088
 - 	41	0.000897	0.000661	0.000087
 - 	42	0.000894	0.000657	0.000086
 - 	43	0.000888	0.000655	0.000084
 - 	44	0.000871	0.000672	0.000090
 - 	45	0.000869	0.000671	0.000090
 - 	46	0.000904	0.000634	0.000079
 - 	47	0.000891	0.000643	0.000083
 - 	48	0.000884	0.000652	0.000089
 - 	49	0.000920	0.000610	0.000084
 - 	50	0.000929	0.000604	0.000085
 - 	51	0.000920	0.000622	0.000088
 - 	52	0.000915	0.000622	0.000087
 - 	53	0.000926	0.000625	0.000088
 - 	54	0.000918	0.000627	0.000087
 - 	55	0.000903	0.000630	0.000086
 - 	56	0.000893	0.000634	0.000086
 - 	57	0.000886	0.000639	0.000086
 - 	58	0.000871	0.000647	0.000085
 - 	59	0.000887	0.000657	0.000087
 - 	60	0.000884	0.000660	0.000086
 - 	61	0.000909	0.000665	0.000087
 - 	62	0.000901	0.000660	0.000086
 - 	63	0.000918	0.000657	0.000086
 - 	64	0.000913	0.000649	0.000085
 - 	65	0.000907	0.000644	0.000084
 - 	66	0.000906	0.000643	0.000083
 - 	67	0.000891	0.000640	0.000082
 - 	68	0.000886	0.000637	0.000080
 - 	69	0.000883	0.000632	0.000080
 - 	70	0.000885	0.000623	0.000079
 - 	71	0.000904	0.000612	0.000080
 - 	72	0.000921	0.000599	0.000081
 - 	73	0.000930	0.000593	0.000083
 - 	74	0.000929	0.000595	0.000085
 - 	75	0.000922	0.000603	0.000087
 - 	76	0.000911	0.000609	0.000086
 - 	77	0.000937	0.000618	0.000084
 - 	78	0.000954	0.000621	0.000082
 - 	79	0.000970	0.000622	0.000079
 - 	80	0.000983	0.000621	0.000078
 - 	81	0.001020	0.000622	0.000078
 - 	82	0.001040	0.000621	0.000077
 - 	83	0.001085	0.000624	0.000078
 - 	84	0.001097	0.000625	0.000079
 - 	85	0.001087	0.000626	0.000080
 - 	86	0.001066	0.000625	0.000083
 - 	87	0.001015	0.000627	0.000083
 - 	88	0.000962	0.000632	0.000084
 - 	89	0.000905	0.000633	0.000086
 - 	90	0.000934	0.000665	0.000091
 - 	91	0.000845	0.000631	0.000087
 - 	92	0.000795	0.000639	0.000087
 - 	93	0.000837	0.000627	0.000086
 - 	94	0.000792	0.000583	0.000080
 - 	95	0.000864	0.000632	0.000085
 - 	96	0.000864	0.000631	0.000083
 - 	97	0.000878	0.000631	0.000082
 - 	98	0.000909	0.000629	0.000081
 - 	99	0.000908	0.000622	0.000079
 - 	100	0.000929	0.000613	0.000078
 - 	101	0.000927	0.000601	0.000076
 - 	102	0.000925	0.000587	0.000076
 - 	103	0.000946	0.000578	0.000078
 - 	104	0.000943	0.000563	0.000078
 - 	105	0.000963	0.000559	0.000080
 - 	106	0.000966	0.000562	0.000081
 - 	107	0.000965	0.000571	0.000082
 - 	108	0.000957	0.000584	0.000082
 - 	109	0.000949	0.000600	0.000083
 - 	110	0.000947	0.000616	0.000085
 - 	111	0.000942	0.000630	0.000086
 - 	112	0.000934	0.000634	0.000086
 - 	113	0.000936	0.000634	0.000086
 - 	114	0.000922	0.000624	0.000084
 - 	115	0.000932	0.000616	0.000083
 - 	116	0.000943	0.000610	0.000083
 - 	117	0.000935	0.000604	0.000081
 - 	118	0.000945	0.000603	0.000081
 - 	119	0.000949	0.000600	0.000080
 - 	120	0.000935	0.000593	0.000079
 - 	121	0.000930	0.000589	0.000079
 - 	122	0.000937	0.000587	0.000080
 - 	123	0.000903	0.000655	0.000093
 - 	124	0.000946	0.000588	0.000079
 - 	125	0.000993	0.000523	0.000066
 - 	126	0.000969	0.000594	0.000081
 - 	127	0.000972	0.000600	0.000081
 - 	128	0.000976	0.000601	0.000080
 - 	129	0.000977	0.000596	0.000080
 - 	130	0.000968	0.000579	0.000078
 - 	131	0.000978	0.000567	0.000076
 - 	132	0.000978	0.000553	0.000074
 - 	133	0.000980	0.000551	0.000074
 - 	134	0.000974	0.000556	0.000074
 - 	135	0.000972	0.000565	0.000075
 - 	136	0.000975	0.000574	0.000077
 - 	137	0.000964	0.000575	0.000077
 - 	138	0.000952	0.000572	0.000076
 - 	139	0.000954	0.000567	0.000076
 - 	140	0.000928	0.000560	0.000076
 - 	141	0.000914	0.000555	0.000074
 - 	142	0.000911	0.000556	0.000074
 - 	143	0.000909	0.000560	0.000075
 - 	144	0.000907	0.000563	0.000075
 - 	145	0.000919	0.000566	0.000076
 - 	146	0.000924	0.000567	0.000077
 - 	147	0.000950	0.000567	0.000079
 - 	148	0.000959	0.000564	0.000080
 - 	149	0.000973	0.000558	0.000081
 - 	150	0.000980	0.000550	0.000080
 - 	151	0.000977	0.000538	0.000079
 - 	152	0.000976	0.000524	0.000076
 - 	153	0.000994	0.000511	0.000075
 - 	154	0.001000	0.000498	0.000073
 - 	155	0.001001	0.000490	0.000072
 - 	156	0.001002	0.000483	0.000070
 - 	157	0.001001	0.000481	0.000070
 - 	158	0.000977	0.000477	0.000068
 - 	159	0.000981	0.000483	0.000068
 - 	160	0.000965	0.000491	0.000067
 - 	161	0.000974	0.000506	0.000067
 - 	162	0.000977	0.000515	0.000069
 - 	163	0.000970	0.000524	0.000071
 - 	164	0.000984	0.000539	0.000071
 - 	165	0.000977	0.000551	0.000073
 - 	166	0.000977	0.000559	0.000075
 - 	167	0.000980	0.000562	0.000076
 - 	168	0.000976	0.000554	0.000078
 - 	169	0.000980	0.000542	0.000078
 - 	170	0.000969	0.000531	0.000077
 - 	171	0.000970	0.000524	0.000079
 - 	172	0.000915	0.000531	0.000079
 - 	173	0.000972	0.000515	0.000077
 - 	174	0.001022	0.000501	0.000074
 - 	175	0.000989	0.000520	0.000074
 - 	176	0.000986	0.000526	0.000072
 - 	177	0.001005	0.000532	0.000071
 - 	178	0.001026	0.000536	0.000071
 - 	179	0.001031	0.000531	0.000070
 - 	180	0.001040	0.000532	0.000070
 - 	181	0.001031	0.000531	0.000072
 - 	182	0.001023	0.000529	0.000072
 - 	183	0.001014	0.000531	0.000072
 - 	184	0.001005	0.000531	0.000072
 - 	185	0.000988	0.000533	0.000073
 - 	186	0.000973	0.000536	0.000074
 - 	187	0.000951	0.000538	0.000076
 - 	188	0.000934	0.000540	0.000077
 - 	189	0.000921	0.000540	0.000077
 - 	190	0.000898	0.000548	0.000077
 - 	191	0.000887	0.000556	0.000078
 - 	192	0.000870	0.000567	0.000078
 - 	193	0.000860	0.000578	0.000078
 - 	194	0.000868	0.000582	0.000078
 - 	195	0.000909	0.000576	0.000076
 - 	196	0.000951	0.000555	0.000073
 - 	197	0.001043	0.000526	0.000070
 - 	198	0.001134	0.000492	0.000066
 - 	199	0.001230	0.000465	0.000063
 - 	200	0.001287	0.000448	0.000062
 - 	201	0.001308	0.000440	0.000062
 - 	202	0.001305	0.000446	0.000063
 - 	203	0.001278	0.000455	0.000064
 - 	204	0.001218	0.000470	0.000066
 - 	205	0.001145	0.000489	0.000067
 - 	206	0.001067	0.000515	0.000069
 - 	207	0.000988	0.000541	0.000071
 - 	208	0.000930	0.000566	0.000073
 - 	209	0.000888	0.000586	0.000075
 - 	210	0.000875	0.000601	0.000077
 - 	211	0.000877	0.000615	0.000080
 - 	212	0.000884	0.000626	0.000083
 - 	213	0.000892	0.000635	0.000086
 - 	214	0.000903	0.000638	0.000087
 - 	215	0.000920	0.000636	0.000087
 - 	216	0.000929	0.000629	0.000087
 - 	217	0.000951	0.000624	0.000087
 - 	218	0.000958	0.000614	0.000086
 - 	219	0.000975	0.000604	0.000085
 - 	220	0.000988	0.000589	0.000084
 - 	221	0.000997	0.000568	0.000082
 - 	222	0.001011	0.000547	0.000081
 - 	223	0.001008	0.000529	0.000079
 - 	224	0.001009	0.000519	0.000079
 - 	225	0.000995	0.000517	0.000078
 - 	226	0.000983	0.000525	0.000078
 - 	227	0.000972	0.000536	0.000078
 - 	228	0.000950	0.000548	0.000078
 - 	229	0.000949	0.000567	0.000080
 - 	230	0.000943	0.000593	0.000082
 - 	231	0.000933	0.000624	0.000084
 - 	232	0.000925	0.000650	0.000086
 - 	233	0.000924	0.000665	0.000087
 - 	234	0.000911	0.000666	0.000086
 - 	235	0.000916	0.000656	0.000086
 - 	236	0.000926	0.000634	0.000084
 - 	237	0.000942	0.000606	0.000083
 - 	238	0.000956	0.000575	0.000082
 - 	239	0.000987	0.000549	0.000081
 - 	240	0.000991	0.000531	0.000080
 - 	241	0.000996	0.000521	0.000079
 - 	242	0.000996	0.000522	0.000079
 - 	243	0.000978	0.000527	0.000077
 - 	244	0.000987	0.000542	0.000077
 - 	245	0.000974	0.000561	0.000077
 - 	246	0.000971	0.000587	0.000079
 - 	247	0.000971	0.000607	0.000080
 - 	248	0.000995	0.000621	0.000083
 - 	249	0.000984	0.000621	0.000084
 - 	250	0.001009	0.000622	0.000085
 - 	251	0.001012	0.000622	0.000086
 - 	252	0.000997	0.000628	0.000086
 - 	253	0.000986	0.000639	0.000085
 - 	254	0.000966	0.000649	0.000085
 - 	255	0.000964	0.000659	0.000085
 - 	256	0.000953	0.000664	0.000085
 - 	257	0.000942	0.000663	0.000085
 - 	258	0.000944	0.000662	0.000087
 - 	259	0.000934	0.000654	0.000088
 - 	260	0.000935	0.000642	0.000089
 - 	261	0.000924	0.000622	0.000089
 - 	262	0.000920	0.000600	0.000088
 - 	263	0.000913	0.000582	0.000086
 - 	264	0.000907	0.000564	0.000084
 - 	265	0.000911	0.000550	0.000082
 - 	266	0.000912	0.000541	0.000079
 - 	267	0.000907	0.000536	0.000076
 - 	268	0.000895	0.000537	0.000074
 - 	269	0.000883	0.000543	0.000072
 - 	270	0.000883	0.000548	0.000073
 - 	271	0.000882	0.000562	0.000075
 - 	272	0.000876	0.000578	0.000077
 - 	273	0.000881	0.000598	0.000080
 - 	274	0.000875	0.000614	0.000083
 - 	275	0.000880	0.000620	0.000085
 - 	276	0.000882	0.000624	0.000087
 - 	277	0.000894	0.000623	0.000089
 - 	278	0.000910	0.000620	0.000090
 - 	279	0.000916	0.000619	0.000090
 - 	280	0.000928	0.000615	0.000090
 - 	281	0.000961	0.000609	0.000090
 - 	282	0.000967	0.000594	0.000090
 - 	283	0.000984	0.000577	0.000089
 - 	284	0.000996	0.000564	0.000089
 - 	285	0.001000	0.000550	0.000087
 - 	286	0.001004	0.000541	0.000086
 - 	287	0.001002	0.000534	0.000085
 - 	288	0.001007	0.000534	0.000085
 - 	289	0.001011	0.000540	0.000086
 - 	290	0.001010	0.000551	0.000086
 - 	291	0.000996	0.000570	0.000087
 - 	292	0.000998	0.000590	0.000090
 - 	293	0.000985	0.000613	0.000093
 - 	294	0.000973	0.000637	0.000097
 - 	295	0.000951	0.000661	0.000102
 - 	296	0.000932	0.000681	0.000107
 - 	297	0.000903	0.000696	0.000111
 - 	298	0.000885	0.000705	0.000114
 - 	299	0.000866	0.000710	0.000116
 - 	300	0.000853	0.000716	0.000117
 - 	301	0.000836	0.000719	0.000116
 - 	302	0.000818	0.000720	0.000115
 - 	303	0.000806	0.000717	0.000113
 - 	304	0.000788	0.000704	0.000111
 - 	305	0.000790	0.000685	0.000108
 - 	306	0.000774	0.000658	0.000103
 - 	307	0.000779	0.000633	0.000099
 - 	308	0.000786	0.000615	0.000098
 - 	309	0.000788	0.000603	0.000097
 - 	310	0.000810	0.000593	0.000098
 - 	311	0.000829	0.000590	0.000100
 - 	312	0.000866	0.000593	0.000104
 - 	313	0.000882	0.000600	0.000108
 - 	314	0.000865	0.000618	0.000111
 - 	315	0.000818	0.000645	0.000116
 - 	316	0.000774	0.000679	0.000121
 - 	317	0.000723	0.000713	0.000125
 - 	318	0.000711	0.000748	0.000130
 - 	319	0.000702	0.000777	0.000134
 - 	320	0.000706	0.000791	0.000136
 - 	321	0.000731	0.000791	0.000135
 - 	322	0.000728	0.000774	0.000132
 - 	323	0.000729	0.000744	0.000127
 - 	324	0.000699	0.000699	0.000118
 - 	325	0.000682	0.000647	0.000108
 - 	326	0.000676	0.000593	0.000098
 - 	327	0.000693	0.000542	0.000090
 - 	328	0.000705	0.000500	0.000083
 - 	329	0.000727	0.000472	0.000079
 - 	330	0.000717	0.000457	0.000078
 - 	331	0.000690	0.000451	0.000079
 - 	332	0.000646	0.000442	0.000079
 - 	333	0.000627	0.000430	0.000078
 - 	334	0.000629	0.000418	0.000077
 - 	335	0.000636	0.000401	0.000075
 - 	336	0.000645	0.000383	0.000072
 - 	337	0.000621	0.000367	0.000069
 - 	338	0.000574	0.000363	0.000068
 - 	339	0.000502	0.000363	0.000068
 - 	340	0.000445	0.000367	0.000068
 - 	341	0.000384	0.000373	0.000068
 - 	342	0.000363	0.000385	0.000070
 - 	343	0.000361	0.000406	0.000074
 - 	344	0.000369	0.000436	0.000079
 - 	345	0.000409	0.000478	0.000086
 - 	346	0.000430	0.000524	0.000091
 - 	347	0.000466	0.000581	0.000096
 - 	348	0.000495	0.000648	0.000103
 - 	349	0.000537	0.000724	0.000111
 - 	350	0.000580	0.000808	0.000120
 - 	351	0.000632	0.000898	0.000131
 - 	352	0.000679	0.000989	0.000143
 - 	353	0.000732	0.001078	0.000157
 - 	354	0.000768	0.001164	0.000173
 - 	355	0.000797	0.001252	0.000191
 - 	356	0.000800	0.001339	0.000211
 - 	357	0.000775	0.001419	0.000231
 - 	358	0.000761	0.001487	0.000249
 - 	359	0.000730	0.001534	0.000263
 - 	360	0.000712	0.001553	0.000274
 - 	361	0.000695	0.001536	0.000277
 - 	362	0.000695	0.001480	0.000273
 - 	363	0.000704	0.001388	0.000261
 - 	364	0.000727	0.001263	0.000242
 - 	365	0.000755	0.001100	0.000214
 - 	366	0.000802	0.000899	0.000179
 - 	367	0.000844	0.000665	0.000138
 - 	368	0.000879	0.000407	0.000093
 - 	369	0.000897	0.000134	0.000047
 - 	370	0.000894	-0.000155	-0.000001
 - 	371	0.000888	-0.000451	-0.000048
 - 	372	0.000882	-0.000731	-0.000092
 - 	373	0.000863	-0.000971	-0.000127
 - 	374	0.000845	-0.001160	-0.000153
 - 	375	0.000785	-0.001300	-0.000170
 - 	376	0.000734	-0.001376	-0.000176
 - 	377	0.000646	-0.001384	-0.000174
 - 	378	0.000564	-0.001329	-0.000164
 - 	379	0.000468	-0.001218	-0.000148
 - 	380	0.000388	-0.001064	-0.000126
 - 	381	0.000291	-0.000870	-0.000099
 - 	382	0.000180	-0.000654	-0.000072
 - 	383	0.000101	-0.000422	-0.000045
 - 	384	0.000042	-0.000187	-0.000019
 - 	385	-0.000018	0.000038	0.000007
 - 	386	-0.000055	0.000255	0.000032
 - 	387	-0.000091	0.000455	0.000054
 - 	388	-0.000110	0.000635	0.000074
 - 	389	-0.000113	0.000794	0.000092
 - 	390	-0.000093	0.000934	0.000106
 - 	391	-0.000084	0.001059	0.000117
 - 	392	-0.000078	0.001163	0.000124
 - 	393	-0.000094	0.001233	0.000126
 - 	394	-0.000111	0.001265	0.000126
 - 	395	-0.000138	0.001271	0.000124
 - 	396	-0.000182	0.001265	0.000124
 - 	397	-0.000228	0.001255	0.000124
 - 	398	-0.000267	0.001242	0.000124
 - 	399	-0.000297	0.001222	0.000123
 - 	400	-0.000314	0.001190	0.000120
 - 	401	-0.000332	0.001142	0.000114
 - 	402	-0.000351	0.001082	0.000107
 - 	403	-0.000370	0.001015	0.000099
 - 	404	-0.000412	0.000955	0.000090
 - 	405	-0.000449	0.000907	0.000082
 - 	406	-0.000497	0.000863	0.000076
 - 	407	-0.000531	0.000819	0.000070
 - 	408	-0.000561	0.000777	0.000066
 - 	409	-0.000594	0.000736	0.000061
 - 	410	-0.000626	0.000697	0.000058
 - 	411	-0.000640	0.000658	0.000056
 - 	412	-0.000651	0.000619	0.000055
 - 	413	-0.000628	0.000574	0.000054
 - 	414	-0.000587	0.000516	0.000052
 - 	415	-0.000493	0.000445	0.000050
 - 	416	-0.000407	0.000373	0.000044
 - 	417	-0.000293	0.000302	0.000035
 - 	418	-0.000186	0.000228	0.000023
 - 	419	-0.000083	0.000138	0.000010
 - 	420	0.000022	0.000034	-0.000005
 - 	421	0.000112	-0.000083	-0.000021
 - 	422	0.000215	-0.000203	-0.000038
 - 	423	0.000308	-0.000334	-0.000056
 - 	424	0.000397	-0.000474	-0.000074
 - 	425	0.000484	-0.000619	-0.000091
 - 	426	0.000548	-0.000754	-0.000107
 - 	427	0.000589	-0.000867	-0.000119
 - 	428	0.000608	-0.000957	-0.000127
 - 	429	0.000589	-0.001024	-0.000133
 - 	430	0.000574	-0.001066	-0.000135
 - 	431	0.000529	-0.001093	-0.000134
 - 	432	0.000470	-0.001108	-0.000132
 - 	433	0.000416	-0.001108	-0.000128
 - 	434	0.000345	-0.001088	-0.000122
 - 	435	0.000255	-0.001044	-0.000114
 - 	436	0.000168	-0.000971	-0.000104
 - 	437	0.000090	-0.000865	-0.000092
 - 	438	0.000005	-0.000737	-0.000079
 - 	439	-0.000072	-0.000608	-0.000068
 - 	440	-0.000113	-0.000496	-0.000059
 - 	441	-0.000153	-0.000409	-0.000052
 - 	442	-0.000155	-0.000338	-0.000048
 - 	443	-0.000135	-0.000272	-0.000045
 - 	444	-0.000108	-0.000202	-0.000041
 - 	445	-0.000076	-0.000123	-0.000036
 - 	446	-0.000037	-0.000018	-0.000027
 - 	447	-0.000009	0.000127	-0.000011
 - 	448	0.000020	0.000325	0.000012
 - 	449	0.000028	0.000556	0.000041
 - 	450	0.000051	0.000804	0.000072
 - 	451	0.000061	0.001054	0.000103
 - 	452	0.000073	0.001303	0.000135
 - 	453	0.000076	0.001542	0.000165
 - 	454	0.000037	0.001760	0.000193
 - 	455	-0.000021	0.001948	0.000216
 - 	456	-0.000096	0.002094	0.000234
 - 	457	-0.000179	0.002191	0.000246
 - 	458	-0.000251	0.002238	0.000251
 - 	459	-0.000327	0.002242	0.000251
 - 	460	-0.000390	0.002201	0.000245
 - 	461	-0.000446	0.002114	0.000234
 - 	462	-0.000463	0.001973	0.000219
 - 	463	-0.000463	0.001781	0.000199
 - 	464	-0.000423	0.001543	0.000174
 - 	465	-0.000369	0.001267	0.000145
 - 	466	-0.000301	0.000948	0.000110
 - 	467	-0.000238	0.000601	0.000069
 - 	468	-0.000160	0.000234	0.000026
 - 	469	-0.000097	-0.000123	-0.000017
 - 	470	-0.000020	-0.000452	-0.000057
 - 	471	0.000044	-0.000728	-0.000091
 - 	472	0.000097	-0.000934	-0.000116
 - 	473	0.000130	-0.001064	-0.000133
 - 	474	0.000161	-0.001126	-0.000142
 - 	475	0.000202	-0.001126	-0.000144
 - 	476	0.000237	-0.001070	-0.000140
 - 	477	0.000264	-0.000967	-0.000129
 - 	478	0.000311	-0.000819	-0.000112
 - 	479	0.000336	-0.000636	-0.000091
 - 	480	0.000365	-0.000427	-0.000067
 - 	481	0.000393	-0.000197	-0.000040
 - 	482	0.000408	0.000037	-0.000012
 - 	483	0.000422	0.000268	0.000017
 - 	484	0.000416	0.000474	0.000043
 - 	485	0.000431	0.000635	0.000065
 - 	486	0.000422	0.000735	0.000080
 - 	487	0.000435	0.000783	0.000090
 - 	488	0.000430	0.000782	0.000094
 - 	489	0.000431	0.000737	0.000093
 - 	490	0.000407	0.000645	0.000084
 - 	491	0.000391	0.000521	0.000072
 - 	492	0.000349	0.000375	0.000056
 - 	493	0.000304	0.000220	0.000039
 - 	494	0.000242	0.000056	0.000020
 - 	495	0.000183	-0.000100	0.000000
 - 	496	0.000122	-0.000239	-0.000020
 - 	497	0.000052	-0.000357	-0.000039
 - 	498	0.000009	-0.000446	-0.000056
 - 	499	-0.000049	-0.000513	-0.000070
 - 	500	-0.000092	-0.000549	-0.000080
 - 	501	-0.000141	-0.000550	-0.000085
 - 	502	-0.000156	-0.000510	-0.000083
 - 	503	-0.000189	-0.000437	-0.000075
 - 	504	-0.000219	-0.000330	-0.000061
 - 	505	-0.000245	-0.000194	-0.000043
 - 	506	-0.000271	-0.000037	-0.000021
 - 	507	-0.000295	0.000133	0.000002
 - 	508	-0.000307	0.000295	0.000025
 - 	509	-0.000315	0.000441	0.000046
 - 	510	-0.000300	0.000562	0.000064
 - 	511	-0.000319	0.000658	0.000079
 - 	512	-0.000309	0.000746	0.000091
 - 	513	-0.000355	0.000813	0.000097
 - 	514	-0.000363	0.000874	0.000101
 - 	515	-0.000389	0.000918	0.000101
 - 	516	-0.000390	0.000942	0.000101
 - 	517	-0.000400	0.000939	0.000098
 - 	518	-0.000381	0.000914	0.000095
 - 	519	-0.000379	0.000861	0.000089
 - 	520	-0.000361	0.000785	0.000081
 - 	521	-0.000350	0.000688	0.000070
 - 	522	-0.000344	0.000580	0.000058
 - 	523	-0.000322	0.000483	0.000047
 - 	524	-0.000325	0.000404	0.000036
 - 	525	-0.000322	0.000347	0.000027
 - 	526	-0.000327	0.000299	0.000018
 - 	527	-0.000312	0.000262	0.000012
 - 	528	-0.000313	0.000228	0.000005
 - 	529	-0.000280	0.000201	0.000000
 - 	530	-0.000267	0.000171	-0.000004
 - 	531	-0.000217	0.000146	-0.000005
 - 	532	-0.000172	0.000120	-0.000005
 - 	533	-0.000135	0.000100	-0.000003
 - 	534	-0.000068	0.000096	0.000002
 - 	535	-0.000027	0.000113	0.000009
 - 	536	0.000023	0.000151	0.000016
 - 	537	0.000053	0.000203	0.000023
 - 	538	0.000073	0.000265	0.000029
 - 	539	0.000077	0.000314	0.000033
 - 	540	0.000061	0.000341	0.000034
 - 	541	0.000036	0.000354	0.000034
 - 	542	-0.000001	0.000368	0.000034
 - 	543	-0.000059	0.000383	0.000036
 - 	544	-0.000132	0.000398	0.000038
 - 	545	-0.000189	0.000413	0.000042
 - 	546	-0.000241	0.000429	0.000047
 - 	547	-0.000308	0.000442	0.000050
 - 	548	-0.000358	0.000454	0.000052
 - 	549	-0.000419	0.000467	0.000052
 - 	550	-0.000479	0.000483	0.000051
 - 	551	-0.000525	0.000502	0.000049
 - 	552	-0.000555	0.000512	0.000048
 - 	553	-0.000573	0.000505	0.000046
 - 	554	-0.000575	0.000482	0.000043
 - 	555	-0.000578	0.000443	0.000037
 - 	556	-0.000575	0.000394	0.000031
 - 	557	-0.000556	0.000336	0.000025
 - 	558	-0.000517	0.000281	0.000020
 - 	559	-0.000480	0.000240	0.000017
 - 	560	-0.000448	0.000219	0.000013
 - 	561	-0.000403	0.000227	0.000012
 - 	562	-0.000385	0.000258	0.000014
 - 	563	-0.000377	0.000320	0.000020
 - 	564	-0.000358	0.000401	0.000030
 - 	565	-0.000375	0.000485	0.000041
 - 	566	-0.000381	0.000553	0.000052
 - 	567	-0.000383	0.000592	0.000063
 - 	568	-0.000387	0.000597	0.000070
 - 	569	-0.000368	0.000577	0.000076
 - 	570	-0.000351	0.000536	0.000077
 - 	571	-0.000312	0.000486	0.000076
 - 	572	-0.000286	0.000417	0.000071
 - 	573	-0.000243	0.000337	0.000062
 - 	574	-0.000193	0.000247	0.000050
 - 	575	-0.000152	0.000155	0.000035
 - 	576	-0.000109	0.000079	0.000017
 - 	577	-0.000087	0.000023	-0.000001
 - 	578	-0.000060	-0.000000	-0.000016
 - 	579	-0.000038	0.000005	-0.000027
 - 	580	-0.000026	0.000036	-0.000033
 - 	581	0.000016	0.000092	-0.000033
 - 	582	0.000069	0.000163	-0.000028
 - 	583	0.000116	0.000235	-0.000018
 - 	584	0.000201	0.000308	-0.000002
 - 	585	0.000271	0.000365	0.000015
 - 	586	0.000361	0.000412	0.000033
 - 	587	0.000417	0.000444	0.000047
 - 	588	0.000486	0.000465	0.000056
 - 	589	0.000513	0.000457	0.000059
 - 	590	0.000556	0.000427	0.000059
 - 	591	0.000590	0.000367	0.000055
 - 	592	0.000620	0.000293	0.000049
 - 	593	0.000656	0.000214	0.000042
 - 	594	0.000673	0.000136	0.000033
 - 	595	0.000674	0.000062	0.000023
 - 	596	0.000645	-0.000006	0.000012
 - 	597	0.000616	-0.000060	0.000002
 - 	598	0.000552	-0.000092	-0.000006
 - 	599	0.000487	-0.000097	-0.000010
 - 	600	0.000402	-0.000084	-0.000011
 - 	601	0.000332	-0.000056	-0.000008
 - 	602	0.000274	-0.000014	-0.000003
 - 	603	0.000267	0.000048	0.000006
 - 	604	0.000278	0.000129	0.000017
 - 	605	0.000321	0.000226	0.000030
 - 	606	0.000367	0.000332	0.000042
 - 	607	0.000448	0.000450	0.000055
 - 	608	0.000542	0.000568	0.000066
 - 	609	0.000652	0.000679	0.000077
 - 	610	0.000765	0.000774	0.000086
 - 	611	0.000845	0.000842	0.000093
 - 	612	0.000894	0.000883	0.000096
 - 	613	0.000899	0.000897	0.000094
 - 	614	0.000849	0.000886	0.000087
 - 	615	0.000805	0.000855	0.000077
 - 	616	0.000743	0.000806	0.000065
 - 	617	0.000695	0.000753	0.000053
 - 	618	0.000654	0.000693	0.000042
 - 	619	0.000617	0.000627	0.000032
 - 	620	0.000583	0.000554	0.000024
 - 	621	0.000555	0.000479	0.000016
 - 	622	0.000518	0.000400	0.000009
 - 	623	0.000481	0.000328	0.000003
 - 	624	0.000448	0.000262	-0.000002
 - 	625	0.000409	0.000200	-0.000008
 - 	626	0.000407	0.000152	-0.000011
 - 	627	0.000391	0.000110	-0.000014
 - 	628	0.000391	0.000089	-0.000014
 - 	629	0.000398	0.000086	-0.000013
 - 	630	0.000423	0.000096	-0.000010
 - 	631	0.000446	0.000111	-0.000008
 - 	632	0.000500	0.000134	-0.000005
 - 	633	0.000549	0.000155	-0.000002
 - 	634	0.000593	0.000181	0.000001
 - 	635	0.000671	0.000219	0.000005
 - 	636	0.000755	0.000261	0.000009
 - 	637	0.000847	0.000305	0.000013
 - 	638	0.000943	0.000342	0.000017
 - 	639	0.001033	0.000376	0.000022
 - 	640	0.001122	0.000405	0.000028
 - 	641	0.001206	0.000423	0.000034
 - 	642	0.001294	0.000431	0.000040
 - 	643	0.001370	0.000425	0.000045
 - 	644	0.001446	0.000410	0.000049
 - 	645	0.001515	0.000394	0.000052
 - 	646	0.001563	0.000374	0.000054
 - 	647	0.001597	0.000352	0.000054
 - 	648	0.001623	0.000325	0.000053
 - 	649	0.001645	0.000293	0.000051
 - 	650	0.001657	0.000259	0.000049
 - 	651	0.001670	0.000233	0.000046
 - 	652	0.001666	0.000219	0.000044
 - 	653	0.001647	0.000224	0.000041
 - 	654	0.001622	0.000247	0.000039
 - 	655	0.001599	0.000287	0.000038
 - 	656	0.001554	0.000340	0.000036
 - 	657	0.001519	0.000410	0.000036
 - 	658	0.001463	0.000490	0.000035
 - 	659	0.001405	0.000565	0.000035
 - 	660	0.001371	0.000634	0.000037
 - 	661	0.001326	0.000692	0.000039
 - 	662	0.001268	0.000742	0.000039
 - 	663	0.001218	0.000784	0.000039
 - 	664	0.001150	0.000808	0.000036
 - 	665	0.001074	0.000814	0.000031
 - 	666	0.001015	0.000806	0.000027
 - 	667	0.000950	0.000787	0.000022
 - 	668	0.000908	0.000761	0.000018
 - 	669	0.000873	0.000736	0.000015
 - 	670	0.000873	0.000715	0.000013
 - 	671	0.000879	0.000696	0.000012
 - 	672	0.000909	0.000680	0.000012
 - 	673	0.000949	0.000671	0.000014
 - 	674	0.000968	0.000665	0.000016
 - 	675	0.000984	0.000663	0.000020
 - 	676	0.001004	0.000659	0.000024
 - 	677	0.001021	0.000653	0.000027
 - 	678	0.001052	0.000646	0.000030
 - 	679	0.001086	0.000636	0.000032
 - 	680	0.001117	0.000625	0.000035
 - 	681	0.001150	0.000617	0.000037
 - 	682	0.001168	0.000614	0.000039
 - 	683	0.001176	0.000610	0.000040
 - 	684	0.001178	0.000601	0.000040
 - 	685	0.001193	0.000587	0.000040
 - 	686	0.001202	0.000573	0.000040
 - 	687	0.001200	0.000558	0.000039
 - 	688	0.001199	0.000546	0.000038
 - 	689	0.001196	0.000537	0.000037
 - 	690	0.001193	0.000531	0.000035
 - 	691	0.001174	0.000521	0.000033
 - 	692	0.001161	0.000515	0.000031
 - 	693	0.001147	0.000506	0.000029
 - 	694	0.001117	0.000495	0.000026
 - 	695	0.001096	0.000481	0.000024
 - 	696	0.001071	0.000465	0.000023
 - 	697	0.001034	0.000450	0.000021
 - 	698	0.001011	0.000439	0.000020
 - 	699	0.001005	0.000437	0.000020
 - 	700	0.000998	0.000439	0.000019
 - 	701	0.001019	0.000451	0.000020
 - 	702	0.001042	0.000463	0.000022
 - 	703	0.001068	0.000476	0.000026
 - 	704	0.001079	0.000494	0.000029
 - 	705	0.001111	0.000516	0.000032
 - 	706	0.001105	0.000535	0.000034
 - 	707	0.001130	0.000555	0.000037
 - 	708	0.001139	0.000569	0.000038
 - 	709	0.001144	0.000576	0.000037
 - 	710	0.001170	0.000581	0.000036
 - 	711	0.001178	0.000577	0.000034
 - 	712	0.001204	0.000571	0.000033
 - 	713	0.001223	0.000561	0.000032
 - 	714	0.001236	0.000545	0.000031
 - 	715	0.001258	0.000528	0.000031
 - 	716	0.001276	0.000512	0.000031
 - 	717	0.001282	0.000496	0.000030
 - 	718	0.001280	0.000491	0.000029
 - 	719	0.001269	0.000494	0.000028
 - 	720	0.001244	0.000498	0.000027
 - 	721	0.001227	0.000498	0.000026
 - 	722	0.001214	0.000491	0.000026
 - 	723	0.001208	0.000481	0.000026
 - 	724	0.001221	0.000472	0.000027
 - 	725	0.001230	0.000456	0.000028
 - 	726	0.001232	0.000441	0.000029
 - 	727	0.001241	0.000418	0.000030
 - 	728	0.001250	0.000392	0.000032
 - 	729	0.001240	0.000361	0.000034
 - 	730	0.001254	0.000341	0.000037
 - 	731	0.001255	0.000337	0.000038
 - 	732	0.001242	0.000350	0.000038
 - 	733	0.001229	0.000377	0.000035
 - 	734	0.001213	0.000407	0.000031
 - 	735	0.001198	0.000432	0.000026
 - 	736	0.001195	0.000455	0.000023
 - 	737	0.001200	0.000480	0.000021
 - 	738	0.001193	0.000501	0.000022
 - 	739	0.001203	0.000516	0.000024
 - 	740	0.001194	0.000520	0.000027
 - 	741	0.001200	0.000520	0.000031
 - 	742	0.001193	0.000512	0.000034
 - 	743	0.001201	0.000501	0.000036
 - 	744	0.001220	0.000487	0.000036
 - 	745	0.001256	0.000466	0.000036
 - 	746	0.001321	0.000439	0.000035
 - 	747	0.001396	0.000409	0.000034
 - 	748	0.001443	0.000383	0.000031
 - 	749	0.001432	0.000370	0.000029
 - 	750	0.001398	0.000367	0.000029
 - 	751	0.001349	0.000373	0.000028
 - 	752	0.001292	0.000382	0.000027
 - 	753	0.001271	0.000395	0.000029
 - 	754	0.001243	0.000407	0.000029
 - 	755	0.001246	0.000422	0.000029
 - 	756	0.001249	0.000432	0.000028
 - 	757	0.001248	0.000438	0.000028
 - 	758	0.001245	0.000440	0.000029
 - 	759	0.001248	0.000446	0.000029
 - 	760	0.001261	0.000453	0.000030
 - 	761	0.001261	0.000459	0.000029
 - 	762	0.001264	0.000466	0.000029
 - 	763	0.001268	0.000472	0.000030
 - 	764	0.001257	0.000479	0.000030
 - 	765	0.001244	0.000486	0.000029
 - 	766	0.001239	0.000493	0.000028
 - 	767	0.001236	0.000495	0.000027
 - 	768	0.001249	0.000493	0.000027
 - 	769	0.001246	0.000485	0.000027
 - 	770	0.001260	0.000478	0.000027
 - 	771	0.001238	0.000467	0.000026
 - 	772	0.001258	0.000463	0.000027
 - 	773	0.001244	0.000452	0.000027
 - 	774	0.001247	0.000436	0.000030
 - 	775	0.001249	0.000414	0.000034
 - 	776	0.001246	0.000391	0.000038
 - 	777	0.001256	0.000378	0.000042
 - 	778	0.001253	0.000368	0.000043
 - 	779	0.001261	0.000367	0.000043
 - 	780	0.001272	0.000369	0.000042
 - 	781	0.001289	0.000373	0.000040
 - 	782	0.001305	0.000375	0.000039
 - 	783	0.001311	0.000379	0.000038
 - 	784	0.001315	0.000386	0.000038
 - 	785	0.001289	0.000398	0.000039
 - 	786	0.001258	0.000415	0.000041
 - 	787	0.001224	0.000438	0.000043
 - 	788	0.001197	0.000462	0.000043
 - 	789	0.001174	0.000482	0.000043
 - 	790	0.001166	0.000503	0.000042
 - 	791	0.001155	0.000514	0.000040
 - 	792	0.001163	0.000517	0.000038
 - 	793	0.001161	0.000507	0.000033
 - 	794	0.001186	0.000494	0.000029
 - 	795	0.001199	0.000469	0.000026
 - 	796	0.001226	0.000439	0.000024
 - 	797	0.001249	0.000407	0.000024
 - 	798	0.001281	0.000389	0.000024
 - 	799	0.001311	0.000385	0.000025
 - 	800	0.001332	0.000395	0.000027
 - 	801	0.001359	0.000413	0.000029
 - 	802	0.001397	0.000440	0.000033
 - 	803	0.001422	0.000463	0.000038
 - 	804	0.001465	0.000487	0.000043
 - 	805	0.001490	0.000512	0.000049
 - 	806	0.001517	0.000545	0.000055
 - 	807	0.001527	0.000585	0.000062
 - 	808	0.001536	0.000626	0.000069
 - 	809	0.001547	0.000664	0.000076
 - 	810	0.001560	0.000698	0.000082
 - 	811	0.001556	0.000716	0.000088
 - 	812	0.001561	0.000722	0.000092
 - 	813	0.001555	0.000716	0.000094
 - 	814	0.001529	0.000708	0.000095
 - 	815	0.001490	0.000699	0.000094
 - 	816	0.001441	0.000682	0.000092
 - 	817	0.001413	0.000655	0.000089
 - 	818	0.001407	0.000620	0.000086
 - 	819	0.001412	0.000579	0.000083
 - 	820	0.001416	0.000533	0.000079
 - 	821	0.001407	0.000492	0.000077
 - 	822	0.001348	0.000455	0.000076
 - 	823	0.001260	0.000427	0.000075
 - 	824	0.001182	0.000406	0.000074
 - 	825	0.001099	0.000387	0.000073
 - 	826	0.001021	0.000364	0.000071
 - 	827	0.000949	0.000337	0.000069
 - 	828	0.000866	0.000313	0.000066
 - 	829	0.000778	0.000292	0.000064
 - 	830	0.000687	0.000276	0.000063
 - 	831	0.000588	0.000265	0.000062
 - 	832	0.000487	0.000263	0.000063
 - 	833	0.000403	0.000276	0.000067
 - 	834	0.000304	0.000295	0.000072
 - 	835	0.000245	0.000329	0.000081
 - 	836	0.000194	0.000369	0.000092
 - 	837	0.000147	0.000409	0.000104
 - 	838	0.000079	0.000448	0.000114
 - 	839	0.000003	0.000481	0.000123
 - 	840	-0.000064	0.000509	0.000131
 - 	841	-0.000122	0.000528	0.000136
 - 	842	-0.000153	0.000534	0.000139
 - 	843	-0.000202	0.000526	0.000138
 - 	844	-0.000223	0.000504	0.000133
 - 	845	-0.000249	0.000468	0.000124
 - 	846	-0.000257	0.000420	0.000113
 - 	847	-0.000266	0.000364	0.000099
 - 	848	-0.000275	0.000302	0.000082
 - 	849	-0.000271	0.000236	0.000063
 - 	850	-0.000276	0.000174	0.000045
 - 	851	-0.000285	0.000129	0.000032
 - 	852	-0.000339	0.000097	0.000024
 - 	853	-0.000383	0.000082	0.000022
 - 	854	-0.000452	0.000075	0.000020
 - 	855	-0.000502	0.000076	0.000021
 - 	856	-0.000571	0.000085	0.000022
 - 	857	-0.000653	0.000097	0.000024
 - 	858	-0.000720	0.000120	0.000031
 - 	859	-0.000782	0.000141	0.000038
 - 	860	-0.000816	0.000163	0.000046
 - 	861	-0.000855	0.000175	0.000052
 - 	862	-0.000867	0.000186	0.000060
 - 	863	-0.000874	0.000197	0.000070
 - 	864	-0.000906	0.000210	0.000081
 - 	865	-0.000958	0.000228	0.000093
 - 	866	-0.001040	0.000254	0.000105
 - 	867	-0.001122	0.000292	0.000121
 - 	868	-0.001224	0.000332	0.000135
 - 	869	-0.001317	0.000377	0.000149
 - 	870	-0.001410	0.000421	0.000162
 - 	871	-0.001510	0.000463	0.000174
 - 	872	-0.001585	0.000497	0.000182
 - 	873	-0.001652	0.000520	0.000186
 - 	874	-0.001724	0.000531	0.000184
 - 	875	-0.001817	0.000526	0.000174
 - 	876	-0.001915	0.000510	0.000159
 - 	877	-0.002001	0.000480	0.000139
 - 	878	-0.002084	0.000434	0.000112
 - 	879	-0.002133	0.000369	0.000079
 - 	880	-0.002155	0.000276	0.000037
 - 	881	-0.002147	0.000162	-0.000010
 - 	882	-0.002130	0.000029	-0.000061
 - 	883	-0.002087	-0.000102	-0.000107
 - 	884	-0.002049	-0.000228	-0.000148
 - 	885	-0.001994	-0.000336	-0.000179
 - 	886	-0.001928	-0.000425	-0.000200
 - 	887	-0.001862	-0.000497	-0.000213
 - 	888	-0.001791	-0.000555	-0.000221
 - 	889	-0.001704	-0.000593	-0.000222
 - 	890	-0.001635	-0.000620	-0.000221
 - 	891	-0.001537	-0.000628	-0.000213
 - 	892	-0.001473	-0.000637	-0.000208
 - 	893	-0.001377	-0.000641	-0.000199
 - 	894	-0.001287	-0.000645	-0.000192
 - 	895	-0.001209	-0.000653	-0.000185
 - 	896	-0.001122	-0.000657	-0.000178
 - 	897	-0.001065	-0.000662	-0.000171
 - 	898	-0.000990	-0.000660	-0.000162
 - 	899	-0.000960	-0.000658	-0.000154
 - 	900	-0.000912	-0.000648	-0.000143
 - 	901	-0.000894	-0.000635	-0.000132
 - 	902	-0.000862	-0.000615	-0.000120
 - 	903	-0.000830	-0.000587	-0.000107
 - 	904	-0.000779	-0.000552	-0.000094
 - 	905	-0.000714	-0.000508	-0.000082
 - 	906	-0.000649	-0.000462	-0.000070
 - 	907	-0.000582	-0.000416	-0.000061
 - 	908	-0.000494	-0.000371	-0.000051
 - 	909	-0.000406	-0.000335	-0.000043
 - 	910	-0.000298	-0.000304	-0.000036
 - 	911	-0.000212	-0.000285	-0.000032
 - 	912	-0.000116	-0.000277	-0.000032
 - 	913	-0.000035	-0.000300	-0.000035
 - 	914	0.000063	-0.000356	-0.000039
 - 	915	0.000149	-0.000455	-0.000044
 - 	916	0.000251	-0.000583	-0.000046
 - 	917	0.000323	-0.000732	-0.000047
 - 	918	0.000389	-0.000877	-0.000045
 - 	919	0.000447	-0.001010	-0.000041
 - 	920	0.000492	-0.001120	-0.000034
 - 	921	0.000522	-0.001212	-0.000027
 - 	922	0.000545	-0.001281	-0.000020
 - 	923	0.000560	-0.001325	-0.000013
 - 	924	0.000564	-0.001343	-0.000007
 - 	925	0.000554	-0.001339	-0.000002
 - 	926	0.000545	-0.001316	0.000002
 - 	927	0.000517	-0.001286	0.000005
 - 	928	0.000481	-0.001249	0.000007
 - 	929	0.000448	-0.001209	0.000008
 - 	930	0.000390	-0.001172	0.000008
 - 	931	0.000316	-0.001139	0.000009
 - 	932	0.000252	-0.001106	0.000010
 - 	933	0.000157	-0.001068	0.000009
 - 	934	0.000062	-0.001015	0.000007
 - 	935	-0.000061	-0.000953	0.000002
 - 	936	-0.000166	-0.000882	-0.000003
 - 	937	-0.000279	-0.000817	-0.000009
 - 	938	-0.000376	-0.000753	-0.000013
 - 	939	-0.000457	-0.000685	-0.000017
 - 	940	-0.000543	-0.000625	-0.000021
 - 	941	-0.000618	-0.000571	-0.000025
 - 	942	-0.000697	-0.000530	-0.000030
 - 	943	-0.000786	-0.000502	-0.000035
 - 	944	-0.000860	-0.000482	-0.000040
 - 	945	-0.000934	-0.000472	-0.000043
 - 	946	-0.001014	-0.000472	-0.000046
 - 	947	-0.001074	-0.000467	-0.000046
 - 	948	-0.001147	-0.000454	-0.000045
 - 	949	-0.001214	-0.000425	-0.000042
 - 	950	-0.001288	-0.000392	-0.000037
 - 	951	-0.001358	-0.000359	-0.000031
 - 	952	-0.001440	-0.000331	-0.000025
 - 	953	-0.001517	-0.000309	-0.000020
 - 	954	-0.001588	-0.000294	-0.000015
 - 	955	-0.001646	-0.000286	-0.000010
 - 	956	-0.001693	-0.000285	-0.000007
 - 	957	-0.001734	-0.000297	-0.000005
 - 	958	-0.001752	-0.000323	-0.000006
 - 	959	-0.001768	-0.000372	-0.000011
 - 	960	-0.001781	-0.000439	-0.000017
 - 	961	-0.001773	-0.000523	-0.000025
 - 	962	-0.001759	-0.000620	-0.000032
 - 	963	-0.001723	-0.000721	-0.000039
 - 	964	-0.001699	-0.000831	-0.000045
 - 	965	-0.001666	-0.000937	-0.000051
 - 	966	-0.001642	-0.001035	-0.000056
 - 	967	-0.001621	-0.001120	-0.000061
 - 	968	-0.001620	-0.001192	-0.000064
 - 	969	-0.001605	-0.001243	-0.000067
 - 	970	-0.001613	-0.001275	-0.000069
 - 	971	-0.001625	-0.001293	-0.000071
 - 	972	-0.001656	-0.001298	-0.000072
 - 	973	-0.001677	-0.001287	-0.000072
 - 	974	-0.001690	-0.001261	-0.000071
 - 	975	-0.001681	-0.001223	-0.000070
 - 	976	-0.001669	-0.001181	-0.000068
 - 	977	-0.001649	-0.001141	-0.000066
 - 	978	-0.001631	-0.001106	-0.000066
 - 	979	-0.001629	-0.001076	-0.000067
 - 	980	-0.001621	-0.001043	-0.000070
 - 	981	-0.001616	-0.001011	-0.000075
 - 	982	-0.001634	-0.000983	-0.000081
 - 	983	-0.001639	-0.000954	-0.000087
 - 	984	-0.001634	-0.000916	-0.000090
 - 	985	-0.001595	-0.000860	-0.000088
 - 	986	-0.001542	-0.000787	-0.000082
 - 	987	-0.001482	-0.000697	-0.000073
 - 	988	-0.001414	-0.000591	-0.000061
 - 	989	-0.001373	-0.000481	-0.000050
 - 	990	-0.001368	-0.000380	-0.000040
 - 	991	-0.001386	-0.000301	-0.000034
 - 	992	-0.001425	-0.000254	-0.000031
 - 	993	-0.001470	-0.000248	-0.000030
 - 	994	-0.001520	-0.000283	-0.000031
 - 	995	-0.001560	-0.000358	-0.000033
 - 	996	-0.001614	-0.000469	-0.000037
 - 	997	-0.001686	-0.000589	-0.000045
 - 	998	-0.001769	-0.000683	-0.000055
 - 	999	-0.001832	-0.000734	-0.000064
 - 	1000	-0.001868	-0.000751	-0.000072
 - 	1001	-0.001884	-0.000748	-0.000078
 - 	1002	-0.001899	-0.000737	-0.000085
 - 	1003	-0.001871	-0.000719	-0.000087
 - 	1004	-0.001802	-0.000698	-0.000085
 - 	1005	-0.001720	-0.000681	-0.000080
 - 	1006	-0.001652	-0.000660	-0.000076
 - 	1007	-0.001618	-0.000619	-0.000074
 - 	1008	-0.001598	-0.000566	-0.000072
 - 	1009	-0.001558	-0.000510	-0.000066
 - 	1010	-0.001520	-0.000442	-0.000055
 - 	1011	-0.001448	-0.000358	-0.000037
 - 	1012	-0.001391	-0.000268	-0.000017
 - 	1013	-0.001307	-0.000175	0.000005
 - 	1014	-0.001223	-0.000066	0.000027
 - 	1015	-0.001164	0.000063	0.000047
 - 	1016	-0.001121	0.000196	0.000062
 - 	1017	-0.001095	0.000325	0.000074
 - 	1018	-0.001048	0.000440	0.000086
 - 	1019	-0.000992	0.000552	0.000099
 - 	1020	-0.000906	0.000662	0.000117
 - 	1021	-0.000772	0.000763	0.000138
 - 	1022	-0.000606	0.000853	0.000162
 - 	1023	-0.000429	0.000926	0.000189
 - 	1024	-0.000239	0.000969	0.000216
 - 	1025	-0.000026	0.000976	0.000241
 - 	1026	0.000160	0.000971	0.000263
 - 	1027	0.000319	0.000966	0.000284
 - 	1028	0.000428	0.000952	0.000301
 - 	1029	0.000488	0.000914	0.000307
 - 	1030	0.000496	0.000855	0.000303
 - 	1031	0.000437	0.000774	0.000286
 - 	1032	0.000299	0.000658	0.000251
 - 	1033	0.000068	0.000504	0.000194
 - 	1034	-0.000254	0.000324	0.000115
 - 	1035	-0.000615	0.000115	0.000014
 - 	1036	-0.000947	-0.000129	-0.000115
 - 	1037	-0.001244	-0.000398	-0.000271
 - 	1038	-0.001467	-0.000669	-0.000449
 - 	1039	-0.001624	-0.000921	-0.000636
 - 	1040	-0.001739	-0.001146	-0.000827
 - 	1041	-0.001835	-0.001339	-0.001016
 - 	1042	-0.001905	-0.001503	-0.001200
 - 	1043	-0.001979	-0.001632	-0.001375
 - 	1044	-0.002053	-0.001693	-0.001518
 - 	1045	-0.002203	-0.001660	-0.001608
 - 	1046	-0.002390	-0.001558	-0.001656
 - 	1047	-0.002559	-0.001425	-0.001676
 - 	1048	-0.002663	-0.001284	-0.001681
 - 	1049	-0.002699	-0.001139	-0.001674
 - 	1050	-0.002674	-0.000998	-0.001657
 - 	1051	-0.002602	-0.000866	-0.001636
 - 	1052	-0.002495	-0.000747	-0.001611
 - 	1053	-0.002382	-0.000637	-0.001579
 - 	1054	-0.002268	-0.000537	-0.001533
 - 	1055	-0.002170	-0.000443	-0.001468
 - 	1056	-0.002065	-0.000362	-0.001379
 - 	1057	-0.001942	-0.000300	-0.001267
 - 	1058	-0.001787	-0.000267	-0.001142
 - 	1059	-0.001609	-0.000259	-0.001007
 - 	1060	-0.001416	-0.000268	-0.000865
 - 	1061	-0.001228	-0.000284	-0.000720
 - 	1062	-0.001050	-0.000296	-0.000567
 - 	1063	-0.000895	-0.000296	-0.000407
 - 	1064	-0.000766	-0.000282	-0.000248
 - 	1065	-0.000652	-0.000258	-0.000094
 - 	1066	-0.000558	-0.000224	0.000053
 - 	1067	-0.000480	-0.000180	0.000196
 - 	1068	-0.000395	-0.000132	0.000331
 - 	1069	-0.000318	-0.000085	0.000450
 - 	1070	-0.000236	-0.000040	0.000550
 - 	1071	-0.000158	-0.000000	0.000627
 - 	1072	-0.000100	0.000034	0.000679
 - 	1073	-0.000044	0.000062	0.000709
 - 	1074	-0.000010	0.000087	0.000725
 - 	1075	-0.000004	0.000112	0.000729
 - 	1076	-0.000007	0.000133	0.000722
 - 	1077	-0.000035	0.000150	0.000698
 - 	1078	-0.000074	0.000160	0.000660
 - 	1079	-0.000133	0.000167	0.000614
 - 	1080	-0.000206	0.000176	0.000569
 - 	1081	-0.000287	0.000190	0.000533
 - 	1082	-0.000410	0.000211	0.000509
 - 	1083	-0.000583	0.000246	0.000505
 - 	1084	-0.000811	0.000295	0.000525
 - 	1085	-0.001041	0.000352	0.000558
 - 	1086	-0.001268	0.000399	0.000581
 - 	1087	-0.001461	0.000426	0.000578
 - 	1088	-0.001646	0.000432	0.000557
 - 	1089	-0.001842	0.000428	0.000531
 - 	1090	-0.002068	0.000424	0.000515
 - 	1091	-0.002294	0.000415	0.000501
 - 	1092	-0.002498	0.000387	0.000471
 - 	1093	-0.002673	0.000327	0.000415
 - 	1094	-0.002845	0.000247	0.000350
 - 	1095	-0.003036	0.000168	0.000298
 - 	1096	-0.003261	0.000102	0.000266
 - 	1097	-0.003518	0.000054	0.000246
 - 	1098	-0.003818	0.000026	0.000233
 - 	1099	-0.004164	0.000017	0.000220
 - 	1100	-0.004541	0.000025	0.000202
 - 	1101	-0.004931	0.000038	0.000172
 - 	1102	-0.005300	0.000051	0.000133
 - 	1103	-0.005669	0.000057	0.000082
 - 	1104	-0.006033	0.000059	0.000020
 - 	1105	-0.006410	0.000050	-0.000057
 - 	1106	-0.006788	0.000020	-0.000152
 - 	1107	-0.007182	-0.000039	-0.000262
 - 	1108	-0.007581	-0.000124	-0.000377
 - 	1109	-0.007976	-0.000232	-0.000485
 - 	1110	-0.008362	-0.000365	-0.000581
 - 	1111	-0.008749	-0.000518	-0.000658
 - 	1112	-0.009158	-0.000693	-0.000719
 - 	1113	-0.009591	-0.000879	-0.000758
 - 	1114	-0.010065	-0.001068	-0.000778
 - 	1115	-0.010548	-0.001247	-0.000778
 - 	1116	-0.011028	-0.001406	-0.000761
 - 	1117	-0.011479	-0.001531	-0.000725
 - 	1118	-0.011899	-0.001612	-0.000675
 - 	1119	-0.012276	-0.001641	-0.000615
 - 	1120	-0.012582	-0.001618	-0.000551
 - 	1121	-0.012773	-0.001549	-0.000489
 - 	1122	-0.012819	-0.001449	-0.000433
 - 	1123	-0.012707	-0.001344	-0.000387
 - 	1124	-0.012385	-0.001256	-0.000351
 - 	1125	-0.011832	-0.001200	-0.000324
 - 	1126	-0.011021	-0.001175	-0.000302
 - 	1127	-0.009928	-0.001178	-0.000284
 - 	1128	-0.008539	-0.001199	-0.000268
 - 	1129	-0.006848	-0.001214	-0.000253
 - 	1130	-0.004915	-0.001196	-0.000237
 - 	1131	-0.002844	-0.001135	-0.000220
 - 	1132	-0.000803	-0.001035	-0.000204
 - 	1133	0.001018	-0.000888	-0.000189
 - 	1134	-0.008936	-0.000516	0.000542
 - 	1135	-0.016546	-0.000411	0.000455
 - 	1136	-0.021996	-0.000222	0.000331
 - 	1137	-0.022526	-0.000113	0.000329
 - 	1138	-0.018365	-0.000170	0.000414
 - 	1139	-0.012577	0.000065	0.000456
 - 	1140	-0.007827	0.001307	0.000467
 - 	1141	-0.003952	0.003088	0.000506
 - 	1142	-0.000504	0.004703	0.000583
 - 	1143	0.001901	0.005947	0.000713
 - 	1144	0.002741	0.006429	0.000879
 - 	1145	0.002704	0.006228	0.001038
 - 	1146	0.002799	0.006213	0.001189
 - 	1147	0.003599	0.007126	0.001304
 - 	1148	0.004932	0.008782	0.001447
 - 	1149	0.006549	0.010765	0.001720
 - 	1150	0.008017	0.012835	0.002154
 - 	1151	0.008872	0.014989	0.002615
 - 	1152	0.009220	0.017180	0.002999
 - 	1153	0.009190	0.019315	0.003346
 - 	1154	0.009279	0.021211	0.003679
 - 	1155	0.009878	0.022813	0.003944
 - 	1156	0.010688	0.023955	0.004177
 - 	1157	0.011622	0.024810	0.004434
 - 	1158	0.012642	0.025596	0.004682
 - 	1159	0.013654	0.026319	0.004887
 - 	1160	0.014568	0.027006	0.004999
 - 	1161	0.015076	0.027562	0.005035
 - 	1162	0.015186	0.027893	0.005014
 - 	1163	0.015098	0.027905	0.004936
 - 	1164	0.014774	0.027869	0.004813
 - 	1165	0.014267	0.027931	0.004660
 - 	1166	0.013724	0.028026	0.004520
 - 	1167	0.013648	0.028074	0.004361
 - 	1168	0.013869	0.028410	0.004194
 - 	1169	0.013877	0.028946	0.004028
 - 	1170	0.013556	0.029394	0.003861
 - 	1171	0.013354	0.029917	0.003769
 - 	1172	0.013245	0.030584	0.003721
 - 	1173	0.012877	0.031491	0.003675
 - 	1174	0.012297	0.032450	0.003567
 - 	1175	0.011748	0.033263	0.003426
 - 	1176	0.011566	0.034003	0.003324
 - 	1177	0.011542	0.034458	0.003187
 - 	1178	0.011460	0.034566	0.003000
 - 	1179	0.011375	0.034631	0.002740
 - 	1180	0.011150	0.034634	0.002458
 - 	1181	0.010771	0.034430	0.002226
 - 	1182	0.010343	0.034037	0.002006
 - 	1183	0.010016	0.033607	0.001735
 - 	1184	0.009710	0.033068	0.001461
 - 	1185	0.009094	0.032615	0.001186
 - 	1186	0.008568	0.032183	0.000915
 - 	1187	0.008210	0.031823	0.000634
 - 	1188	0.007827	0.031498	0.000396
 - 	1189	0.007401	0.031114	0.000200
 - 	1190	0.007082	0.030725	-0.000049
 - 	1191	0.006778	0.030500	-0.000297
 - 	1192	0.006297	0.030335	-0.000562
 - 	1193	0.005811	0.030038	-0.000800
 - 	1194	0.005324	0.029624	-0.001001
 - 	1195	0.004708	0.029229	-0.001246
 - 	1196	0.004132	0.028705	-0.001504
 - 	1197	0.003888	0.028243	-0.001746
 - 	1198	0.003690	0.027793	-0.001958
 - 	1199	0.003305	0.027252	-0.002136
 - 	1200	0.002854	0.026627	-0.002240
 - 	1201	0.002477	0.026219	-0.002324
 - 	1202	0.002215	0.025980	-0.002484
 - 	1203	0.002026	0.025711	-0.002601
 - 	1204	0.001979	0.025540	-0.002670
 - 	1205	0.001840	0.025312	-0.002733
 - 	1206	0.001577	0.025036	-0.002868
 - 	1207	0.001267	0.024889	-0.003028
 - 	1208	0.000986	0.024844	-0.003113
 - 	1209	0.000864	0.024766	-0.003184
 - 	1210	0.000830	0.024664	-0.003299
 - 	1211	0.000580	0.024605	-0.003424
 - 	1212	0.000326	0.024596	-0.003503
 - 	1213	0.000362	0.024504	-0.003549
 - 	1214	0.000250	0.024332	-0.003627
 - 	1215	0.000071	0.024227	-0.003730
 - 	1216	0.000008	0.024167	-0.003823
 - 	1217	-0.000175	0.024066	-0.003951
 - 	1218	-0.000556	0.023840	-0.004054
 - 	1219	-0.000712	0.023694	-0.004165
 - 	1220	-0.000855	0.023622	-0.004299
 - 	1221	-0.001155	0.023411	-0.004397
 - 	1222	-0.001649	0.023230	-0.004485
 - 	1223	-0.002210	0.023230	-0.004633
 - 	1224	-0.002750	0.023150	-0.004731
 - 	1225	-0.003121	0.023049	-0.004812
 - 	1226	-0.003176	0.023099	-0.004964
 - 	1227	-0.003210	0.023053	-0.005058
 - 	1228	-0.003451	0.022772	-0.005010
 - 	1229	-0.003594	0.022606	-0.005013
 - 	1230	-0.003718	0.022668	-0.005142
 - 	1231	-0.003911	0.022592	-0.005216
 - 	1232	-0.004017	0.022376	-0.005220
 - 	1233	-0.004137	0.022162	-0.005225
 - 	1234	-0.004369	0.022040	-0.005265
 - 	1235	-0.004640	0.021934	-0.005300
 - 	1236	-0.004734	0.021866	-0.005357
 - 	1237	-0.004662	0.021802	-0.005400
 - 	1238	-0.004601	0.021668	-0.005380
 - 	1239	-0.004561	0.021564	-0.005390
 - 	1240	-0.004407	0.021628	-0.005442
 - 	1241	-0.004196	0.021685	-0.005457
 - 	1242	-0.003990	0.021717	-0.005465
 - 	1243	-0.003645	0.021787	-0.005469
 - 	1244	-0.003266	0.021815	-0.005429
 - 	1245	-0.003045	0.021927	-0.005387
 - 	1246	-0.002802	0.022112	-0.005396
 - 	1247	-0.002323	0.022193	-0.005383
 - 	1248	-0.001853	0.021992	-0.005314
 - 	1249	-0.001524	0.021739	-0.005237
 - 	1250	-0.001062	0.021765	-0.005212
 - 	1251	-0.000579	0.021898	-0.005139
 - 	1252	-0.000045	0.021968	-0.005075
 - 	1253	0.000521	0.021940	-0.005003
 - 	1254	0.001243	0.022071	-0.004923
 - 	1255	0.002024	0.022262	-0.004842
 - 	1256	0.002842	0.022499	-0.004733
 - 	1257	0.003555	0.022653	-0.004581
 - 	1258	0.004123	0.022867	-0.004422
 - 	1259	0.004764	0.023067	-0.004237
 - 	1260	0.005536	0.023159	-0.004027
 - 	1261	0.006288	0.023292	-0.003827
 - 	1262	0.007052	0.023374	-0.003614
 - 	1263	0.007662	0.023195	-0.003351
 - 	1264	0.008034	0.022842	-0.003039
 - 	1265	0.008284	0.022414	-0.002690
 - 	1266	0.008632	0.021987	-0.002406
 - 	1267	0.009063	0.021487	-0.002211
 - 	1268	0.009750	0.020756	-0.002020
 - 	1269	0.010540	0.019915	-0.001747
 - 	1270	0.011146	0.018926	-0.001434
 - 	1271	0.011448	0.017817	-0.001165
 - 	1272	0.011609	0.016544	-0.000912
 - 	1273	0.011983	0.015348	-0.000649
 - 	1274	0.012290	0.014187	-0.000391
 - 	1275	0.012479	0.012924	-0.000180
 - 	1276	0.012525	0.011802	-0.000039
 - 	1277	0.012270	0.010583	0.000092
 - 	1278	0.011797	0.009254	0.000247
 - 	1279	0.011394	0.008036	0.000292
 - 	1280	0.010870	0.007003	0.000293
 - 	1281	0.010174	0.006120	0.000309
 - 	1282	0.009373	0.005304	0.000329
 - 	1283	0.008701	0.004349	0.000239
 - 	1284	0.008286	0.003378	0.000122
 - 	1285	0.007788	0.002475	0.000092
 - 	1286	0.007164	0.001816	0.000135
 - 	1287	0.006700	0.001404	0.000140
 - 	1288	0.006375	0.001098	0.000059
 - 	1289	0.006085	0.000865	-0.000005
 - 	1290	0.005707	0.000617	-0.000030
 - 	1291	0.005404	0.000390	-0.000028
 - 	1292	0.005154	0.000284	-0.000031
 - 	1293	0.004655	0.000216	-0.000008
 - 	1294	0.003879	0.000191	0.000115
 - 	1295	0.002847	0.000162	0.000240
 - 	1296	0.001995	0.000099	0.000272
 - 	1297	-0.003226	-0.000391	-0.000666
 - 	1298	-0.003395	-0.000349	-0.000650
 - 	1299	-0.003540	-0.000297	-0.000619
 - 	1300	-0.003673	-0.000233	-0.000574
 - 	1301	-0.003810	-0.000163	-0.000519
 - 	1302	-0.003880	-0.000099	-0.000462
 - 	1303	-0.003810	-0.000064	-0.000412
 - 	1304	-0.003643	-0.000077	-0.000385
 - 	1305	-0.003473	-0.000132	-0.000382
 - 	1306	-0.003296	-0.000214	-0.000401
 - 	1307	-0.003113	-0.000304	-0.000436
 - 	1308	-0.002922	-0.000384	-0.000474
 - 	1309	-0.002750	-0.000441	-0.000501
 - 	1310	-0.002609	-0.000469	-0.000511
 - 	1311	-0.002504	-0.000466	-0.000499
 - 	1312	-0.002432	-0.000425	-0.000456
 - 	1313	-0.002380	-0.000347	-0.000377
 - 	1314	-0.002374	-0.000244	-0.000268
 - 	1315	-0.002481	-0.000135	-0.000144
 - 	1316	-0.002725	-0.000031	-0.000011
 - 	1317	-0.003060	0.000057	0.000131
 - 	1318	-0.003412	0.000120	0.000277
 - 	1319	-0.003699	0.000145	0.000407
 - 	1320	-0.003827	0.000124	0.000502
 - 	1321	-0.003737	0.000056	0.000536
 - 	1322	-0.003416	-0.000048	0.000487
 - 	1323			
 - 	1324			
 - 	1325			
 - 	1326			
 - 	1327			
 - 	1328			
 - 	1329			
 - 	1330			
 - 	1331			
 - 	1332			
 - 	1333			
 - 	1334			
 - 	1335			
 - 	1336			
 - 	1337			
 - 	1338			
 - 	1339			
 - 	1340			
 - 	1341			
 - 	1342			
 - 	1343			
 - 	1344			
 - 	1345			
 - 	1346			
 - 	1347			
 - 	1348			
 - 	1349			
 - 	1350			
 - 	1351			
 - 	1352			
 - 	1353			
 - 	1354			
 - 	1355			
 - 	1356			
 - 	1357			
 - 	1358			
 - 	1359			
 - 	1360			
 - 	1361			
 - 	1362			
 - 	1363			
 - 	1364			
 - 	1365			
 - 	1366			
 - 	1367			
 - 	1368			
 - 	1369			
 - 	1370			
 - 	1371			
 - 	1372			
 - 	1373			
 - 	1374			
 - 	1375			
 - 	1376			
 - 	1377			
 - 	1378			
 - 	1379			
 - 	1380			
 - 	1381			
 - 	1382			
 - 	1383			
 - 	1384			
 - 	1385			
 - 	1386			
 - 	1387			
 - 	1388			
 - 	1389			
 - 	1390			
 - 	1391			
 - 	1392			
 - 	1393			
 - 	1394			
 - 	1395			
 - 	1396			
 - 	1397			
 - 	1398			
 - 	1399			
 - 	1400			
 - 	1401			
 - 	1402			
 - 	1403			
 - 	1404			
 - 	1405			
 - 	1406			
 - 	1407			
 - 	1408			
 - 	1409			
 - 	1410			
 - 	1411			
 - 	1412			
 - 	1413			
 - 	1414			
 - 	1415			
 - 	1416			
 - 	1417			
 - 	1418			
 - 	1419			
 - 	1420			
 - 	1421			
 - 	1422			
 - 	1423			
 - 	1424			
 - 	1425			
 - 	1426			
 - 	1427			
 - 	1428			
 - 	1429			
 - 	1430			
 - 	1431			
 - 	1432			
 - 	1433			
 - 	1434			
 - 	1435			
 - 	1436			
 - 	1437			
 - 	1438			
 - 	1439			
 - 	1440			
 - 	1441			
 - 	1442			
 - 	1443			
 - 	1444			
 - 	1445			
 - 	1446			
 - 	1447			
 - 	1448			
 - 	1449			
 - 	1450			
 - 	1451			
 - 	1452			
 - 	1453			
 - 	1454			
 - 	1455			
 - 	1456			
 - 	1457			
 - 	1458			
 - 	1459			
 - 	1460			
 - 	1461			
 - 	1462			
 - 	1463			
 - 	1464			
 - 	1465			
 - 	1466			
 - 	1467			
 - 	1468			
 - 	1469			
 - 	1470			
 - 	1471			
 - 	1472			
 - 	1473			
 - 	1474			
 - 	1475			
 - 	1476			
 - 	1477			
 - 	1478			
 - 	1479			
 - 	1480			
 - 	1481			
 - 	1482			
 - 	1483			
 - 	1484			
 - 	1485			
 - 	1486			
 - 	1487			
 - 	1488			
 - 	1489			
 - 	1490			
 - 	1491			
 - 	1492			
 - 	1493			
 - 	1494			
 - 	1495			
 - 	1496			
 - 	1497			
 - 	1498			
 - 	1499			
 - 	1500			
 - 	1501			
 - 	1502			
 - 	1503			
 - 	1504			
 - 	1505			
 - 	1506			
 - 	1507			
 - 	1508			
 - 	1509			
 - 	1510			
 - 	1511			
 - 	1512			
 - 	1513			
 - 	1514			
 - 	1515			
 - 	1516			
 - 	1517			
 - 	1518			
 - 	1519			
 - 	1520			
 - 	1521			
 - 	1522			
 - 	1523			
 - 	1524			
 - 	1525			
 - 	1526			
 - 	1527			
 - 	1528			
 - 	1529			
 - 	1530			
 - 	1531			
 - 	1532			
 - 	1533			
 - 	1534			
 - 	1535			
 - 	1536			
 - 	1537			
 - 	1538			
 - 	1539			
 - 	1540			
 - 	1541			
 - 	1542			
 - 	1543			
 - 	1544			
 - 	1545			
 - 	1546			
 - 	1547			
 - 	1548			
 - 	1549			
 - 	1550			
 - 	1551			
 - 	1552			
 - 	1553			
 - 	1554			
 - 	1555			
 - 	1556			
 - 	1557			
 - 	1558			
 - 	1559			
 - 	1560			
 - 	1561			
 - 	1562			
 - 	1563			
 - 	1564			
 - 	1565			
 - 	1566			
 - 	1567			
 - 	1568			
 - 	1569			
 - 	1570			
 - 	1571			
 - 	1572			
 - 	1573			
 - 	1574			
 - 	1575			
 - 	1576			
 - 	1577			
 - 	1578			
 - 	1579			
 - 	1580			
 - 	1581			
 - 	1582			
 - 	1583			
 - 	1584			
 - 	1585			
 - 	1586			
 - 	1587			
 - 	1588			
 - 	1589			
 - 	1590			
 - 	1591			
 - 	1592			
 - 	1593			
 - 	1594			
 - 	1595			
 - 	1596			
 - 	1597			
 - 	1598			
 - 	1599			
 - 	1600			
 - 	1601			
 - 	1602			
 - 	1603			
 - 	1604			
 - 	1605			
 - 	1606			
 - 	1607			
 - 	1608			
 - 	1609			
 - 	1610			
 - 	1611			
