LKNE_MOMENT
File	Frame	X 	Y 	Z 
Trial_10.filtered_40.c3d	1			
 - 	2			
 - 	3	-0.000433	-0.000169	0.000033
 - 	4	-0.000448	-0.000151	0.000037
 - 	5	-0.000458	-0.000133	0.000041
 - 	6	-0.000463	-0.000119	0.000044
 - 	7	-0.000470	-0.000110	0.000046
 - 	8	-0.000476	-0.000109	0.000046
 - 	9	-0.000487	-0.000115	0.000047
 - 	10	-0.000491	-0.000128	0.000046
 - 	11	-0.000495	-0.000141	0.000044
 - 	12	-0.000496	-0.000151	0.000042
 - 	13	-0.000493	-0.000156	0.000040
 - 	14	-0.000487	-0.000158	0.000039
 - 	15	-0.000477	-0.000154	0.000039
 - 	16	-0.000462	-0.000146	0.000039
 - 	17	-0.000452	-0.000137	0.000038
 - 	18	-0.000443	-0.000130	0.000038
 - 	19	-0.000439	-0.000125	0.000037
 - 	20	-0.000435	-0.000123	0.000037
 - 	21	-0.000426	-0.000120	0.000037
 - 	22	-0.000416	-0.000117	0.000037
 - 	23	-0.000406	-0.000116	0.000036
 - 	24	-0.000409	-0.000118	0.000036
 - 	25	-0.000419	-0.000125	0.000036
 - 	26	-0.000432	-0.000133	0.000036
 - 	27	-0.000440	-0.000142	0.000036
 - 	28	-0.000446	-0.000151	0.000035
 - 	29	-0.000444	-0.000157	0.000033
 - 	30	-0.000444	-0.000159	0.000032
 - 	31	-0.000434	-0.000159	0.000031
 - 	32	-0.000428	-0.000157	0.000031
 - 	33	-0.000417	-0.000154	0.000031
 - 	34	-0.000408	-0.000148	0.000032
 - 	35	-0.000408	-0.000142	0.000033
 - 	36	-0.000409	-0.000135	0.000034
 - 	37	-0.000413	-0.000129	0.000034
 - 	38	-0.000420	-0.000126	0.000034
 - 	39	-0.000428	-0.000127	0.000035
 - 	40	-0.000427	-0.000138	0.000034
 - 	41	-0.000424	-0.000152	0.000033
 - 	42	-0.000420	-0.000163	0.000031
 - 	43	-0.000421	-0.000167	0.000030
 - 	44	-0.000422	-0.000162	0.000030
 - 	45	-0.000420	-0.000152	0.000030
 - 	46	-0.000419	-0.000141	0.000031
 - 	47	-0.000417	-0.000134	0.000032
 - 	48	-0.000410	-0.000133	0.000033
 - 	49	-0.000411	-0.000135	0.000034
 - 	50	-0.000414	-0.000141	0.000035
 - 	51	-0.000427	-0.000145	0.000036
 - 	52	-0.000440	-0.000140	0.000039
 - 	53	-0.000434	-0.000126	0.000040
 - 	54	-0.000420	-0.000110	0.000040
 - 	55	-0.000406	-0.000102	0.000038
 - 	56	-0.000411	-0.000105	0.000037
 - 	57	-0.000423	-0.000116	0.000035
 - 	58	-0.000430	-0.000127	0.000034
 - 	59	-0.000416	-0.000131	0.000031
 - 	60	-0.000388	-0.000130	0.000028
 - 	61	-0.000364	-0.000125	0.000026
 - 	62	-0.000357	-0.000124	0.000026
 - 	63	-0.000367	-0.000127	0.000028
 - 	64	-0.000386	-0.000131	0.000031
 - 	65	-0.000408	-0.000133	0.000035
 - 	66	-0.000435	-0.000130	0.000039
 - 	67	-0.000469	-0.000123	0.000044
 - 	68	-0.000511	-0.000113	0.000049
 - 	69	-0.000543	-0.000102	0.000054
 - 	70	-0.000571	-0.000092	0.000059
 - 	71	-0.000574	-0.000081	0.000062
 - 	72	-0.000579	-0.000070	0.000066
 - 	73	-0.000588	-0.000060	0.000071
 - 	74	-0.000612	-0.000057	0.000078
 - 	75	-0.000645	-0.000067	0.000083
 - 	76	-0.000671	-0.000092	0.000086
 - 	77	-0.000669	-0.000125	0.000082
 - 	78	-0.000643	-0.000159	0.000074
 - 	79	-0.000610	-0.000198	0.000066
 - 	80	-0.000591	-0.000233	0.000061
 - 	81	-0.000577	-0.000256	0.000058
 - 	82	-0.000558	-0.000257	0.000054
 - 	83	-0.000532	-0.000235	0.000050
 - 	84	-0.000504	-0.000196	0.000048
 - 	85	-0.000473	-0.000150	0.000047
 - 	86	-0.000446	-0.000108	0.000045
 - 	87	-0.000427	-0.000076	0.000043
 - 	88	-0.000415	-0.000055	0.000042
 - 	89	-0.000403	-0.000044	0.000041
 - 	90	-0.000402	-0.000041	0.000044
 - 	91	-0.000398	-0.000039	0.000047
 - 	92	-0.000405	-0.000048	0.000050
 - 	93	-0.000419	-0.000061	0.000052
 - 	94	-0.000441	-0.000062	0.000054
 - 	95	-0.000469	-0.000051	0.000057
 - 	96	-0.000498	-0.000040	0.000062
 - 	97	-0.000526	-0.000026	0.000068
 - 	98	-0.000559	-0.000005	0.000076
 - 	99	-0.000584	0.000018	0.000084
 - 	100	-0.000612	0.000036	0.000091
 - 	101	-0.000641	0.000047	0.000095
 - 	102	-0.000672	0.000053	0.000097
 - 	103	-0.000702	0.000054	0.000097
 - 	104	-0.000724	0.000052	0.000098
 - 	105	-0.000737	0.000053	0.000102
 - 	106	-0.000738	0.000055	0.000107
 - 	107	-0.000740	0.000065	0.000115
 - 	108	-0.000758	0.000085	0.000124
 - 	109	-0.000798	0.000116	0.000133
 - 	110	-0.000859	0.000147	0.000140
 - 	111	-0.000943	0.000183	0.000149
 - 	112	-0.001028	0.000228	0.000159
 - 	113	-0.001116	0.000278	0.000171
 - 	114	-0.001206	0.000329	0.000181
 - 	115	-0.001305	0.000386	0.000189
 - 	116	-0.001421	0.000441	0.000194
 - 	117	-0.001557	0.000480	0.000202
 - 	118	-0.001712	0.000514	0.000213
 - 	119	-0.001857	0.000561	0.000219
 - 	120	-0.001963	0.000628	0.000216
 - 	121	-0.002019	0.000692	0.000203
 - 	122	-0.002028	0.000729	0.000183
 - 	123	-0.002015	0.000746	0.000160
 - 	124	-0.002004	0.000764	0.000138
 - 	125	-0.002008	0.000808	0.000115
 - 	126	-0.002010	0.000886	0.000083
 - 	127	-0.002019	0.000996	0.000041
 - 	128	-0.002053	0.001118	-0.000003
 - 	129	-0.002117	0.001235	-0.000046
 - 	130	-0.002186	0.001331	-0.000087
 - 	131	-0.002235	0.001384	-0.000120
 - 	132	-0.002258	0.001371	-0.000139
 - 	133	-0.002246	0.001281	-0.000138
 - 	134	-0.002197	0.001131	-0.000121
 - 	135	-0.002115	0.000950	-0.000095
 - 	136	-0.002018	0.000763	-0.000063
 - 	137	-0.001971	0.000602	-0.000020
 - 	138	-0.002024	0.000492	0.000033
 - 	139	-0.002194	0.000418	0.000097
 - 	140	-0.002485	0.000358	0.000175
 - 	141	-0.002875	0.000302	0.000264
 - 	142	-0.003292	0.000264	0.000351
 - 	143	-0.003622	0.000266	0.000410
 - 	144	-0.003785	0.000324	0.000414
 - 	145	-0.003737	0.000417	0.000357
 - 	146	-0.003448	0.000488	0.000258
 - 	147	-0.002924	0.000489	0.000146
 - 	148	-0.002268	0.000411	0.000052
 - 	149	-0.001626	0.000286	-0.000006
 - 	150	-0.001114	0.000175	-0.000049
 - 	151	-0.000791	0.000124	-0.000101
 - 	152	-0.000641	0.000114	-0.000149
 - 	153	-0.000606	0.000108	-0.000165
 - 	154	-0.000621	0.000092	-0.000152
 - 	155	-0.000637	0.000069	-0.000122
 - 	156	-0.000635	0.000061	-0.000104
 - 	157	-0.000622	0.000080	-0.000113
 - 	158	-0.000614	0.000121	-0.000147
 - 	159	-0.000609	0.000162	-0.000182
 - 	160	-0.000624	0.000192	-0.000202
 - 	161	-0.000673	0.000218	-0.000213
 - 	162	-0.000746	0.000236	-0.000216
 - 	163	-0.000812	0.000239	-0.000207
 - 	164	-0.000830	0.000223	-0.000188
 - 	165	-0.000816	0.000193	-0.000162
 - 	166	-0.000817	0.000150	-0.000126
 - 	167	-0.000882	0.000105	-0.000089
 - 	168	-0.001004	0.000062	-0.000057
 - 	169	-0.001142	0.000031	-0.000041
 - 	170	-0.001277	0.000019	-0.000041
 - 	171	-0.001424	0.000029	-0.000049
 - 	172	-0.001613	0.000064	-0.000056
 - 	173	-0.001843	0.000131	-0.000059
 - 	174	-0.002069	0.000236	-0.000059
 - 	175	-0.002232	0.000385	-0.000063
 - 	176	-0.002291	0.000579	-0.000071
 - 	177	-0.002290	0.000793	-0.000071
 - 	178	-0.002324	0.000996	-0.000053
 - 	179	-0.002420	0.001158	-0.000017
 - 	180	-0.002529	0.001258	0.000034
 - 	181	-0.002598	0.001302	0.000086
 - 	182	-0.002635	0.001319	0.000131
 - 	183	-0.002625	0.001334	0.000165
 - 	184	-0.002567	0.001338	0.000190
 - 	185	-0.002466	0.001294	0.000211
 - 	186	-0.002362	0.001185	0.000225
 - 	187	-0.002288	0.001028	0.000228
 - 	188	-0.002255	0.000858	0.000220
 - 	189	-0.002259	0.000696	0.000202
 - 	190	-0.002296	0.000545	0.000183
 - 	191	-0.002345	0.000391	0.000167
 - 	192	-0.002383	0.000228	0.000152
 - 	193	-0.002422	0.000059	0.000139
 - 	194	-0.002485	-0.000119	0.000138
 - 	195	-0.002549	-0.000310	0.000147
 - 	196	-0.002541	-0.000503	0.000157
 - 	197	-0.002376	-0.000660	0.000157
 - 	198	-0.002000	-0.000707	0.000144
 - 	199	-0.001352	-0.000549	0.000108
 - 	200	-0.000432	-0.000124	0.000038
 - 	201	0.000596	0.000535	-0.000063
 - 	202	0.001404	0.001286	-0.000166
 - 	203	-0.004568	0.001309	0.001073
 - 	204	-0.004203	-0.000991	0.001227
 - 	205	-0.000115	-0.002191	0.000925
 - 	206	0.001130	-0.002738	0.000934
 - 	207	0.001071	-0.002911	0.000903
 - 	208	0.001695	-0.001957	0.000494
 - 	209	0.001956	-0.001387	0.000335
 - 	210	0.002389	-0.001377	0.000061
 - 	211	0.003418	-0.001876	-0.000292
 - 	212	0.005563	0.000445	-0.001221
 - 	213	0.005737	0.002883	-0.001985
 - 	214	0.006910	0.005340	-0.003198
 - 	215	0.008356	0.007845	-0.004349
 - 	216	0.009740	0.009775	-0.005204
 - 	217	0.010236	0.011292	-0.005699
 - 	218	0.010632	0.012617	-0.006261
 - 	219	0.011951	0.013921	-0.006613
 - 	220	0.012649	0.014874	-0.006895
 - 	221	0.013504	0.015020	-0.006951
 - 	222	0.014619	0.015522	-0.007074
 - 	223	0.015287	0.016024	-0.007118
 - 	224	0.015662	0.016901	-0.007265
 - 	225	0.016353	0.017941	-0.007454
 - 	226	0.016738	0.019516	-0.007686
 - 	227	0.016923	0.020878	-0.007955
 - 	228	0.017117	0.022034	-0.008115
 - 	229	0.017059	0.023032	-0.008088
 - 	230	0.017124	0.023092	-0.008026
 - 	231	0.017000	0.023204	-0.007738
 - 	232	0.016579	0.022825	-0.007226
 - 	233	0.015774	0.021970	-0.006489
 - 	234	0.014801	0.021194	-0.005851
 - 	235	0.013996	0.020338	-0.005270
 - 	236	0.013095	0.020220	-0.004761
 - 	237	0.012058	0.020118	-0.004329
 - 	238	0.010968	0.019952	-0.003846
 - 	239	0.009931	0.019682	-0.003414
 - 	240	0.009040	0.019330	-0.002852
 - 	241	0.008230	0.018681	-0.002269
 - 	242	0.007088	0.018276	-0.001678
 - 	243	0.005985	0.017433	-0.001080
 - 	244	0.004989	0.017046	-0.000648
 - 	245	0.004338	0.016555	-0.000168
 - 	246	0.003812	0.016122	0.000176
 - 	247	0.003184	0.015746	0.000535
 - 	248	0.002200	0.015407	0.000923
 - 	249	0.001850	0.015329	0.001203
 - 	250	0.001484	0.015051	0.001506
 - 	251	0.001212	0.014702	0.001736
 - 	252	0.000927	0.014645	0.001945
 - 	253	0.000868	0.014244	0.002082
 - 	254	0.000591	0.014420	0.002213
 - 	255	0.000610	0.014402	0.002289
 - 	256	0.000617	0.014351	0.002338
 - 	257	0.001155	0.014532	0.002352
 - 	258	0.001146	0.014942	0.002305
 - 	259	0.001557	0.015129	0.002353
 - 	260	0.002158	0.015375	0.002376
 - 	261	0.002575	0.015220	0.002362
 - 	262	0.003147	0.015067	0.002315
 - 	263	0.003886	0.015390	0.002316
 - 	264	0.004292	0.015873	0.002229
 - 	265	0.005308	0.016482	0.002129
 - 	266	0.005899	0.016878	0.002019
 - 	267	0.006519	0.017249	0.001927
 - 	268	0.007188	0.017701	0.001868
 - 	269	0.007760	0.017970	0.001750
 - 	270	0.008463	0.018355	0.001592
 - 	271	0.009363	0.018530	0.001472
 - 	272	0.010260	0.018876	0.001253
 - 	273	0.010647	0.018771	0.001067
 - 	274	0.011445	0.018480	0.000920
 - 	275	0.012315	0.017882	0.000727
 - 	276	0.013020	0.017240	0.000601
 - 	277	0.013482	0.016664	0.000424
 - 	278	0.014083	0.016144	0.000231
 - 	279	0.015075	0.015434	-0.000193
 - 	280	0.016072	0.014703	-0.000454
 - 	281	0.016830	0.013494	-0.000814
 - 	282	0.017709	0.012029	-0.001125
 - 	283	0.018136	0.010448	-0.001476
 - 	284	0.018309	0.009001	-0.001708
 - 	285	0.018309	0.006842	-0.001629
 - 	286	0.016880	0.004944	-0.001544
 - 	287	0.015854	0.003057	-0.001337
 - 	288	0.014305	0.001693	-0.000990
 - 	289	0.011286	0.000761	-0.000465
 - 	290	0.009375	0.000893	-0.000394
 - 	291	0.006849	0.001295	-0.000496
 - 	292	-0.002899	-0.000774	0.001238
 - 	293	-0.003090	-0.000369	0.001107
 - 	294	-0.003127	0.000006	0.000896
 - 	295	-0.002972	0.000210	0.000697
 - 	296	-0.002584	0.000155	0.000595
 - 	297	-0.001988	-0.000125	0.000617
 - 	298	-0.001311	-0.000482	0.000701
 - 	299	-0.000730	-0.000743	0.000743
 - 	300	-0.000370	-0.000798	0.000652
 - 	301	-0.000256	-0.000649	0.000410
 - 	302	-0.000356	-0.000401	0.000115
 - 	303	-0.000600	-0.000179	-0.000106
 - 	304	-0.000864	-0.000031	-0.000223
 - 	305	-0.001031	0.000054	-0.000273
 - 	306	-0.001079	0.000109	-0.000298
 - 	307	-0.001050	0.000168	-0.000329
 - 	308	-0.000996	0.000251	-0.000379
 - 	309	-0.000962	0.000346	-0.000429
 - 	310	-0.000952	0.000435	-0.000473
 - 	311	-0.000960	0.000509	-0.000518
 - 	312	-0.001020	0.000562	-0.000552
 - 	313	-0.001158	0.000592	-0.000565
 - 	314	-0.001338	0.000603	-0.000568
 - 	315	-0.001530	0.000593	-0.000556
 - 	316	-0.001746	0.000548	-0.000505
 - 	317	-0.001990	0.000473	-0.000418
 - 	318	-0.002253	0.000394	-0.000316
 - 	319	-0.002537	0.000330	-0.000211
 - 	320	-0.002864	0.000291	-0.000097
 - 	321	-0.003254	0.000282	0.000023
 - 	322	-0.003694	0.000299	0.000145
 - 	323	-0.004153	0.000327	0.000261
 - 	324	-0.004626	0.000364	0.000360
 - 	325	-0.005110	0.000409	0.000442
 - 	326	-0.005539	0.000462	0.000507
 - 	327	-0.005825	0.000524	0.000551
 - 	328	-0.005956	0.000588	0.000575
 - 	329	-0.006012	0.000630	0.000595
 - 	330	-0.006076	0.000615	0.000629
 - 	331	-0.006172	0.000536	0.000680
 - 	332	-0.006294	0.000415	0.000735
 - 	333	-0.006443	0.000286	0.000779
 - 	334	-0.006619	0.000164	0.000806
 - 	335	-0.006805	0.000043	0.000819
 - 	336	-0.006987	-0.000076	0.000823
 - 	337	-0.007144	-0.000180	0.000824
 - 	338	-0.007219	-0.000265	0.000822
 - 	339	-0.007137	-0.000355	0.000808
 - 	340	-0.006819	-0.000466	0.000768
 - 	341	-0.006133	-0.000594	0.000681
 - 	342	-0.004894	-0.000692	0.000525
 - 	343	-0.002998	-0.000668	0.000294
 - 	344	-0.000635	-0.000408	0.000018
 - 	345	0.001638	0.000149	-0.000230
 - 	346	0.003167	0.000960	-0.000383
 - 	347	0.003614	0.001837	-0.000415
 - 	348	0.003183	0.002531	-0.000364
 - 	349	0.002434	0.002872	-0.000300
 - 	350	0.001816	0.002844	-0.000273
 - 	351	0.001414	0.002531	-0.000281
 - 	352	0.001088	0.002017	-0.000285
 - 	353	0.000712	0.001360	-0.000244
 - 	354	0.000274	0.000615	-0.000150
 - 	355	-0.000167	-0.000149	-0.000021
 - 	356	-0.000567	-0.000840	0.000119
 - 	357	-0.000907	-0.001323	0.000251
 - 	358	-0.001155	-0.001494	0.000349
 - 	359	-0.001264	-0.001384	0.000392
 - 	360	-0.001211	-0.001133	0.000381
 - 	361	-0.001021	-0.000864	0.000334
 - 	362	-0.000744	-0.000634	0.000269
 - 	363	-0.000436	-0.000441	0.000194
 - 	364	-0.000167	-0.000265	0.000116
 - 	365	0.000005	-0.000095	0.000046
 - 	366	0.000069	0.000054	-0.000004
 - 	367	0.000053	0.000153	-0.000031
 - 	368	-0.000008	0.000167	-0.000031
 - 	369	-0.000100	0.000082	-0.000004
 - 	370	-0.000202	-0.000075	0.000040
 - 	371	-0.000273	-0.000250	0.000086
 - 	372	-0.000306	-0.000390	0.000120
 - 	373	-0.000325	-0.000461	0.000134
 - 	374	-0.000333	-0.000450	0.000128
 - 	375	-0.000327	-0.000372	0.000104
 - 	376	-0.000318	-0.000263	0.000075
 - 	377	-0.000308	-0.000161	0.000050
 - 	378	-0.000278	-0.000090	0.000035
 - 	379	-0.000201	-0.000053	0.000027
 - 	380	-0.000093	-0.000052	0.000024
 - 	381	0.000001	-0.000102	0.000030
 - 	382	0.000065	-0.000201	0.000044
 - 	383	0.000101	-0.000323	0.000062
 - 	384	0.000104	-0.000437	0.000077
 - 	385	0.000058	-0.000518	0.000089
 - 	386	-0.000041	-0.000553	0.000097
 - 	387	-0.000189	-0.000540	0.000098
 - 	388	-0.000372	-0.000491	0.000093
 - 	389	-0.000558	-0.000431	0.000088
 - 	390	-0.000706	-0.000381	0.000092
 - 	391	-0.000808	-0.000361	0.000106
 - 	392	-0.000896	-0.000376	0.000128
 - 	393	-0.000995	-0.000422	0.000154
 - 	394	-0.001115	-0.000494	0.000183
 - 	395	-0.001252	-0.000566	0.000214
 - 	396	-0.001385	-0.000596	0.000241
 - 	397	-0.001485	-0.000572	0.000256
 - 	398	-0.001552	-0.000503	0.000258
 - 	399	-0.001610	-0.000410	0.000250
 - 	400	-0.001666	-0.000313	0.000239
 - 	401	-0.001716	-0.000245	0.000234
 - 	402	-0.001771	-0.000234	0.000241
 - 	403	-0.001839	-0.000286	0.000263
 - 	404	-0.001899	-0.000374	0.000291
 - 	405	-0.001925	-0.000460	0.000314
 - 	406	-0.001940	-0.000528	0.000331
 - 	407	-0.001969	-0.000558	0.000342
 - 	408	-0.002009	-0.000524	0.000343
 - 	409	-0.002038	-0.000425	0.000328
 - 	410	-0.002057	-0.000302	0.000305
 - 	411	-0.002085	-0.000194	0.000281
 - 	412	-0.002128	-0.000111	0.000263
 - 	413	-0.002157	-0.000062	0.000253
 - 	414	-0.002144	-0.000057	0.000256
 - 	415	-0.002124	-0.000090	0.000272
 - 	416	-0.002132	-0.000122	0.000292
 - 	417	-0.002144	-0.000116	0.000298
 - 	418	-0.002129	-0.000064	0.000286
 - 	419	-0.002090	0.000014	0.000263
 - 	420	-0.002023	0.000102	0.000235
 - 	421	-0.001936	0.000199	0.000198
 - 	422	-0.001862	0.000311	0.000151
 - 	423	-0.001836	0.000434	0.000097
 - 	424	-0.001849	0.000558	0.000039
 - 	425	-0.001849	0.000668	-0.000019
 - 	426	-0.001828	0.000743	-0.000070
 - 	427	-0.001837	0.000767	-0.000099
 - 	428	-0.001941	0.000731	-0.000094
 - 	429	-0.002160	0.000634	-0.000041
 - 	430	-0.002476	0.000496	0.000055
 - 	431	-0.002856	0.000344	0.000185
 - 	432	-0.003263	0.000199	0.000337
 - 	433	-0.003681	0.000079	0.000501
 - 	434	-0.004104	-0.000002	0.000659
 - 	435	-0.004514	-0.000023	0.000784
 - 	436	-0.004850	0.000043	0.000840
 - 	437	-0.005013	0.000206	0.000794
 - 	438	-0.004920	0.000439	0.000642
 - 	439	-0.004518	0.000670	0.000424
 - 	440	-0.003803	0.000809	0.000199
 - 	441	-0.002891	0.000790	0.000032
 - 	442	-0.001971	0.000617	-0.000049
 - 	443	-0.001192	0.000385	-0.000095
 - 	444	-0.000606	0.000216	-0.000186
 - 	445	-0.000202	0.000172	-0.000360
 - 	446	0.000042	0.000229	-0.000579
 - 	447	0.000131	0.000332	-0.000780
 - 	448	0.000065	0.000440	-0.000934
 - 	449	-0.000128	0.000529	-0.001023
 - 	450	-0.000411	0.000572	-0.001023
 - 	451	-0.000726	0.000564	-0.000934
 - 	452	-0.000989	0.000524	-0.000800
 - 	453	-0.001148	0.000481	-0.000671
 - 	454	-0.001193	0.000454	-0.000573
 - 	455	-0.001199	0.000431	-0.000484
 - 	456	-0.001304	0.000393	-0.000371
 - 	457	-0.001601	0.000346	-0.000241
 - 	458	-0.002129	0.000323	-0.000119
 - 	459	-0.002892	0.000347	-0.000009
 - 	460	-0.003861	0.000412	0.000116
 - 	461	-0.004995	0.000498	0.000282
 - 	462	-0.006269	0.000584	0.000494
 - 	463	-0.007714	0.000666	0.000744
 - 	464	-0.009437	0.000727	0.001040
 - 	465	-0.011554	0.000744	0.001389
 - 	466	-0.014068	0.000722	0.001764
 - 	467	-0.016789	0.000690	0.002111
 - 	468	-0.019105	0.000641	0.002362
 - 	469	-0.019852	0.000572	0.002395
 - 	470	-0.017931	0.000569	0.002078
 - 	471	-0.013471	0.000751	0.001415
 - 	472	-0.008187	0.001092	0.000627
 - 	473	-0.004004	0.001395	-0.000000
 - 	474	-0.001625	0.001503	-0.000333
 - 	475	-0.000593	0.001423	-0.000421
 - 	476	-0.000245	0.001219	-0.000366
 - 	477	-0.000194	0.000929	-0.000245
 - 	478	-0.000286	0.000612	-0.000111
 - 	479	-0.000441	0.000345	-0.000002
 - 	480	-0.000596	0.000165	0.000067
 - 	481	-0.000679	0.000051	0.000101
 - 	482	-0.000657	-0.000015	0.000104
 - 	483	-0.000543	-0.000014	0.000079
 - 	484	-0.000393	0.000075	0.000035
 - 	485	-0.000255	0.000233	-0.000013
 - 	486	-0.000141	0.000403	-0.000051
 - 	487	-0.000044	0.000531	-0.000072
 - 	488	0.000039	0.000582	-0.000076
 - 	489	0.000116	0.000561	-0.000068
 - 	490	0.000182	0.000501	-0.000054
 - 	491	0.000225	0.000441	-0.000039
 - 	492	0.000247	0.000404	-0.000026
 - 	493	0.000279	0.000394	-0.000018
 - 	494	0.000330	0.000409	-0.000015
 - 	495	0.000368	0.000438	-0.000014
 - 	496	0.000373	0.000466	-0.000011
 - 	497	0.000348	0.000483	-0.000007
 - 	498	0.000316	0.000478	-0.000004
 - 	499	0.000292	0.000452	-0.000005
 - 	500	0.000295	0.000420	-0.000011
 - 	501	0.000322	0.000388	-0.000019
 - 	502	0.000342	0.000354	-0.000025
 - 	503	0.000323	0.000320	-0.000026
 - 	504	0.000269	0.000296	-0.000020
 - 	505	0.000210	0.000294	-0.000012
 - 	506	0.000152	0.000324	-0.000004
 - 	507	0.000083	0.000372	0.000005
 - 	508	-0.000008	0.000410	0.000016
 - 	509	-0.000118	0.000421	0.000029
 - 	510	-0.000218	0.000411	0.000042
 - 	511	-0.000283	0.000388	0.000051
 - 	512	-0.000316	0.000356	0.000055
 - 	513	-0.000315	0.000323	0.000055
 - 	514	-0.000298	0.000288	0.000052
 - 	515	-0.000276	0.000248	0.000048
 - 	516	-0.000246	0.000216	0.000044
 - 	517	-0.000198	0.000211	0.000038
 - 	518	-0.000144	0.000226	0.000033
 - 	519	-0.000097	0.000241	0.000029
 - 	520	-0.000061	0.000253	0.000025
 - 	521	-0.000036	0.000259	0.000023
 - 	522	-0.000025	0.000254	0.000022
 - 	523	-0.000029	0.000241	0.000023
 - 	524	-0.000034	0.000226	0.000024
 - 	525	-0.000033	0.000215	0.000025
 - 	526	-0.000031	0.000205	0.000026
 - 	527	-0.000035	0.000198	0.000027
 - 	528	-0.000043	0.000196	0.000028
 - 	529	-0.000040	0.000205	0.000027
 - 	530	-0.000030	0.000222	0.000024
 - 	531	-0.000021	0.000243	0.000021
 - 	532	0.000001	0.000262	0.000017
 - 	533	0.000028	0.000276	0.000014
 - 	534	0.000055	0.000285	0.000014
 - 	535	0.000072	0.000275	0.000015
 - 	536	0.000083	0.000247	0.000016
 - 	537	0.000076	0.000211	0.000017
 - 	538	0.000063	0.000182	0.000016
 - 	539	0.000056	0.000161	0.000014
 - 	540	0.000061	0.000150	0.000012
 - 	541			
 - 	542			
