LKNE_MOMENT
File	Frame	X 	Y 	Z 
Trial_6.filtered_40.c3d	1			
 - 	2			
 - 	3	-0.001730	-0.001465	-0.000746
 - 	4	-0.001733	-0.001454	-0.000749
 - 	5	-0.001731	-0.001443	-0.000749
 - 	6	-0.001726	-0.001439	-0.000747
 - 	7	-0.001724	-0.001441	-0.000745
 - 	8	-0.001727	-0.001445	-0.000746
 - 	9	-0.001741	-0.001439	-0.000749
 - 	10	-0.001750	-0.001433	-0.000750
 - 	11	-0.001757	-0.001423	-0.000750
 - 	12	-0.001749	-0.001426	-0.000747
 - 	13	-0.001736	-0.001441	-0.000744
 - 	14	-0.001722	-0.001463	-0.000741
 - 	15	-0.001711	-0.001477	-0.000738
 - 	16	-0.001699	-0.001477	-0.000733
 - 	17	-0.001689	-0.001460	-0.000728
 - 	18	-0.001683	-0.001425	-0.000724
 - 	19	-0.001677	-0.001385	-0.000718
 - 	20	-0.001676	-0.001353	-0.000711
 - 	21	-0.001683	-0.001346	-0.000706
 - 	22	-0.001700	-0.001367	-0.000707
 - 	23	-0.001722	-0.001403	-0.000715
 - 	24	-0.001739	-0.001439	-0.000725
 - 	25	-0.001750	-0.001457	-0.000732
 - 	26	-0.001744	-0.001459	-0.000730
 - 	27	-0.001730	-0.001447	-0.000725
 - 	28	-0.001717	-0.001435	-0.000722
 - 	29	-0.001720	-0.001428	-0.000727
 - 	30	-0.001727	-0.001430	-0.000734
 - 	31	-0.001733	-0.001436	-0.000739
 - 	32	-0.001740	-0.001442	-0.000742
 - 	33	-0.001741	-0.001446	-0.000741
 - 	34	-0.001731	-0.001448	-0.000736
 - 	35	-0.001712	-0.001445	-0.000728
 - 	36	-0.001685	-0.001437	-0.000718
 - 	37	-0.001665	-0.001431	-0.000711
 - 	38	-0.001659	-0.001433	-0.000710
 - 	39	-0.001660	-0.001444	-0.000711
 - 	40	-0.001665	-0.001458	-0.000714
 - 	41	-0.001676	-0.001466	-0.000719
 - 	42	-0.001698	-0.001468	-0.000729
 - 	43	-0.001724	-0.001463	-0.000742
 - 	44	-0.001744	-0.001451	-0.000751
 - 	45	-0.001739	-0.001438	-0.000747
 - 	46	-0.001724	-0.001421	-0.000735
 - 	47	-0.001713	-0.001406	-0.000725
 - 	48	-0.001714	-0.001401	-0.000721
 - 	49	-0.001728	-0.001408	-0.000725
 - 	50	-0.001743	-0.001431	-0.000732
 - 	51	-0.001747	-0.001459	-0.000736
 - 	52	-0.001745	-0.001480	-0.000737
 - 	53	-0.001735	-0.001499	-0.000736
 - 	54	-0.001720	-0.001514	-0.000734
 - 	55	-0.001695	-0.001529	-0.000730
 - 	56	-0.001679	-0.001535	-0.000727
 - 	57	-0.001675	-0.001529	-0.000727
 - 	58	-0.001681	-0.001518	-0.000728
 - 	59	-0.001689	-0.001505	-0.000728
 - 	60	-0.001695	-0.001485	-0.000725
 - 	61	-0.001692	-0.001465	-0.000716
 - 	62	-0.001681	-0.001451	-0.000706
 - 	63	-0.001675	-0.001447	-0.000702
 - 	64	-0.001679	-0.001451	-0.000705
 - 	65	-0.001686	-0.001456	-0.000713
 - 	66	-0.001697	-0.001455	-0.000722
 - 	67	-0.001702	-0.001448	-0.000725
 - 	68	-0.001710	-0.001430	-0.000727
 - 	69	-0.001714	-0.001407	-0.000727
 - 	70	-0.001712	-0.001385	-0.000724
 - 	71	-0.001713	-0.001366	-0.000724
 - 	72	-0.001713	-0.001349	-0.000724
 - 	73	-0.001709	-0.001331	-0.000723
 - 	74	-0.001700	-0.001326	-0.000719
 - 	75	-0.001693	-0.001336	-0.000714
 - 	76	-0.001683	-0.001359	-0.000709
 - 	77	-0.001673	-0.001391	-0.000706
 - 	78	-0.001666	-0.001425	-0.000707
 - 	79	-0.001665	-0.001449	-0.000711
 - 	80	-0.001672	-0.001454	-0.000715
 - 	81	-0.001685	-0.001438	-0.000718
 - 	82	-0.001707	-0.001408	-0.000723
 - 	83	-0.001735	-0.001372	-0.000729
 - 	84	-0.001764	-0.001347	-0.000736
 - 	85	-0.001784	-0.001340	-0.000743
 - 	86	-0.001783	-0.001347	-0.000744
 - 	87	-0.001766	-0.001354	-0.000740
 - 	88	-0.001727	-0.001355	-0.000728
 - 	89	-0.001686	-0.001340	-0.000715
 - 	90	-0.001637	-0.001324	-0.000701
 - 	91	-0.001588	-0.001303	-0.000687
 - 	92	-0.001547	-0.001279	-0.000675
 - 	93	-0.001538	-0.001249	-0.000670
 - 	94	-0.001582	-0.001207	-0.000677
 - 	95	-0.001672	-0.001152	-0.000694
 - 	96	-0.001762	-0.001087	-0.000709
 - 	97	-0.001793	-0.001039	-0.000712
 - 	98	-0.001759	-0.001038	-0.000709
 - 	99	-0.001689	-0.001096	-0.000705
 - 	100	-0.001631	-0.001170	-0.000704
 - 	101	-0.001612	-0.001215	-0.000703
 - 	102	-0.001628	-0.001228	-0.000706
 - 	103	-0.001661	-0.001233	-0.000714
 - 	104	-0.001696	-0.001223	-0.000724
 - 	105	-0.001729	-0.001186	-0.000734
 - 	106	-0.001745	-0.001148	-0.000735
 - 	107	-0.001740	-0.001131	-0.000728
 - 	108	-0.001720	-0.001136	-0.000715
 - 	109	-0.001691	-0.001146	-0.000701
 - 	110	-0.001657	-0.001140	-0.000687
 - 	111	-0.001613	-0.001095	-0.000670
 - 	112	-0.001560	-0.001005	-0.000651
 - 	113	-0.001514	-0.000886	-0.000635
 - 	114	-0.001485	-0.000769	-0.000622
 - 	115	-0.001472	-0.000671	-0.000613
 - 	116	-0.001485	-0.000586	-0.000610
 - 	117	-0.001526	-0.000506	-0.000614
 - 	118	-0.001580	-0.000425	-0.000620
 - 	119	-0.001630	-0.000343	-0.000621
 - 	120	-0.001660	-0.000254	-0.000612
 - 	121	-0.001653	-0.000168	-0.000586
 - 	122	-0.001611	-0.000106	-0.000549
 - 	123	-0.001567	-0.000108	-0.000517
 - 	124	-0.001573	-0.000174	-0.000508
 - 	125	-0.001631	-0.000272	-0.000517
 - 	126	-0.001717	-0.000372	-0.000532
 - 	127	-0.001796	-0.000476	-0.000539
 - 	128	-0.001874	-0.000585	-0.000544
 - 	129	-0.001958	-0.000712	-0.000551
 - 	130	-0.002058	-0.000822	-0.000559
 - 	131	-0.002150	-0.000860	-0.000556
 - 	132	-0.002159	-0.000857	-0.000528
 - 	133	-0.002004	-0.000907	-0.000463
 - 	134	-0.001627	-0.001058	-0.000354
 - 	135	-0.000978	-0.001294	-0.000189
 - 	136	-0.000111	-0.001534	0.000020
 - 	137	0.000826	-0.001704	0.000240
 - 	138	0.001670	-0.001758	0.000444
 - 	139	0.002334	-0.001699	0.000616
 - 	140	0.002758	-0.001563	0.000743
 - 	141	0.002903	-0.001417	0.000811
 - 	142	0.002801	-0.001342	0.000816
 - 	143	0.002532	-0.001395	0.000764
 - 	144	0.002179	-0.001580	0.000679
 - 	145	0.001810	-0.001844	0.000593
 - 	146	0.001450	-0.002098	0.000529
 - 	147	0.001098	-0.002254	0.000493
 - 	148	0.000753	-0.002260	0.000475
 - 	149	0.000423	-0.002117	0.000462
 - 	150	0.000124	-0.001854	0.000444
 - 	151	-0.000155	-0.001548	0.000420
 - 	152	-0.000423	-0.001294	0.000398
 - 	153	-0.000648	-0.001159	0.000380
 - 	154	-0.000800	-0.001140	0.000365
 - 	155	-0.000937	-0.001184	0.000342
 - 	156	-0.001137	-0.001239	0.000303
 - 	157	-0.001387	-0.001287	0.000252
 - 	158	-0.001633	-0.001337	0.000204
 - 	159	-0.001867	-0.001373	0.000168
 - 	160	-0.002099	-0.001368	0.000147
 - 	161	-0.002315	-0.001334	0.000145
 - 	162	-0.002522	-0.001289	0.000157
 - 	163	-0.002729	-0.001237	0.000171
 - 	164	-0.002942	-0.001160	0.000166
 - 	165	-0.003146	-0.001053	0.000140
 - 	166	-0.003312	-0.000914	0.000103
 - 	167	-0.003397	-0.000754	0.000066
 - 	168	-0.003400	-0.000589	0.000027
 - 	169	-0.003378	-0.000424	-0.000025
 - 	170	-0.003374	-0.000274	-0.000095
 - 	171	-0.003389	-0.000154	-0.000177
 - 	172	-0.003407	-0.000079	-0.000264
 - 	173	-0.003423	-0.000041	-0.000347
 - 	174	-0.003445	-0.000023	-0.000419
 - 	175	-0.003506	0.000015	-0.000487
 - 	176	-0.003618	0.000096	-0.000555
 - 	177	-0.003777	0.000213	-0.000618
 - 	178	-0.003949	0.000340	-0.000666
 - 	179	-0.004116	0.000461	-0.000696
 - 	180	-0.004258	0.000573	-0.000710
 - 	181	-0.004338	0.000650	-0.000703
 - 	182	-0.004321	0.000650	-0.000671
 - 	183	-0.004150	0.000539	-0.000603
 - 	184	-0.003736	0.000297	-0.000488
 - 	185	-0.003005	-0.000076	-0.000324
 - 	186	-0.001959	-0.000530	-0.000126
 - 	187	-0.000717	-0.000959	0.000076
 - 	188	0.000522	-0.001246	0.000245
 - 	189	0.001549	-0.001349	0.000356
 - 	190	0.002232	-0.001328	0.000411
 - 	191	0.002552	-0.001260	0.000430
 - 	192	0.002597	-0.001163	0.000435
 - 	193	0.002466	-0.001021	0.000433
 - 	194	0.002232	-0.000872	0.000416
 - 	195	0.001893	-0.000787	0.000365
 - 	196	0.001415	-0.000785	0.000265
 - 	197	0.000819	-0.000780	0.000125
 - 	198	0.000269	-0.000622	-0.000006
 - 	199	-0.003468	0.001063	-0.000501
 - 	200	-0.000546	0.003346	-0.000079
 - 	201	0.003568	0.002363	0.001031
 - 	202	0.002678	0.000795	0.000817
 - 	203	0.003805	0.002840	0.000974
 - 	204	0.005572	0.005150	0.001129
 - 	205	0.005927	0.006706	0.001098
 - 	206	0.006589	0.009530	0.001086
 - 	207	0.007361	0.013570	0.001235
 - 	208	0.007131	0.016997	0.001239
 - 	209	0.007272	0.020199	0.001532
 - 	210	0.007059	0.023288	0.001771
 - 	211	0.006334	0.025056	0.002037
 - 	212	0.005714	0.027013	0.002244
 - 	213	0.005432	0.028642	0.002421
 - 	214	0.005397	0.029954	0.002618
 - 	215	0.005465	0.031322	0.002795
 - 	216	0.005838	0.033151	0.002910
 - 	217	0.006143	0.035343	0.002887
 - 	218	0.006669	0.038111	0.003064
 - 	219	0.006520	0.041084	0.002936
 - 	220	0.006799	0.043889	0.003189
 - 	221	0.007208	0.046790	0.003369
 - 	222	0.007263	0.049724	0.003484
 - 	223	0.007484	0.052793	0.003761
 - 	224	0.007699	0.055365	0.004029
 - 	225	0.007834	0.057860	0.004203
 - 	226	0.008671	0.060436	0.004534
 - 	227	0.009505	0.063062	0.004975
 - 	228	0.010349	0.066082	0.005256
 - 	229	0.011470	0.068784	0.005759
 - 	230	0.012454	0.071630	0.005933
 - 	231	0.013251	0.074291	0.006437
 - 	232	0.013669	0.077335	0.006749
 - 	233	0.013851	0.079957	0.007184
 - 	234	0.014448	0.081567	0.007636
 - 	235	0.014811	0.083124	0.007958
 - 	236	0.015181	0.083628	0.008141
 - 	237	0.015022	0.084054	0.008236
 - 	238	0.015193	0.083833	0.008129
 - 	239	0.015158	0.083393	0.008083
 - 	240	0.015833	0.082431	0.008156
 - 	241	0.016132	0.081429	0.008232
 - 	242	0.016496	0.080108	0.007937
 - 	243	0.016775	0.078616	0.007777
 - 	244	0.016618	0.077786	0.007635
 - 	245	0.016569	0.076300	0.007356
 - 	246	0.016883	0.075348	0.007461
 - 	247	0.016926	0.074109	0.007372
 - 	248	0.017427	0.073313	0.007507
 - 	249	0.017404	0.072849	0.007533
 - 	250	0.017764	0.072130	0.007675
 - 	251	0.017777	0.071722	0.007757
 - 	252	0.018155	0.071589	0.007975
 - 	253	0.018815	0.071319	0.008156
 - 	254	0.019061	0.071221	0.008298
 - 	255	0.019179	0.071938	0.008551
 - 	256	0.019448	0.072186	0.008944
 - 	257	0.019372	0.072523	0.009319
 - 	258	0.019495	0.073036	0.009895
 - 	259	0.019637	0.073733	0.010413
 - 	260	0.019835	0.074217	0.011066
 - 	261	0.019884	0.074691	0.011568
 - 	262	0.020051	0.074931	0.012042
 - 	263	0.020275	0.075291	0.012573
 - 	264	0.020518	0.075176	0.012974
 - 	265	0.020523	0.075355	0.013498
 - 	266	0.020863	0.074718	0.013728
 - 	267	0.021220	0.074654	0.014162
 - 	268	0.021840	0.074748	0.014594
 - 	269	0.021761	0.074441	0.014927
 - 	270	0.021460	0.073880	0.014969
 - 	271	0.022101	0.073286	0.015480
 - 	272	0.022270	0.073168	0.015961
 - 	273	0.022863	0.072299	0.016350
 - 	274	0.021378	0.073276	0.015963
 - 	275	0.016451	0.075916	0.013822
 - 	276	0.013745	0.077013	0.013181
 - 	277	0.011906	0.077431	0.013208
 - 	278	0.010941	0.076839	0.013968
 - 	279	0.010341	0.076898	0.015311
 - 	280	0.008427	0.077947	0.016780
 - 	281	0.004749	0.081914	0.019351
 - 	282	0.000031	0.088656	0.024252
 - 	283	-0.005331	0.095484	0.029308
 - 	284	-0.011133	0.101483	0.033676
 - 	285	-0.016388	0.105750	0.037302
 - 	286	-0.020302	0.107583	0.039325
 - 	287	-0.022484	0.105791	0.039700
 - 	288	-0.024568	0.104426	0.039106
 - 	289	-0.027359	0.104539	0.038281
 - 	290	-0.030863	0.105410	0.037699
 - 	291	-0.033858	0.106313	0.037344
 - 	292	-0.036639	0.108353	0.037435
 - 	293	-0.039077	0.110677	0.037874
 - 	294	-0.040959	0.113165	0.038416
 - 	295	-0.041263	0.114923	0.038756
 - 	296	-0.041315	0.115210	0.038508
 - 	297	-0.040609	0.114019	0.037601
 - 	298	-0.039387	0.112400	0.036667
 - 	299	-0.038578	0.110672	0.035605
 - 	300	-0.037594	0.109138	0.034610
 - 	301	-0.036774	0.107071	0.033572
 - 	302	-0.035470	0.105521	0.032922
 - 	303	-0.033529	0.104487	0.032591
 - 	304	-0.030868	0.103284	0.032371
 - 	305	-0.027791	0.102392	0.032028
 - 	306	-0.026831	0.102095	0.031395
 - 	307	-0.027398	0.102008	0.030834
 - 	308	-0.027323	0.101648	0.030370
 - 	309	-0.025821	0.101519	0.030124
 - 	310	-0.023112	0.102108	0.029931
 - 	311	-0.020218	0.102708	0.029435
 - 	312	-0.016874	0.102676	0.029155
 - 	313	-0.012766	0.103077	0.028617
 - 	314	-0.007959	0.103844	0.027870
 - 	315	-0.002450	0.104754	0.026907
 - 	316	0.003566	0.104903	0.025510
 - 	317	0.009840	0.104397	0.023741
 - 	318	0.016621	0.103318	0.021510
 - 	319	0.022981	0.102338	0.018934
 - 	320	0.029482	0.100846	0.016443
 - 	321	0.036250	0.098927	0.014262
 - 	322	0.042163	0.096568	0.012177
 - 	323	0.048498	0.094458	0.010275
 - 	324	0.054433	0.092296	0.008216
 - 	325	0.059641	0.090353	0.006136
 - 	326	0.064722	0.088589	0.003748
 - 	327	0.069742	0.086554	0.001667
 - 	328	0.074556	0.084239	-0.000264
 - 	329	0.078906	0.081525	-0.002295
 - 	330	0.082993	0.078854	-0.003719
 - 	331	0.087195	0.076148	-0.004999
 - 	332	0.090975	0.074028	-0.006437
 - 	333	0.094638	0.071805	-0.007661
 - 	334	0.097830	0.069826	-0.008766
 - 	335	0.100911	0.068488	-0.010130
 - 	336	0.103522	0.067515	-0.011562
 - 	337	0.106472	0.066781	-0.013032
 - 	338	0.108716	0.065597	-0.013665
 - 	339	0.109477	0.064605	-0.014357
 - 	340	0.111292	0.063997	-0.015062
 - 	341	0.111994	0.063170	-0.015473
 - 	342	0.112301	0.062621	-0.015692
 - 	343	0.113474	0.061929	-0.016094
 - 	344	0.113525	0.061492	-0.016323
 - 	345	0.114099	0.061252	-0.016585
 - 	346	0.114351	0.060817	-0.016726
 - 	347	0.114520	0.060720	-0.016883
 - 	348	0.114608	0.060901	-0.017293
 - 	349	0.115149	0.061284	-0.018063
 - 	350	0.115263	0.061376	-0.018110
 - 	351	0.114864	0.061082	-0.018333
 - 	352	0.113992	0.060383	-0.017857
 - 	353	0.113196	0.059164	-0.016944
 - 	354	0.112757	0.057987	-0.015880
 - 	355	0.112545	0.056719	-0.015003
 - 	356	0.111592	0.055292	-0.014476
 - 	357	0.110429	0.054081	-0.013907
 - 	358	0.110145	0.052881	-0.013183
 - 	359	0.109695	0.051791	-0.013184
 - 	360	0.108751	0.050540	-0.012717
 - 	361	0.107783	0.049153	-0.012185
 - 	362	0.105135	0.047890	-0.012171
 - 	363	0.101828	0.046231	-0.011745
 - 	364	0.098562	0.044746	-0.011222
 - 	365	0.094191	0.043024	-0.010759
 - 	366	0.089071	0.041345	-0.010372
 - 	367	0.083202	0.039959	-0.010367
 - 	368	0.077982	0.039235	-0.010397
 - 	369	0.072179	0.038278	-0.009599
 - 	370	0.066275	0.037089	-0.008880
 - 	371	0.060376	0.035050	-0.007673
 - 	372	0.053779	0.031876	-0.006991
 - 	373	0.046777	0.027266	-0.006049
 - 	374	0.040364	0.022478	-0.005053
 - 	375	0.032970	0.017515	-0.004297
 - 	376	-0.000120	-0.003235	0.000095
 - 	377	-0.000034	-0.003478	0.000146
 - 	378	0.000177	-0.003418	0.000219
 - 	379	0.000454	-0.003146	0.000301
 - 	380	0.000717	-0.002772	0.000369
 - 	381	0.000896	-0.002395	0.000401
 - 	382	0.000957	-0.002082	0.000385
 - 	383	0.000904	-0.001861	0.000326
 - 	384	0.000765	-0.001753	0.000241
 - 	385	0.000582	-0.001765	0.000155
 - 	386	0.000393	-0.001859	0.000083
 - 	387	0.000230	-0.001946	0.000035
 - 	388	0.000102	-0.001959	0.000006
 - 	389	0.000010	-0.001894	-0.000011
 - 	390	-0.000037	-0.001797	-0.000018
 - 	391	-0.000036	-0.001727	-0.000015
 - 	392	-0.000025	-0.001720	-0.000011
 - 	393	-0.000053	-0.001777	-0.000015
 - 	394	-0.000126	-0.001854	-0.000031
 - 	395	-0.000212	-0.001916	-0.000051
 - 	396	-0.000283	-0.001957	-0.000072
 - 	397	-0.000330	-0.001973	-0.000092
 - 	398	-0.000353	-0.001970	-0.000108
 - 	399	-0.000359	-0.001966	-0.000119
 - 	400	-0.000350	-0.001982	-0.000124
 - 	401	-0.000326	-0.002022	-0.000122
 - 	402	-0.000301	-0.002071	-0.000118
 - 	403	-0.000303	-0.002113	-0.000121
 - 	404	-0.000350	-0.002133	-0.000138
 - 	405	-0.000431	-0.002130	-0.000165
 - 	406	-0.000506	-0.002107	-0.000190
 - 	407	-0.000542	-0.002078	-0.000203
 - 	408	-0.000520	-0.002054	-0.000197
 - 	409	-0.000444	-0.002032	-0.000176
 - 	410	-0.000333	-0.001997	-0.000145
 - 	411	-0.000224	-0.001941	-0.000115
 - 	412	-0.000141	-0.001870	-0.000093
 - 	413	-0.000102	-0.001807	-0.000083
 - 	414	-0.000129	-0.001775	-0.000095
 - 	415	-0.000237	-0.001774	-0.000134
 - 	416	-0.000403	-0.001776	-0.000188
 - 	417	-0.000578	-0.001769	-0.000242
 - 	418	-0.000706	-0.001767	-0.000281
 - 	419	-0.000771	-0.001779	-0.000304
 - 	420	-0.000787	-0.001796	-0.000312
 - 	421	-0.000770	-0.001811	-0.000309
 - 	422	-0.000727	-0.001821	-0.000297
 - 	423	-0.000687	-0.001822	-0.000286
 - 	424	-0.000681	-0.001820	-0.000285
 - 	425	-0.000729	-0.001836	-0.000296
 - 	426	-0.000825	-0.001883	-0.000319
 - 	427	-0.000964	-0.001952	-0.000350
 - 	428	-0.001140	-0.002011	-0.000386
 - 	429	-0.001315	-0.002037	-0.000423
 - 	430	-0.001386	-0.002016	-0.000449
 - 	431	-0.001267	-0.001928	-0.000448
 - 	432	-0.001028	-0.001795	-0.000427
 - 	433	-0.000850	-0.001683	-0.000411
 - 	434	-0.000825	-0.001636	-0.000412
 - 	435	-0.000918	-0.001644	-0.000428
 - 	436	-0.001059	-0.001682	-0.000455
 - 	437	-0.001185	-0.001729	-0.000483
 - 	438	-0.001261	-0.001768	-0.000500
 - 	439	-0.001284	-0.001789	-0.000501
 - 	440	-0.001295	-0.001806	-0.000494
 - 	441	-0.001337	-0.001838	-0.000491
 - 	442	-0.001413	-0.001888	-0.000494
 - 	443	-0.001488	-0.001942	-0.000496
 - 	444	-0.001546	-0.001978	-0.000501
 - 	445	-0.001569	-0.001984	-0.000509
 - 	446	-0.001541	-0.001966	-0.000518
 - 	447	-0.001467	-0.001930	-0.000522
 - 	448	-0.001410	-0.001868	-0.000525
 - 	449	-0.001432	-0.001772	-0.000531
 - 	450	-0.001519	-0.001651	-0.000535
 - 	451	-0.001591	-0.001535	-0.000529
 - 	452	-0.001622	-0.001429	-0.000516
 - 	453	-0.001646	-0.001312	-0.000507
 - 	454	-0.001670	-0.001173	-0.000504
 - 	455	-0.001675	-0.001019	-0.000503
 - 	456	-0.001673	-0.000860	-0.000502
 - 	457	-0.001673	-0.000715	-0.000502
 - 	458	-0.001656	-0.000616	-0.000499
 - 	459	-0.001619	-0.000581	-0.000494
 - 	460	-0.001609	-0.000606	-0.000487
 - 	461	-0.001679	-0.000672	-0.000482
 - 	462	-0.001798	-0.000771	-0.000477
 - 	463	-0.001911	-0.000902	-0.000474
 - 	464	-0.002041	-0.001020	-0.000486
 - 	465	-0.002212	-0.001083	-0.000508
 - 	466	-0.002358	-0.001112	-0.000510
 - 	467	-0.002421	-0.001118	-0.000470
 - 	468	-0.002396	-0.001086	-0.000390
 - 	469	-0.002244	-0.001012	-0.000274
 - 	470	-0.001865	-0.000919	-0.000121
 - 	471	-0.001154	-0.000824	0.000067
 - 	472	-0.000079	-0.000729	0.000268
 - 	473	0.001272	-0.000636	0.000440
 - 	474	0.002681	-0.000578	0.000545
 - 	475	0.003876	-0.000603	0.000573
 - 	476	0.004655	-0.000741	0.000546
 - 	477	0.004950	-0.000970	0.000502
 - 	478	0.004810	-0.001215	0.000471
 - 	479	0.004350	-0.001401	0.000462
 - 	480	0.003707	-0.001489	0.000465
 - 	481	0.002985	-0.001480	0.000459
 - 	482	0.002240	-0.001393	0.000427
 - 	483	0.001507	-0.001268	0.000365
 - 	484	0.000822	-0.001127	0.000280
 - 	485	0.000191	-0.000976	0.000186
 - 	486	-0.000425	-0.000834	0.000107
 - 	487	-0.001053	-0.000722	0.000052
 - 	488	-0.001636	-0.000636	0.000010
 - 	489	-0.002084	-0.000563	-0.000041
 - 	490	-0.002401	-0.000511	-0.000110
 - 	491	-0.002666	-0.000488	-0.000193
 - 	492	-0.002926	-0.000488	-0.000278
 - 	493	-0.003197	-0.000508	-0.000348
 - 	494	-0.003472	-0.000546	-0.000393
 - 	495	-0.003714	-0.000585	-0.000417
 - 	496	-0.003885	-0.000601	-0.000430
 - 	497	-0.003987	-0.000592	-0.000439
 - 	498	-0.004046	-0.000566	-0.000441
 - 	499	-0.004077	-0.000533	-0.000436
 - 	500	-0.004087	-0.000491	-0.000426
 - 	501	-0.004082	-0.000429	-0.000417
 - 	502	-0.004065	-0.000344	-0.000414
 - 	503	-0.004037	-0.000252	-0.000411
 - 	504	-0.004005	-0.000169	-0.000403
 - 	505	-0.003972	-0.000101	-0.000392
 - 	506	-0.003934	-0.000047	-0.000382
 - 	507	-0.003899	-0.000009	-0.000379
 - 	508	-0.003886	0.000013	-0.000388
 - 	509	-0.003898	0.000023	-0.000411
 - 	510	-0.003919	0.000023	-0.000446
 - 	511	-0.003917	0.000017	-0.000485
 - 	512	-0.003850	-0.000003	-0.000516
 - 	513	-0.003664	-0.000061	-0.000521
 - 	514	-0.003310	-0.000179	-0.000486
 - 	515	-0.002757	-0.000362	-0.000402
 - 	516	-0.002009	-0.000598	-0.000272
 - 	517	-0.001123	-0.000861	-0.000116
 - 	518	-0.000200	-0.001118	0.000044
 - 	519	0.000639	-0.001334	0.000183
 - 	520	0.001281	-0.001477	0.000286
 - 	521	0.001641	-0.001509	0.000342
 - 	522	0.001669	-0.001420	0.000341
 - 	523	0.001395	-0.001217	0.000282
 - 	524	0.000939	-0.000918	0.000183
 - 	525	0.000441	-0.000527	0.000070
 - 	526	0.000045	-0.000074	-0.000023
 - 	527	-0.000127	0.000349	-0.000068
 - 	528	-0.000091	0.000588	-0.000069
 - 	529	-0.000007	0.000502	-0.000053
 - 	530	0.000001	0.000087	-0.000041
 - 	531	-0.000078	-0.000534	-0.000032
 - 	532	-0.000188	-0.001202	-0.000017
 - 	533	-0.000250	-0.001815	0.000010
 - 	534	-0.000210	-0.002330	0.000053
 - 	535	-0.000072	-0.002712	0.000109
 - 	536	0.000124	-0.002928	0.000169
 - 	537	0.000327	-0.002950	0.000219
 - 	538	0.000494	-0.002791	0.000252
 - 	539	0.000590	-0.002519	0.000263
 - 	540	0.000607	-0.002226	0.000253
 - 	541	0.000550	-0.001977	0.000223
 - 	542	0.000448	-0.001794	0.000177
 - 	543	0.000324	-0.001693	0.000122
 - 	544	0.000196	-0.001681	0.000065
 - 	545	0.000078	-0.001739	0.000015
 - 	546	-0.000024	-0.001835	-0.000024
 - 	547	-0.000096	-0.001929	-0.000049
 - 	548	-0.000119	-0.001977	-0.000056
 - 	549	-0.000092	-0.001961	-0.000046
 - 	550	-0.000037	-0.001904	-0.000024
 - 	551	0.000024	-0.001837	0.000001
 - 	552	0.000074	-0.001784	0.000022
 - 	553	0.000106	-0.001747	0.000034
 - 	554	0.000116	-0.001728	0.000033
 - 	555	0.000101	-0.001736	0.000019
 - 	556	0.000053	-0.001785	-0.000009
 - 	557	-0.000020	-0.001872	-0.000043
 - 	558	-0.000095	-0.001974	-0.000075
 - 	559	-0.000157	-0.002063	-0.000097
 - 	560	-0.000203	-0.002122	-0.000109
 - 	561	-0.000233	-0.002149	-0.000112
 - 	562	-0.000246	-0.002162	-0.000109
 - 	563	-0.000239	-0.002173	-0.000102
 - 	564	-0.000217	-0.002187	-0.000092
 - 	565	-0.000192	-0.002196	-0.000084
 - 	566	-0.000177	-0.002205	-0.000082
 - 	567	-0.000177	-0.002210	-0.000085
 - 	568	-0.000188	-0.002214	-0.000091
 - 	569	-0.000205	-0.002206	-0.000095
 - 	570	-0.000226	-0.002182	-0.000097
 - 	571	-0.000246	-0.002136	-0.000103
 - 	572	-0.000263	-0.002075	-0.000114
 - 	573	-0.000265	-0.002015	-0.000127
 - 	574	-0.000237	-0.001965	-0.000128
 - 	575	-0.000182	-0.001938	-0.000114
 - 	576	-0.000113	-0.001937	-0.000090
 - 	577	-0.000054	-0.001955	-0.000068
 - 	578	-0.000020	-0.001979	-0.000058
 - 	579	-0.000014	-0.002000	-0.000061
 - 	580	-0.000020	-0.002012	-0.000069
 - 	581	-0.000016	-0.002010	-0.000073
 - 	582	-0.000006	-0.001990	-0.000073
 - 	583	-0.000016	-0.001954	-0.000076
 - 	584	-0.000046	-0.001923	-0.000084
 - 	585	-0.000079	-0.001928	-0.000092
 - 	586	-0.000106	-0.001982	-0.000099
 - 	587	-0.000131	-0.002079	-0.000108
 - 	588	-0.000155	-0.002194	-0.000116
 - 	589	-0.000187	-0.002287	-0.000123
 - 	590	-0.000243	-0.002326	-0.000132
 - 	591	-0.000319	-0.002305	-0.000142
 - 	592	-0.000385	-0.002243	-0.000149
 - 	593	-0.000401	-0.002164	-0.000151
 - 	594	-0.000338	-0.002078	-0.000149
 - 	595	-0.000209	-0.001982	-0.000147
 - 	596	-0.000102	-0.001890	-0.000152
 - 	597	-0.000133	-0.001831	-0.000170
 - 	598	-0.000283	-0.001804	-0.000192
 - 	599	-0.000420	-0.001780	-0.000198
 - 	600	-0.000475	-0.001737	-0.000190
 - 	601	-0.000491	-0.001673	-0.000181
 - 	602	-0.000499	-0.001614	-0.000178
 - 	603	-0.000490	-0.001595	-0.000177
 - 	604	-0.000455	-0.001629	-0.000177
 - 	605	-0.000408	-0.001700	-0.000176
 - 	606	-0.000376	-0.001777	-0.000176
 - 	607	-0.000369	-0.001843	-0.000175
 - 	608	-0.000377	-0.001893	-0.000173
 - 	609	-0.000388	-0.001922	-0.000170
 - 	610	-0.000390	-0.001936	-0.000165
 - 	611	-0.000368	-0.001942	-0.000158
 - 	612	-0.000324	-0.001949	-0.000149
 - 	613	-0.000282	-0.001945	-0.000143
 - 	614	-0.000264	-0.001923	-0.000143
 - 	615	-0.000277	-0.001886	-0.000147
 - 	616	-0.000309	-0.001843	-0.000155
 - 	617	-0.000340	-0.001809	-0.000164
 - 	618	-0.000354	-0.001794	-0.000171
 - 	619	-0.000352	-0.001802	-0.000177
 - 	620	-0.000337	-0.001828	-0.000183
 - 	621	-0.000306	-0.001861	-0.000184
 - 	622	-0.000260	-0.001887	-0.000177
 - 	623	-0.000197	-0.001897	-0.000159
 - 	624	-0.000130	-0.001882	-0.000136
 - 	625	-0.000089	-0.001850	-0.000119
 - 	626	-0.000097	-0.001811	-0.000117
 - 	627	-0.000153	-0.001779	-0.000131
 - 	628	-0.000236	-0.001762	-0.000152
 - 	629	-0.000321	-0.001758	-0.000174
 - 	630	-0.000382	-0.001762	-0.000190
 - 	631	-0.000414	-0.001769	-0.000198
 - 	632	-0.000428	-0.001781	-0.000203
 - 	633	-0.000429	-0.001803	-0.000205
 - 	634	-0.000410	-0.001828	-0.000203
 - 	635	-0.000374	-0.001849	-0.000196
 - 	636	-0.000332	-0.001857	-0.000186
 - 	637	-0.000300	-0.001849	-0.000179
 - 	638	-0.000290	-0.001829	-0.000174
 - 	639	-0.000297	-0.001811	-0.000175
 - 	640	-0.000309	-0.001807	-0.000180
 - 	641	-0.000320	-0.001817	-0.000190
 - 	642	-0.000331	-0.001829	-0.000203
 - 	643	-0.000342	-0.001834	-0.000214
 - 	644	-0.000351	-0.001825	-0.000218
 - 	645	-0.000358	-0.001805	-0.000217
 - 	646	-0.000372	-0.001777	-0.000214
 - 	647	-0.000394	-0.001746	-0.000215
 - 	648	-0.000408	-0.001720	-0.000214
 - 	649	-0.000402	-0.001700	-0.000210
 - 	650	-0.000376	-0.001689	-0.000202
 - 	651	-0.000350	-0.001681	-0.000196
 - 	652	-0.000346	-0.001676	-0.000198
 - 	653	-0.000378	-0.001672	-0.000211
 - 	654	-0.000429	-0.001672	-0.000229
 - 	655	-0.000481	-0.001668	-0.000245
 - 	656	-0.000530	-0.001651	-0.000259
 - 	657	-0.000572	-0.001613	-0.000271
 - 	658	-0.000587	-0.001569	-0.000275
 - 	659	-0.000564	-0.001547	-0.000267
 - 	660			
 - 	661			
