RKNE_MOMENT
File	Frame	X 	Y 	Z 
Trial_5.filtered_40_L2.c3d	1			
 - 	2			
 - 	3	-0.001895	0.000145	-0.000215
 - 	4	-0.001897	0.000141	-0.000213
 - 	5	-0.001902	0.000134	-0.000213
 - 	6	-0.001910	0.000132	-0.000214
 - 	7	-0.001925	0.000127	-0.000215
 - 	8	-0.001935	0.000124	-0.000217
 - 	9	-0.001948	0.000119	-0.000220
 - 	10	-0.001959	0.000120	-0.000223
 - 	11	-0.001967	0.000122	-0.000226
 - 	12	-0.001973	0.000126	-0.000226
 - 	13	-0.001972	0.000136	-0.000227
 - 	14	-0.001984	0.000147	-0.000228
 - 	15	-0.001975	0.000157	-0.000228
 - 	16	-0.001987	0.000175	-0.000228
 - 	17	-0.001982	0.000182	-0.000228
 - 	18	-0.001975	0.000182	-0.000227
 - 	19	-0.001974	0.000178	-0.000227
 - 	20	-0.001964	0.000167	-0.000227
 - 	21	-0.001969	0.000164	-0.000227
 - 	22	-0.001957	0.000157	-0.000228
 - 	23	-0.001949	0.000143	-0.000227
 - 	24	-0.001955	0.000158	-0.000229
 - 	25	-0.001944	0.000168	-0.000231
 - 	26	-0.001955	0.000164	-0.000228
 - 	27	-0.001956	0.000165	-0.000227
 - 	28	-0.001955	0.000165	-0.000223
 - 	29	-0.001953	0.000162	-0.000221
 - 	30	-0.001948	0.000154	-0.000218
 - 	31	-0.001939	0.000145	-0.000216
 - 	32	-0.001962	0.000139	-0.000221
 - 	33	-0.001937	0.000136	-0.000216
 - 	34	-0.001930	0.000136	-0.000219
 - 	35	-0.001944	0.000137	-0.000220
 - 	36	-0.001912	0.000127	-0.000214
 - 	37	-0.001942	0.000135	-0.000224
 - 	38	-0.001944	0.000135	-0.000225
 - 	39	-0.001947	0.000135	-0.000226
 - 	40	-0.001942	0.000139	-0.000227
 - 	41	-0.001963	0.000151	-0.000231
 - 	42	-0.001943	0.000144	-0.000226
 - 	43	-0.001943	0.000151	-0.000226
 - 	44	-0.001939	0.000152	-0.000227
 - 	45	-0.001916	0.000145	-0.000225
 - 	46	-0.001930	0.000150	-0.000226
 - 	47	-0.001931	0.000155	-0.000225
 - 	48	-0.001931	0.000151	-0.000224
 - 	49	-0.001923	0.000149	-0.000222
 - 	50	-0.001945	0.000155	-0.000224
 - 	51	-0.001936	0.000146	-0.000224
 - 	52	-0.001951	0.000147	-0.000226
 - 	53	-0.001946	0.000144	-0.000224
 - 	54	-0.001950	0.000146	-0.000224
 - 	55	-0.001950	0.000154	-0.000222
 - 	56	-0.001945	0.000155	-0.000220
 - 	57	-0.001944	0.000162	-0.000220
 - 	58	-0.001942	0.000167	-0.000221
 - 	59	-0.001938	0.000160	-0.000221
 - 	60	-0.001934	0.000156	-0.000221
 - 	61	-0.001936	0.000152	-0.000222
 - 	62	-0.001927	0.000146	-0.000222
 - 	63	-0.001936	0.000143	-0.000224
 - 	64	-0.001929	0.000139	-0.000223
 - 	65	-0.001932	0.000144	-0.000223
 - 	66	-0.001931	0.000144	-0.000223
 - 	67	-0.001931	0.000148	-0.000221
 - 	68	-0.001924	0.000146	-0.000219
 - 	69	-0.001928	0.000147	-0.000219
 - 	70	-0.001929	0.000140	-0.000219
 - 	71	-0.001922	0.000136	-0.000222
 - 	72	-0.001933	0.000134	-0.000224
 - 	73	-0.001934	0.000139	-0.000223
 - 	74	-0.001942	0.000145	-0.000225
 - 	75	-0.001938	0.000150	-0.000223
 - 	76	-0.001944	0.000158	-0.000224
 - 	77	-0.001970	0.000171	-0.000232
 - 	78	-0.001957	0.000175	-0.000224
 - 	79	-0.001934	0.000174	-0.000216
 - 	80	-0.001958	0.000174	-0.000223
 - 	81	-0.001980	0.000170	-0.000232
 - 	82	-0.001952	0.000164	-0.000225
 - 	83	-0.001912	0.000160	-0.000217
 - 	84	-0.001938	0.000159	-0.000227
 - 	85	-0.001930	0.000153	-0.000226
 - 	86	-0.001930	0.000151	-0.000226
 - 	87	-0.001929	0.000144	-0.000225
 - 	88	-0.001919	0.000132	-0.000223
 - 	89	-0.001924	0.000127	-0.000221
 - 	90	-0.001947	0.000125	-0.000221
 - 	91	-0.001921	0.000122	-0.000218
 - 	92	-0.001890	0.000119	-0.000215
 - 	93	-0.001927	0.000125	-0.000217
 - 	94	-0.001926	0.000130	-0.000216
 - 	95	-0.001928	0.000130	-0.000217
 - 	96	-0.001942	0.000142	-0.000223
 - 	97	-0.001923	0.000139	-0.000219
 - 	98	-0.001904	0.000134	-0.000214
 - 	99	-0.001915	0.000142	-0.000221
 - 	100	-0.001911	0.000145	-0.000221
 - 	101	-0.001918	0.000157	-0.000222
 - 	102	-0.001919	0.000157	-0.000224
 - 	103	-0.001912	0.000163	-0.000220
 - 	104	-0.001879	0.000160	-0.000214
 - 	105	-0.001902	0.000168	-0.000219
 - 	106	-0.001905	0.000175	-0.000218
 - 	107	-0.001893	0.000166	-0.000218
 - 	108	-0.001920	0.000171	-0.000224
 - 	109	-0.001907	0.000163	-0.000222
 - 	110	-0.001895	0.000154	-0.000222
 - 	111	-0.001908	0.000149	-0.000225
 - 	112	-0.001921	0.000152	-0.000225
 - 	113	-0.001909	0.000139	-0.000225
 - 	114	-0.001919	0.000142	-0.000224
 - 	115	-0.001920	0.000143	-0.000221
 - 	116	-0.001921	0.000143	-0.000219
 - 	117	-0.001918	0.000139	-0.000216
 - 	118	-0.001920	0.000136	-0.000214
 - 	119	-0.001932	0.000139	-0.000215
 - 	120	-0.001929	0.000136	-0.000216
 - 	121	-0.001934	0.000141	-0.000216
 - 	122	-0.001931	0.000142	-0.000217
 - 	123	-0.001936	0.000147	-0.000219
 - 	124	-0.001919	0.000136	-0.000219
 - 	125	-0.001928	0.000145	-0.000222
 - 	126	-0.001926	0.000141	-0.000224
 - 	127	-0.001926	0.000150	-0.000225
 - 	128	-0.001933	0.000153	-0.000226
 - 	129	-0.001903	0.000151	-0.000220
 - 	130	-0.001941	0.000160	-0.000226
 - 	131	-0.001936	0.000155	-0.000222
 - 	132	-0.001942	0.000165	-0.000222
 - 	133	-0.001965	0.000176	-0.000225
 - 	134	-0.001938	0.000163	-0.000217
 - 	135	-0.001935	0.000162	-0.000216
 - 	136	-0.001933	0.000149	-0.000218
 - 	137	-0.001932	0.000146	-0.000220
 - 	138	-0.001946	0.000146	-0.000223
 - 	139	-0.001930	0.000116	-0.000229
 - 	140	-0.001946	0.000139	-0.000226
 - 	141	-0.001937	0.000144	-0.000222
 - 	142	-0.001948	0.000126	-0.000231
 - 	143	-0.001946	0.000121	-0.000233
 - 	144	-0.001941	0.000122	-0.000233
 - 	145	-0.001939	0.000122	-0.000234
 - 	146	-0.001923	0.000117	-0.000232
 - 	147	-0.001912	0.000113	-0.000231
 - 	148	-0.001902	0.000110	-0.000228
 - 	149	-0.001883	0.000102	-0.000225
 - 	150	-0.001881	0.000105	-0.000223
 - 	151	-0.001884	0.000114	-0.000220
 - 	152	-0.001884	0.000123	-0.000217
 - 	153	-0.001893	0.000132	-0.000215
 - 	154	-0.001902	0.000142	-0.000212
 - 	155	-0.001915	0.000161	-0.000208
 - 	156	-0.001919	0.000177	-0.000204
 - 	157	-0.001927	0.000206	-0.000200
 - 	158	-0.001931	0.000228	-0.000197
 - 	159	-0.001928	0.000254	-0.000193
 - 	160	-0.001930	0.000272	-0.000191
 - 	161	-0.001919	0.000273	-0.000188
 - 	162	-0.001920	0.000264	-0.000187
 - 	163	-0.001920	0.000252	-0.000185
 - 	164	-0.001927	0.000233	-0.000186
 - 	165	-0.001941	0.000220	-0.000187
 - 	166	-0.001976	0.000210	-0.000192
 - 	167	-0.002005	0.000198	-0.000198
 - 	168	-0.002033	0.000189	-0.000205
 - 	169	-0.002074	0.000194	-0.000212
 - 	170	-0.002102	0.000201	-0.000220
 - 	171	-0.002142	0.000214	-0.000232
 - 	172	-0.002177	0.000228	-0.000243
 - 	173	-0.002204	0.000242	-0.000255
 - 	174	-0.002214	0.000238	-0.000266
 - 	175	-0.002200	0.000229	-0.000273
 - 	176	-0.002159	0.000198	-0.000276
 - 	177	-0.002109	0.000171	-0.000277
 - 	178	-0.002041	0.000132	-0.000274
 - 	179	-0.001961	0.000093	-0.000268
 - 	180	-0.001882	0.000059	-0.000263
 - 	181	-0.001807	0.000031	-0.000257
 - 	182	-0.001742	0.000007	-0.000251
 - 	183	-0.001693	-0.000014	-0.000244
 - 	184	-0.001657	-0.000032	-0.000236
 - 	185	-0.001638	-0.000045	-0.000227
 - 	186	-0.001644	-0.000045	-0.000220
 - 	187	-0.001666	-0.000029	-0.000215
 - 	188	-0.001706	-0.000012	-0.000215
 - 	189	-0.001738	0.000006	-0.000216
 - 	190	-0.001794	0.000030	-0.000221
 - 	191	-0.001822	0.000040	-0.000224
 - 	192	-0.001845	0.000048	-0.000226
 - 	193	-0.001866	0.000049	-0.000229
 - 	194	-0.001875	0.000050	-0.000231
 - 	195	-0.001885	0.000049	-0.000234
 - 	196	-0.001885	0.000048	-0.000234
 - 	197	-0.001883	0.000046	-0.000232
 - 	198	-0.001875	0.000052	-0.000228
 - 	199	-0.001860	0.000054	-0.000224
 - 	200	-0.001865	0.000064	-0.000223
 - 	201	-0.001850	0.000069	-0.000219
 - 	202	-0.001854	0.000081	-0.000218
 - 	203	-0.001854	0.000091	-0.000217
 - 	204	-0.001844	0.000089	-0.000216
 - 	205	-0.001840	0.000085	-0.000216
 - 	206	-0.001818	0.000082	-0.000215
 - 	207	-0.001796	0.000076	-0.000215
 - 	208	-0.001760	0.000067	-0.000214
 - 	209	-0.001727	0.000063	-0.000212
 - 	210	-0.001698	0.000054	-0.000209
 - 	211	-0.001682	0.000053	-0.000206
 - 	212	-0.001656	0.000033	-0.000203
 - 	213	-0.001645	0.000022	-0.000201
 - 	214	-0.001627	-0.000002	-0.000200
 - 	215	-0.001605	-0.000022	-0.000198
 - 	216	-0.001601	-0.000029	-0.000197
 - 	217	-0.001593	-0.000029	-0.000196
 - 	218	-0.001598	-0.000012	-0.000195
 - 	219	-0.001598	-0.000002	-0.000195
 - 	220	-0.001628	0.000034	-0.000197
 - 	221	-0.001647	0.000064	-0.000199
 - 	222	-0.001688	0.000114	-0.000203
 - 	223	-0.001738	0.000167	-0.000208
 - 	224	-0.001788	0.000226	-0.000213
 - 	225	-0.001847	0.000286	-0.000219
 - 	226	-0.001909	0.000352	-0.000224
 - 	227	-0.001972	0.000407	-0.000225
 - 	228	-0.002020	0.000447	-0.000224
 - 	229	-0.002064	0.000478	-0.000220
 - 	230	-0.002093	0.000508	-0.000214
 - 	231	-0.002116	0.000532	-0.000209
 - 	232	-0.002135	0.000557	-0.000205
 - 	233	-0.002136	0.000577	-0.000200
 - 	234	-0.002138	0.000603	-0.000194
 - 	235	-0.002137	0.000640	-0.000185
 - 	236	-0.002116	0.000679	-0.000171
 - 	237	-0.002098	0.000726	-0.000156
 - 	238	-0.002061	0.000767	-0.000138
 - 	239	-0.002019	0.000804	-0.000119
 - 	240	-0.001975	0.000840	-0.000100
 - 	241	-0.001949	0.000883	-0.000083
 - 	242	-0.001915	0.000930	-0.000065
 - 	243	-0.001853	0.000977	-0.000044
 - 	244	-0.001783	0.001029	-0.000022
 - 	245	-0.001697	0.001065	-0.000000
 - 	246	-0.001586	0.001086	0.000023
 - 	247	-0.001469	0.001106	0.000044
 - 	248	-0.001356	0.001110	0.000061
 - 	249	-0.001246	0.001095	0.000072
 - 	250	-0.001167	0.001072	0.000076
 - 	251	-0.001090	0.001030	0.000075
 - 	252	-0.001034	0.000983	0.000074
 - 	253	-0.000964	0.000917	0.000071
 - 	254	-0.000904	0.000830	0.000062
 - 	255	-0.000844	0.000733	0.000045
 - 	256	-0.000802	0.000632	0.000021
 - 	257	-0.000762	0.000529	-0.000008
 - 	258	-0.000729	0.000424	-0.000045
 - 	259	-0.000696	0.000322	-0.000089
 - 	260	-0.000665	0.000219	-0.000140
 - 	261	-0.000652	0.000123	-0.000195
 - 	262	-0.000638	0.000026	-0.000252
 - 	263	-0.000660	-0.000060	-0.000310
 - 	264	-0.000716	-0.000135	-0.000368
 - 	265	-0.000819	-0.000197	-0.000423
 - 	266	-0.000980	-0.000233	-0.000470
 - 	267	-0.001216	-0.000244	-0.000511
 - 	268	-0.001498	-0.000245	-0.000544
 - 	269	-0.001842	-0.000230	-0.000567
 - 	270	-0.002209	-0.000208	-0.000580
 - 	271	-0.002583	-0.000192	-0.000590
 - 	272	-0.002933	-0.000173	-0.000593
 - 	273	-0.003230	-0.000168	-0.000597
 - 	274	-0.003467	-0.000163	-0.000595
 - 	275	-0.003621	-0.000168	-0.000589
 - 	276	-0.003707	-0.000172	-0.000576
 - 	277	-0.003699	-0.000183	-0.000555
 - 	278	-0.003635	-0.000188	-0.000526
 - 	279	-0.003478	-0.000194	-0.000488
 - 	280	-0.003222	-0.000205	-0.000441
 - 	281	-0.002840	-0.000236	-0.000393
 - 	282	-0.002318	-0.000291	-0.000338
 - 	283	-0.001669	-0.000386	-0.000294
 - 	284	-0.000911	-0.000523	-0.000264
 - 	285	-0.000071	-0.000708	-0.000265
 - 	286	0.000791	-0.000924	-0.000303
 - 	287	0.001632	-0.001150	-0.000379
 - 	288	0.002401	-0.001339	-0.000461
 - 	289	0.003081	-0.001464	-0.000528
 - 	290	0.003610	-0.001497	-0.000555
 - 	291	0.003991	-0.001449	-0.000540
 - 	292	0.004185	-0.001324	-0.000483
 - 	293	0.004253	-0.001161	-0.000398
 - 	294	0.004181	-0.000972	-0.000292
 - 	295	0.004037	-0.000796	-0.000185
 - 	296	0.003814	-0.000635	-0.000079
 - 	297	0.003557	-0.000504	0.000022
 - 	298	0.003275	-0.000400	0.000120
 - 	299	0.002969	-0.000319	0.000211
 - 	300	0.002657	-0.000267	0.000285
 - 	301	0.002322	-0.000226	0.000344
 - 	302	0.001965	-0.000183	0.000397
 - 	303	0.001592	-0.000123	0.000446
 - 	304	0.001219	-0.000039	0.000504
 - 	305	0.000864	0.000060	0.000557
 - 	306	0.000540	0.000176	0.000613
 - 	307	0.000254	0.000300	0.000668
 - 	308	0.000012	0.000430	0.000719
 - 	309	-0.000198	0.000568	0.000774
 - 	310	-0.000372	0.000708	0.000827
 - 	311	-0.000506	0.000852	0.000884
 - 	312	-0.000646	0.001010	0.000949
 - 	313	-0.000767	0.001165	0.001012
 - 	314	-0.000875	0.001316	0.001070
 - 	315	-0.000972	0.001452	0.001114
 - 	316	-0.001059	0.001573	0.001147
 - 	317	-0.001151	0.001673	0.001159
 - 	318	-0.001252	0.001748	0.001148
 - 	319	-0.001361	0.001803	0.001117
 - 	320	-0.001455	0.001820	0.001063
 - 	321	-0.001550	0.001814	0.000989
 - 	322	-0.001655	0.001784	0.000898
 - 	323	-0.001785	0.001734	0.000790
 - 	324	-0.001922	0.001662	0.000670
 - 	325	-0.002067	0.001570	0.000541
 - 	326	-0.002235	0.001455	0.000403
 - 	327	-0.002429	0.001329	0.000263
 - 	328	-0.002687	0.001196	0.000117
 - 	329	-0.002978	0.001057	-0.000030
 - 	330	-0.003352	0.000938	-0.000174
 - 	331	-0.003825	0.000836	-0.000320
 - 	332	-0.004368	0.000761	-0.000460
 - 	333	-0.004992	0.000712	-0.000595
 - 	334	-0.005691	0.000700	-0.000724
 - 	335	-0.006416	0.000703	-0.000845
 - 	336	-0.007184	0.000740	-0.000959
 - 	337	-0.007966	0.000795	-0.001066
 - 	338	-0.008761	0.000877	-0.001167
 - 	339	-0.009545	0.000966	-0.001264
 - 	340	-0.010312	0.001063	-0.001358
 - 	341	-0.011016	0.001146	-0.001448
 - 	342	-0.011640	0.001209	-0.001531
 - 	343	-0.012151	0.001241	-0.001602
 - 	344	-0.012481	0.001237	-0.001654
 - 	345	-0.012597	0.001195	-0.001682
 - 	346	-0.012438	0.001124	-0.001676
 - 	347	-0.011962	0.001020	-0.001628
 - 	348	-0.011160	0.000908	-0.001538
 - 	349	-0.009996	0.000802	-0.001396
 - 	350	-0.008534	0.000729	-0.001213
 - 	351	-0.006803	0.000704	-0.000991
 - 	352	-0.004870	0.000738	-0.000737
 - 	353	-0.002836	0.000841	-0.000464
 - 	354	-0.000810	0.001021	-0.000187
 - 	355	0.001085	0.001258	0.000078
 - 	356	0.002673	0.001536	0.000304
 - 	357	0.003864	0.001833	0.000473
 - 	358	0.004573	0.002122	0.000571
 - 	359	-0.008513	0.002636	-0.000500
 - 	360	-0.008052	0.002449	-0.000603
 - 	361	-0.006284	0.002188	-0.000493
 - 	362	-0.004393	0.001826	-0.000391
 - 	363	-0.002948	0.001204	-0.000362
 - 	364	-0.002152	0.000442	-0.000392
 - 	365	-0.001806	-0.000425	-0.000464
 - 	366	-0.001399	-0.001345	-0.000526
 - 	367	-0.000788	-0.002177	-0.000543
 - 	368	0.000301	-0.002864	-0.000436
 - 	369	0.001822	-0.003279	-0.000212
 - 	370	0.003461	-0.003328	0.000048
 - 	371	0.004964	-0.003060	0.000345
 - 	372	0.006344	-0.002626	0.000699
 - 	373	0.007579	-0.002037	0.001068
 - 	374	0.008689	-0.001296	0.001449
 - 	375	0.009816	-0.000534	0.001830
 - 	376	0.010917	0.000149	0.002203
 - 	377	0.011910	0.000845	0.002581
 - 	378	0.012986	0.001815	0.003060
 - 	379	0.014170	0.002905	0.003608
 - 	380	0.015340	0.003981	0.004130
 - 	381	0.016417	0.005044	0.004646
 - 	382	0.017455	0.006141	0.005179
 - 	383	0.018408	0.007307	0.005708
 - 	384	0.019427	0.008553	0.006296
 - 	385	0.020605	0.009642	0.006916
 - 	386	0.021968	0.010427	0.007516
 - 	387	0.023206	0.011004	0.008046
 - 	388	0.024382	0.011534	0.008574
 - 	389	0.025605	0.011979	0.009082
 - 	390	0.026982	0.012312	0.009553
 - 	391	0.028552	0.012636	0.010044
 - 	392	0.030176	0.013010	0.010571
 - 	393	0.031683	0.013295	0.011083
 - 	394	0.033195	0.013527	0.011570
 - 	395	0.034643	0.013736	0.011994
 - 	396	0.036168	0.013980	0.012434
 - 	397	0.037840	0.014270	0.012903
 - 	398	0.039395	0.014650	0.013353
 - 	399	0.040711	0.015047	0.013740
 - 	400	0.041931	0.015360	0.014093
 - 	401	0.043055	0.015790	0.014455
 - 	402	0.044009	0.016343	0.014772
 - 	403	0.044903	0.017131	0.015100
 - 	404	0.045782	0.017992	0.015496
 - 	405	0.046523	0.018964	0.015899
 - 	406	0.047208	0.019822	0.016218
 - 	407	0.047849	0.020614	0.016470
 - 	408	0.048396	0.021380	0.016689
 - 	409	0.048804	0.022086	0.016865
 - 	410	0.049297	0.022639	0.017008
 - 	411	0.049921	0.023163	0.017164
 - 	412	0.050503	0.023619	0.017294
 - 	413	0.051047	0.023956	0.017370
 - 	414	0.051533	0.024222	0.017434
 - 	415	0.051926	0.024285	0.017439
 - 	416	0.052053	0.024250	0.017370
 - 	417	0.051970	0.024241	0.017237
 - 	418	0.051968	0.024172	0.017109
 - 	419	0.051991	0.023972	0.016949
 - 	420	0.051834	0.023866	0.016732
 - 	421	0.051530	0.023871	0.016500
 - 	422	0.051095	0.023815	0.016218
 - 	423	0.050494	0.023625	0.015900
 - 	424	0.049706	0.023556	0.015527
 - 	425	0.048825	0.023435	0.015093
 - 	426	0.047903	0.023211	0.014639
 - 	427	0.046842	0.022988	0.014133
 - 	428	0.045820	0.022722	0.013606
 - 	429	0.044882	0.022465	0.013086
 - 	430	0.043755	0.022189	0.012491
 - 	431	0.042529	0.021972	0.011910
 - 	432	0.041437	0.021782	0.011424
 - 	433	0.040324	0.021623	0.010918
 - 	434	0.039030	0.021516	0.010339
 - 	435	0.037397	0.021460	0.009723
 - 	436	0.035708	0.021342	0.009117
 - 	437	0.034280	0.021164	0.008572
 - 	438	0.032884	0.020999	0.008041
 - 	439	0.031498	0.020942	0.007487
 - 	440	0.030200	0.020884	0.006984
 - 	441	0.028962	0.020728	0.006542
 - 	442	0.027865	0.020524	0.006154
 - 	443	0.026904	0.020434	0.005809
 - 	444	0.025916	0.020395	0.005431
 - 	445	0.025013	0.020467	0.005074
 - 	446	0.024204	0.020633	0.004807
 - 	447	0.023441	0.020690	0.004545
 - 	448	0.022697	0.020751	0.004249
 - 	449	0.021982	0.020832	0.004026
 - 	450	0.021364	0.020896	0.003810
 - 	451	0.020828	0.020875	0.003534
 - 	452	0.020385	0.020855	0.003289
 - 	453	0.020078	0.020955	0.003138
 - 	454	0.019955	0.021043	0.003061
 - 	455	0.020058	0.021086	0.003038
 - 	456	0.020279	0.021040	0.003001
 - 	457	0.020447	0.021061	0.002893
 - 	458	0.020502	0.021147	0.002784
 - 	459	0.020592	0.021236	0.002729
 - 	460	0.020881	0.021232	0.002702
 - 	461	0.021308	0.021156	0.002653
 - 	462	0.021777	0.021110	0.002663
 - 	463	0.022251	0.021142	0.002679
 - 	464	0.022651	0.021081	0.002584
 - 	465	0.023041	0.021085	0.002470
 - 	466	0.023601	0.021199	0.002462
 - 	467	0.024140	0.021324	0.002494
 - 	468	0.024635	0.021384	0.002520
 - 	469	0.025165	0.021403	0.002517
 - 	470	0.025780	0.021517	0.002515
 - 	471	0.026591	0.021658	0.002551
 - 	472	0.027461	0.021856	0.002642
 - 	473	0.028239	0.022057	0.002764
 - 	474	0.028897	0.022217	0.002893
 - 	475	0.029321	0.022376	0.002919
 - 	476	0.029701	0.022522	0.002895
 - 	477	0.030225	0.022709	0.002944
 - 	478	0.030778	0.022823	0.003034
 - 	479	0.031361	0.022764	0.003121
 - 	480	0.031946	0.022726	0.003206
 - 	481	0.032375	0.022771	0.003277
 - 	482	0.032555	0.022874	0.003296
 - 	483	0.032649	0.022986	0.003287
 - 	484	0.032872	0.022968	0.003335
 - 	485	0.033022	0.022898	0.003367
 - 	486	0.033098	0.022851	0.003366
 - 	487	0.033032	0.022763	0.003358
 - 	488	0.032931	0.022535	0.003366
 - 	489	0.032907	0.022193	0.003410
 - 	490	0.032822	0.021846	0.003413
 - 	491	0.032598	0.021497	0.003375
 - 	492	0.032222	0.021312	0.003306
 - 	493	0.031841	0.020996	0.003253
 - 	494	0.031559	0.020550	0.003246
 - 	495	0.031317	0.019905	0.003275
 - 	496	0.030964	0.019257	0.003288
 - 	497	0.030645	0.018864	0.003306
 - 	498	0.030566	0.018446	0.003402
 - 	499	0.030363	0.017884	0.003515
 - 	500	0.030119	0.017216	0.003628
 - 	501	0.030080	0.016505	0.003782
 - 	502	0.030031	0.015852	0.003923
 - 	503	0.029658	0.015330	0.004025
 - 	504	0.029061	0.014899	0.004112
 - 	505	0.028321	0.014390	0.004172
 - 	506	0.027334	0.013698	0.004195
 - 	507	0.026135	0.012908	0.004204
 - 	508	0.024835	0.012248	0.004169
 - 	509	0.023245	0.011699	0.004086
 - 	510	0.021267	0.011007	0.003964
 - 	511	0.019194	0.010049	0.003801
 - 	512	0.017306	0.009017	0.003632
 - 	513	0.015435	0.008036	0.003417
 - 	514	0.013629	0.006968	0.003183
 - 	515	0.012144	0.005705	0.002864
 - 	516	0.010945	0.004438	0.002429
 - 	517	0.009791	0.003400	0.002078
 - 	518	0.008729	0.002701	0.001870
 - 	519	0.007491	0.002356	0.001726
 - 	520	0.005968	0.002405	0.001602
 - 	521	0.004598	0.002370	0.001441
 - 	522	0.003418	0.002217	0.001275
 - 	523	0.002289	0.002219	0.001130
 - 	524	0.001401	0.002348	0.001002
 - 	525	-0.004250	0.000591	-0.000650
 - 	526	-0.004037	0.000497	-0.000760
 - 	527	-0.003803	0.000403	-0.000870
 - 	528	-0.003540	0.000305	-0.000976
 - 	529	-0.003238	0.000196	-0.001077
 - 	530	-0.002907	0.000083	-0.001166
 - 	531	-0.002541	-0.000031	-0.001237
 - 	532	-0.002161	-0.000153	-0.001297
 - 	533	-0.001758	-0.000286	-0.001342
 - 	534	-0.001311	-0.000451	-0.001378
 - 	535	-0.000808	-0.000659	-0.001413
 - 	536	-0.000246	-0.000896	-0.001437
 - 	537	0.000352	-0.001135	-0.001432
 - 	538	0.000931	-0.001339	-0.001381
 - 	539	0.001436	-0.001491	-0.001289
 - 	540	0.001833	-0.001582	-0.001171
 - 	541	0.002082	-0.001604	-0.001046
 - 	542	0.002212	-0.001570	-0.000926
 - 	543	0.002244	-0.001497	-0.000821
 - 	544	0.002200	-0.001412	-0.000748
 - 	545	0.002115	-0.001326	-0.000696
 - 	546	0.002006	-0.001239	-0.000651
 - 	547	0.001852	-0.001132	-0.000591
 - 	548	0.001632	-0.000998	-0.000516
 - 	549	0.001343	-0.000834	-0.000424
 - 	550	0.001024	-0.000656	-0.000317
 - 	551	0.000704	-0.000475	-0.000199
 - 	552	0.000407	-0.000289	-0.000066
 - 	553	0.000113	-0.000096	0.000072
 - 	554	-0.000156	0.000098	0.000208
 - 	555	-0.000400	0.000300	0.000350
 - 	556	-0.000619	0.000504	0.000489
 - 	557	-0.000823	0.000719	0.000638
 - 	558	-0.001003	0.000929	0.000784
 - 	559	-0.001159	0.001117	0.000915
 - 	560	-0.001289	0.001267	0.001023
 - 	561	-0.001408	0.001382	0.001107
 - 	562	-0.001527	0.001468	0.001169
 - 	563	-0.001659	0.001538	0.001215
 - 	564	-0.001791	0.001583	0.001241
 - 	565	-0.001906	0.001600	0.001251
 - 	566	-0.002003	0.001595	0.001246
 - 	567	-0.002081	0.001580	0.001238
 - 	568	-0.002143	0.001565	0.001229
 - 	569	-0.002178	0.001550	0.001222
 - 	570	-0.002185	0.001536	0.001213
 - 	571	-0.002168	0.001522	0.001199
 - 	572	-0.002119	0.001506	0.001180
 - 	573	-0.002043	0.001490	0.001157
 - 	574	-0.001935	0.001476	0.001130
 - 	575	-0.001806	0.001459	0.001097
 - 	576	-0.001660	0.001445	0.001069
 - 	577	-0.001522	0.001433	0.001042
 - 	578	-0.001389	0.001425	0.001022
 - 	579	-0.001281	0.001413	0.000996
 - 	580	-0.001205	0.001402	0.000962
 - 	581	-0.001180	0.001395	0.000913
 - 	582	-0.001226	0.001389	0.000844
 - 	583	-0.001349	0.001373	0.000755
 - 	584	-0.001559	0.001334	0.000641
 - 	585	-0.001857	0.001287	0.000512
 - 	586	-0.002229	0.001233	0.000371
 - 	587	-0.002641	0.001181	0.000225
 - 	588	-0.003063	0.001134	0.000079
 - 	589	-0.003503	0.001102	-0.000063
 - 	590	-0.003985	0.001106	-0.000202
 - 	591	-0.004526	0.001154	-0.000343
 - 	592	-0.005126	0.001267	-0.000483
 - 	593	-0.005775	0.001431	-0.000628
 - 	594	-0.006446	0.001641	-0.000777
 - 	595	-0.007123	0.001889	-0.000932
 - 	596	-0.007811	0.002164	-0.001094
 - 	597	-0.008503	0.002454	-0.001260
 - 	598	-0.009198	0.002731	-0.001427
 - 	599	-0.009867	0.002974	-0.001586
 - 	600	-0.010467	0.003155	-0.001727
 - 	601	-0.010932	0.003253	-0.001836
 - 	602	-0.011217	0.003258	-0.001903
 - 	603	-0.011292	0.003180	-0.001920
 - 	604	-0.011173	0.003028	-0.001888
 - 	605	-0.010883	0.002809	-0.001807
 - 	606	-0.010452	0.002522	-0.001684
 - 	607	-0.009900	0.002176	-0.001521
 - 	608	-0.009244	0.001776	-0.001322
 - 	609	-0.008495	0.001361	-0.001097
 - 	610	-0.007660	0.000965	-0.000864
 - 	611	-0.006766	0.000611	-0.000637
 - 	612	-0.005839	0.000324	-0.000427
 - 	613	-0.004904	0.000125	-0.000239
 - 	614	-0.003974	0.000036	-0.000072
 - 	615	-0.003066	0.000068	0.000072
 - 	616	-0.002201	0.000221	0.000190
 - 	617	-0.001406	0.000473	0.000276
 - 	618	-0.000693	0.000811	0.000331
 - 	619	-0.000058	0.001209	0.000356
 - 	620	0.000495	0.001647	0.000352
 - 	621	0.000956	0.002105	0.000316
 - 	622	0.001316	0.002575	0.000248
 - 	623	0.001576	0.003025	0.000149
 - 	624	-0.004016	0.003794	0.000795
 - 	625	-0.003353	0.003849	0.000723
 - 	626	-0.002938	0.004529	0.000772
 - 	627	-0.002736	0.005791	0.000947
 - 	628	-0.002800	0.006995	0.001167
 - 	629	0.001760	0.003826	-0.000373
 - 	630	0.001762	0.003394	-0.000315
 - 	631	0.001804	0.002802	-0.000208
 - 	632	0.001889	0.002110	-0.000067
 - 	633	0.002002	0.001375	0.000087
 - 	634	0.002100	0.000651	0.000232
 - 	635	0.002152	-0.000013	0.000350
 - 	636	0.002140	-0.000582	0.000428
 - 	637	0.002067	-0.001037	0.000466
 - 	638	0.001935	-0.001391	0.000466
 - 	639	0.001752	-0.001685	0.000433
 - 	640	0.001541	-0.001950	0.000369
 - 	641	0.001321	-0.002196	0.000277
 - 	642	0.001099	-0.002397	0.000161
 - 	643	0.000868	-0.002510	0.000033
 - 	644	0.000627	-0.002500	-0.000092
 - 	645	0.000382	-0.002370	-0.000203
 - 	646	0.000147	-0.002151	-0.000293
 - 	647	-0.000076	-0.001880	-0.000361
 - 	648	-0.000293	-0.001579	-0.000409
 - 	649	-0.000519	-0.001254	-0.000436
 - 	650	-0.000758	-0.000922	-0.000447
 - 	651	-0.000994	-0.000587	-0.000439
 - 	652	-0.001195	-0.000276	-0.000416
 - 	653	-0.001344	0.000005	-0.000379
 - 	654	-0.001447	0.000254	-0.000332
 - 	655	-0.001514	0.000460	-0.000277
 - 	656	-0.001552	0.000622	-0.000217
 - 	657	-0.001567	0.000738	-0.000157
 - 	658	-0.001554	0.000809	-0.000102
 - 	659	-0.001519	0.000835	-0.000055
 - 	660	-0.001469	0.000822	-0.000020
 - 	661	-0.001415	0.000773	0.000001
 - 	662	-0.001364	0.000706	0.000011
 - 	663	-0.001321	0.000630	0.000011
 - 	664	-0.001277	0.000545	0.000001
 - 	665	-0.001227	0.000456	-0.000015
 - 	666	-0.001176	0.000368	-0.000036
 - 	667	-0.001134	0.000283	-0.000062
 - 	668	-0.001106	0.000201	-0.000094
 - 	669	-0.001097	0.000122	-0.000133
 - 	670	-0.001104	0.000048	-0.000174
 - 	671	-0.001125	-0.000021	-0.000216
 - 	672	-0.001151	-0.000088	-0.000255
 - 	673	-0.001177	-0.000153	-0.000289
 - 	674	-0.001195	-0.000210	-0.000317
 - 	675	-0.001198	-0.000256	-0.000336
 - 	676	-0.001184	-0.000283	-0.000348
 - 	677	-0.001157	-0.000304	-0.000355
 - 	678	-0.001126	-0.000340	-0.000361
 - 	679	-0.001103	-0.000382	-0.000366
 - 	680	-0.001094	-0.000426	-0.000369
 - 	681	-0.001103	-0.000468	-0.000371
 - 	682	-0.001125	-0.000504	-0.000371
 - 	683	-0.001144	-0.000529	-0.000364
 - 	684	-0.001158	-0.000526	-0.000350
 - 	685	-0.001165	-0.000502	-0.000329
 - 	686	-0.001167	-0.000460	-0.000304
 - 	687	-0.001161	-0.000416	-0.000277
 - 	688	-0.001145	-0.000378	-0.000253
 - 	689	-0.001125	-0.000347	-0.000233
 - 	690	-0.001105	-0.000330	-0.000220
 - 	691	-0.001086	-0.000322	-0.000213
 - 	692	-0.001074	-0.000317	-0.000210
 - 	693	-0.001069	-0.000319	-0.000212
 - 	694	-0.001076	-0.000325	-0.000219
 - 	695	-0.001095	-0.000346	-0.000231
 - 	696	-0.001128	-0.000380	-0.000248
 - 	697	-0.001167	-0.000425	-0.000267
 - 	698	-0.001208	-0.000473	-0.000285
 - 	699	-0.001251	-0.000523	-0.000304
 - 	700	-0.001291	-0.000579	-0.000325
 - 	701	-0.001333	-0.000629	-0.000345
 - 	702	-0.001368	-0.000658	-0.000362
 - 	703	-0.001403	-0.000653	-0.000373
 - 	704	-0.001437	-0.000620	-0.000378
 - 	705	-0.001475	-0.000595	-0.000382
 - 	706	-0.001510	-0.000585	-0.000385
 - 	707	-0.001538	-0.000580	-0.000385
 - 	708	-0.001555	-0.000578	-0.000383
 - 	709	-0.001559	-0.000570	-0.000378
 - 	710	-0.001552	-0.000555	-0.000370
 - 	711	-0.001530	-0.000530	-0.000361
 - 	712	-0.001501	-0.000483	-0.000348
 - 	713	-0.001475	-0.000428	-0.000337
 - 	714	-0.001467	-0.000371	-0.000329
 - 	715	-0.001479	-0.000315	-0.000324
 - 	716	-0.001504	-0.000267	-0.000321
 - 	717	-0.001532	-0.000231	-0.000319
 - 	718	-0.001561	-0.000209	-0.000318
 - 	719	-0.001590	-0.000192	-0.000316
 - 	720	-0.001615	-0.000183	-0.000313
 - 	721	-0.001644	-0.000189	-0.000313
 - 	722	-0.001674	-0.000200	-0.000313
 - 	723	-0.001707	-0.000217	-0.000317
 - 	724	-0.001740	-0.000235	-0.000322
 - 	725	-0.001772	-0.000250	-0.000327
 - 	726	-0.001801	-0.000253	-0.000329
 - 	727	-0.001826	-0.000244	-0.000328
 - 	728	-0.001847	-0.000233	-0.000325
 - 	729	-0.001864	-0.000220	-0.000323
 - 	730	-0.001879	-0.000213	-0.000324
 - 	731	-0.001888	-0.000212	-0.000326
 - 	732	-0.001883	-0.000210	-0.000327
 - 	733	-0.001867	-0.000213	-0.000327
 - 	734	-0.001835	-0.000219	-0.000327
 - 	735	-0.001785	-0.000227	-0.000324
 - 	736	-0.001728	-0.000230	-0.000322
 - 	737	-0.001670	-0.000230	-0.000318
 - 	738	-0.001629	-0.000227	-0.000317
 - 	739	-0.001612	-0.000226	-0.000317
 - 	740	-0.001627	-0.000230	-0.000322
 - 	741	-0.001669	-0.000230	-0.000331
 - 	742	-0.001723	-0.000223	-0.000342
 - 	743	-0.001774	-0.000209	-0.000351
 - 	744	-0.001820	-0.000194	-0.000360
 - 	745	-0.001866	-0.000175	-0.000367
 - 	746	-0.001912	-0.000152	-0.000374
 - 	747	-0.001956	-0.000125	-0.000380
 - 	748	-0.001984	-0.000090	-0.000381
 - 	749	-0.002006	-0.000050	-0.000377
 - 	750	-0.002019	-0.000002	-0.000366
 - 	751	-0.002035	0.000046	-0.000354
 - 	752	-0.002062	0.000090	-0.000343
 - 	753	-0.002105	0.000119	-0.000339
 - 	754	-0.002164	0.000128	-0.000344
 - 	755	-0.002229	0.000131	-0.000350
 - 	756	-0.002299	0.000140	-0.000357
 - 	757	-0.002363	0.000165	-0.000359
 - 	758	-0.002437	0.000201	-0.000363
 - 	759	-0.002525	0.000253	-0.000363
 - 	760	-0.002634	0.000319	-0.000361
 - 	761	-0.002763	0.000401	-0.000357
 - 	762	-0.002910	0.000492	-0.000353
 - 	763	-0.003075	0.000591	-0.000347
 - 	764	-0.003235	0.000685	-0.000339
 - 	765	-0.003371	0.000750	-0.000331
 - 	766	-0.003434	0.000769	-0.000319
 - 	767	-0.003376	0.000728	-0.000302
 - 	768			
 - 	769			
 - 	770			
 - 	771			
 - 	772			
 - 	773			
 - 	774			
 - 	775			
 - 	776			
 - 	777			
 - 	778			
 - 	779			
 - 	780			
 - 	781			
 - 	782			
 - 	783			
 - 	784			
 - 	785			
 - 	786			
 - 	787			
 - 	788			
 - 	789			
 - 	790			
 - 	791			
 - 	792			
 - 	793			
 - 	794			
 - 	795			
 - 	796			
 - 	797			
 - 	798			
 - 	799			
 - 	800			
 - 	801			
 - 	802			
 - 	803			
 - 	804			
 - 	805			
 - 	806			
 - 	807			
 - 	808			
 - 	809			
 - 	810			
 - 	811			
 - 	812			
 - 	813			
 - 	814			
 - 	815			
 - 	816			
 - 	817			
 - 	818			
 - 	819			
 - 	820			
 - 	821			
 - 	822			
 - 	823			
 - 	824			
 - 	825			
 - 	826			
 - 	827			
 - 	828			
 - 	829			
 - 	830			
 - 	831			
 - 	832			
 - 	833			
 - 	834			
 - 	835			
 - 	836			
 - 	837			
 - 	838			
 - 	839			
 - 	840			
 - 	841			
 - 	842			
 - 	843			
 - 	844			
 - 	845			
 - 	846			
 - 	847			
 - 	848			
 - 	849			
 - 	850			
 - 	851			
 - 	852			
 - 	853			
 - 	854			
 - 	855			
 - 	856			
 - 	857			
 - 	858			
 - 	859			
 - 	860			
 - 	861			
 - 	862			
 - 	863			
 - 	864			
 - 	865			
 - 	866			
 - 	867			
 - 	868			
 - 	869			
 - 	870			
 - 	871			
 - 	872			
 - 	873			
 - 	874			
 - 	875			
 - 	876			
 - 	877			
 - 	878			
 - 	879			
 - 	880			
 - 	881			
 - 	882			
 - 	883			
 - 	884			
 - 	885			
 - 	886			
 - 	887			
 - 	888			
 - 	889			
 - 	890			
 - 	891			
 - 	892			
 - 	893			
 - 	894			
 - 	895			
 - 	896			
 - 	897			
 - 	898			
 - 	899			
 - 	900			
 - 	901			
 - 	902			
 - 	903			
 - 	904			
 - 	905			
 - 	906			
 - 	907			
 - 	908			
 - 	909			
 - 	910			
 - 	911			
 - 	912			
 - 	913			
 - 	914			
 - 	915			
 - 	916			
 - 	917			
 - 	918			
 - 	919			
 - 	920			
 - 	921			
 - 	922			
 - 	923			
 - 	924			
 - 	925			
 - 	926			
 - 	927			
 - 	928			
 - 	929			
 - 	930			
 - 	931			
 - 	932			
 - 	933			
 - 	934			
 - 	935			
 - 	936			
 - 	937			
 - 	938			
 - 	939			
 - 	940			
 - 	941			
 - 	942			
 - 	943			
 - 	944			
 - 	945			
 - 	946			
 - 	947			
 - 	948			
 - 	949			
 - 	950			
 - 	951			
 - 	952			
 - 	953			
 - 	954			
 - 	955			
 - 	956			
 - 	957			
 - 	958			
 - 	959			
 - 	960			
 - 	961			
 - 	962			
 - 	963			
 - 	964			
 - 	965			
 - 	966			
 - 	967			
 - 	968			
 - 	969			
 - 	970			
 - 	971			
 - 	972			
 - 	973			
 - 	974			
 - 	975			
 - 	976			
