LKNE_MOMENT
File	Frame	X 	Y 	Z 
Trial_12.filtered_40_L2.c3d	1			
 - 	2			
 - 	3	-0.002684	-0.000193	0.000162
 - 	4	-0.002664	-0.000218	0.000168
 - 	5	-0.002638	-0.000236	0.000172
 - 	6	-0.002624	-0.000237	0.000171
 - 	7	-0.002611	-0.000234	0.000169
 - 	8	-0.002609	-0.000234	0.000169
 - 	9	-0.002597	-0.000244	0.000170
 - 	10	-0.002600	-0.000259	0.000174
 - 	11	-0.002595	-0.000274	0.000176
 - 	12	-0.002616	-0.000289	0.000177
 - 	13	-0.002635	-0.000301	0.000177
 - 	14	-0.002637	-0.000312	0.000178
 - 	15	-0.002649	-0.000317	0.000179
 - 	16	-0.002648	-0.000320	0.000178
 - 	17	-0.002652	-0.000322	0.000176
 - 	18	-0.002640	-0.000318	0.000172
 - 	19	-0.002634	-0.000308	0.000168
 - 	20	-0.002615	-0.000290	0.000164
 - 	21	-0.002587	-0.000269	0.000161
 - 	22	-0.002552	-0.000249	0.000160
 - 	23	-0.002545	-0.000229	0.000161
 - 	24	-0.002530	-0.000214	0.000162
 - 	25	-0.002540	-0.000198	0.000161
 - 	26	-0.002549	-0.000180	0.000159
 - 	27	-0.002542	-0.000166	0.000158
 - 	28	-0.002557	-0.000149	0.000156
 - 	29	-0.002564	-0.000140	0.000154
 - 	30	-0.002589	-0.000133	0.000150
 - 	31	-0.002602	-0.000135	0.000147
 - 	32	-0.002615	-0.000137	0.000144
 - 	33	-0.002610	-0.000142	0.000143
 - 	34	-0.002587	-0.000151	0.000143
 - 	35	-0.002560	-0.000164	0.000146
 - 	36	-0.002518	-0.000188	0.000150
 - 	37	-0.002471	-0.000216	0.000152
 - 	38	-0.002455	-0.000236	0.000151
 - 	39	-0.002441	-0.000250	0.000148
 - 	40	-0.002424	-0.000258	0.000146
 - 	41	-0.002395	-0.000266	0.000146
 - 	42	-0.002382	-0.000270	0.000149
 - 	43	-0.002353	-0.000272	0.000152
 - 	44	-0.002327	-0.000273	0.000155
 - 	45	-0.002326	-0.000267	0.000158
 - 	46	-0.002333	-0.000257	0.000161
 - 	47	-0.002343	-0.000243	0.000162
 - 	48	-0.002372	-0.000235	0.000166
 - 	49	-0.002381	-0.000232	0.000169
 - 	50	-0.002412	-0.000230	0.000172
 - 	51	-0.002430	-0.000223	0.000172
 - 	52	-0.002463	-0.000216	0.000173
 - 	53	-0.002489	-0.000204	0.000172
 - 	54	-0.002523	-0.000195	0.000172
 - 	55	-0.002547	-0.000195	0.000174
 - 	56	-0.002570	-0.000195	0.000175
 - 	57	-0.002568	-0.000203	0.000176
 - 	58	-0.002565	-0.000202	0.000176
 - 	59	-0.002550	-0.000203	0.000176
 - 	60	-0.002548	-0.000199	0.000175
 - 	61	-0.002529	-0.000197	0.000174
 - 	62	-0.002532	-0.000193	0.000171
 - 	63	-0.002532	-0.000191	0.000169
 - 	64	-0.002537	-0.000185	0.000166
 - 	65	-0.002550	-0.000181	0.000163
 - 	66	-0.002564	-0.000180	0.000160
 - 	67	-0.002576	-0.000179	0.000158
 - 	68	-0.002594	-0.000180	0.000156
 - 	69	-0.002594	-0.000183	0.000156
 - 	70	-0.002574	-0.000189	0.000156
 - 	71	-0.002555	-0.000197	0.000158
 - 	72	-0.002515	-0.000209	0.000159
 - 	73	-0.002473	-0.000225	0.000162
 - 	74	-0.002437	-0.000235	0.000163
 - 	75	-0.002422	-0.000236	0.000163
 - 	76	-0.002414	-0.000230	0.000162
 - 	77	-0.002414	-0.000219	0.000161
 - 	78	-0.002418	-0.000207	0.000161
 - 	79	-0.002412	-0.000200	0.000161
 - 	80	-0.002429	-0.000194	0.000162
 - 	81	-0.002417	-0.000192	0.000160
 - 	82	-0.002424	-0.000189	0.000159
 - 	83	-0.002430	-0.000191	0.000157
 - 	84	-0.002438	-0.000201	0.000157
 - 	85	-0.002438	-0.000214	0.000158
 - 	86	-0.002436	-0.000227	0.000159
 - 	87	-0.002444	-0.000236	0.000162
 - 	88	-0.002436	-0.000245	0.000165
 - 	89	-0.002434	-0.000252	0.000167
 - 	90	-0.002432	-0.000252	0.000168
 - 	91	-0.002434	-0.000246	0.000166
 - 	92	-0.002443	-0.000236	0.000163
 - 	93	-0.002444	-0.000229	0.000160
 - 	94	-0.002448	-0.000228	0.000159
 - 	95	-0.002454	-0.000233	0.000160
 - 	96	-0.002448	-0.000238	0.000161
 - 	97	-0.002452	-0.000237	0.000163
 - 	98	-0.002459	-0.000230	0.000164
 - 	99	-0.002473	-0.000221	0.000165
 - 	100	-0.002483	-0.000221	0.000167
 - 	101	-0.002493	-0.000223	0.000169
 - 	102	-0.002510	-0.000227	0.000170
 - 	103	-0.002510	-0.000228	0.000171
 - 	104	-0.002525	-0.000227	0.000171
 - 	105	-0.002535	-0.000226	0.000170
 - 	106	-0.002538	-0.000231	0.000171
 - 	107	-0.002534	-0.000241	0.000173
 - 	108	-0.002522	-0.000246	0.000174
 - 	109	-0.002491	-0.000252	0.000174
 - 	110	-0.002441	-0.000289	0.000188
 - 	111	-0.002463	-0.000229	0.000173
 - 	112	-0.002483	-0.000176	0.000156
 - 	113	-0.002444	-0.000207	0.000166
 - 	114	-0.002447	-0.000194	0.000162
 - 	115	-0.002449	-0.000182	0.000159
 - 	116	-0.002457	-0.000172	0.000157
 - 	117	-0.002451	-0.000165	0.000154
 - 	118	-0.002455	-0.000160	0.000153
 - 	119	-0.002457	-0.000156	0.000153
 - 	120	-0.002467	-0.000153	0.000154
 - 	121	-0.002470	-0.000147	0.000152
 - 	122	-0.002479	-0.000142	0.000152
 - 	123	-0.002488	-0.000141	0.000152
 - 	124	-0.002498	-0.000141	0.000154
 - 	125	-0.002507	-0.000143	0.000158
 - 	126	-0.002504	-0.000147	0.000162
 - 	127	-0.002509	-0.000150	0.000166
 - 	128	-0.002515	-0.000159	0.000172
 - 	129	-0.002514	-0.000170	0.000176
 - 	130	-0.002515	-0.000182	0.000179
 - 	131	-0.002535	-0.000187	0.000179
 - 	132	-0.002532	-0.000194	0.000174
 - 	133	-0.002543	-0.000195	0.000167
 - 	134	-0.002547	-0.000197	0.000160
 - 	135	-0.002570	-0.000197	0.000155
 - 	136	-0.002560	-0.000197	0.000152
 - 	137	-0.002561	-0.000194	0.000152
 - 	138	-0.002549	-0.000190	0.000153
 - 	139	-0.002529	-0.000185	0.000155
 - 	140	-0.002530	-0.000184	0.000159
 - 	141	-0.002521	-0.000184	0.000161
 - 	142	-0.002517	-0.000184	0.000164
 - 	143	-0.002515	-0.000180	0.000164
 - 	144	-0.002507	-0.000178	0.000163
 - 	145	-0.002503	-0.000171	0.000163
 - 	146	-0.002507	-0.000164	0.000162
 - 	147	-0.002484	-0.000190	0.000164
 - 	148	-0.002496	-0.000174	0.000162
 - 	149	-0.002514	-0.000166	0.000161
 - 	150	-0.002496	-0.000210	0.000166
 - 	151	-0.002492	-0.000219	0.000163
 - 	152	-0.002488	-0.000223	0.000165
 - 	153	-0.002495	-0.000225	0.000170
 - 	154	-0.002488	-0.000225	0.000172
 - 	155	-0.002512	-0.000216	0.000174
 - 	156	-0.002528	-0.000200	0.000173
 - 	157	-0.002540	-0.000183	0.000171
 - 	158	-0.002548	-0.000167	0.000169
 - 	159	-0.002557	-0.000154	0.000168
 - 	160	-0.002550	-0.000149	0.000168
 - 	161	-0.002533	-0.000145	0.000167
 - 	162	-0.002525	-0.000144	0.000167
 - 	163	-0.002511	-0.000144	0.000167
 - 	164	-0.002503	-0.000142	0.000166
 - 	165	-0.002493	-0.000141	0.000164
 - 	166	-0.002497	-0.000139	0.000161
 - 	167	-0.002501	-0.000135	0.000159
 - 	168	-0.002506	-0.000129	0.000156
 - 	169	-0.002513	-0.000123	0.000153
 - 	170	-0.002529	-0.000112	0.000150
 - 	171	-0.002545	-0.000102	0.000147
 - 	172	-0.002556	-0.000095	0.000146
 - 	173	-0.002571	-0.000085	0.000144
 - 	174	-0.002576	-0.000080	0.000143
 - 	175	-0.002571	-0.000076	0.000141
 - 	176	-0.002566	-0.000072	0.000141
 - 	177	-0.002547	-0.000067	0.000140
 - 	178	-0.002528	-0.000063	0.000141
 - 	179	-0.002504	-0.000064	0.000143
 - 	180	-0.002480	-0.000066	0.000146
 - 	181	-0.002461	-0.000075	0.000151
 - 	182	-0.002449	-0.000087	0.000157
 - 	183	-0.002433	-0.000103	0.000164
 - 	184	-0.002421	-0.000124	0.000170
 - 	185	-0.002428	-0.000146	0.000176
 - 	186	-0.002446	-0.000166	0.000180
 - 	187	-0.002483	-0.000187	0.000181
 - 	188	-0.002546	-0.000210	0.000182
 - 	189	-0.002620	-0.000231	0.000183
 - 	190	-0.002672	-0.000253	0.000186
 - 	191	-0.002712	-0.000274	0.000191
 - 	192	-0.002741	-0.000295	0.000198
 - 	193	-0.002761	-0.000312	0.000204
 - 	194	-0.002768	-0.000322	0.000209
 - 	195	-0.002764	-0.000322	0.000212
 - 	196	-0.002747	-0.000315	0.000213
 - 	197	-0.002731	-0.000307	0.000213
 - 	198	-0.002711	-0.000307	0.000214
 - 	199	-0.002688	-0.000309	0.000216
 - 	200	-0.002647	-0.000312	0.000219
 - 	201	-0.002579	-0.000315	0.000223
 - 	202	-0.002527	-0.000315	0.000228
 - 	203	-0.002470	-0.000317	0.000233
 - 	204	-0.002419	-0.000316	0.000236
 - 	205	-0.002406	-0.000309	0.000238
 - 	206	-0.002403	-0.000295	0.000237
 - 	207	-0.002421	-0.000272	0.000235
 - 	208	-0.002456	-0.000238	0.000229
 - 	209	-0.002480	-0.000201	0.000221
 - 	210	-0.002522	-0.000171	0.000216
 - 	211	-0.002535	-0.000158	0.000215
 - 	212	-0.002564	-0.000150	0.000217
 - 	213	-0.002566	-0.000151	0.000218
 - 	214	-0.002582	-0.000151	0.000218
 - 	215	-0.002579	-0.000160	0.000217
 - 	216	-0.002575	-0.000172	0.000215
 - 	217	-0.002580	-0.000192	0.000216
 - 	218	-0.002587	-0.000212	0.000218
 - 	219	-0.002596	-0.000230	0.000219
 - 	220	-0.002608	-0.000251	0.000221
 - 	221	-0.002606	-0.000266	0.000222
 - 	222	-0.002610	-0.000277	0.000226
 - 	223	-0.002604	-0.000282	0.000229
 - 	224	-0.002593	-0.000288	0.000234
 - 	225	-0.002586	-0.000295	0.000241
 - 	226	-0.002550	-0.000296	0.000246
 - 	227	-0.002527	-0.000292	0.000248
 - 	228	-0.002483	-0.000288	0.000249
 - 	229	-0.002460	-0.000284	0.000248
 - 	230	-0.002423	-0.000279	0.000243
 - 	231	-0.002403	-0.000267	0.000235
 - 	232	-0.002377	-0.000249	0.000224
 - 	233	-0.002358	-0.000231	0.000212
 - 	234	-0.002348	-0.000213	0.000202
 - 	235	-0.002345	-0.000192	0.000193
 - 	236	-0.002351	-0.000171	0.000185
 - 	237	-0.002355	-0.000149	0.000181
 - 	238	-0.002368	-0.000123	0.000182
 - 	239	-0.002382	-0.000099	0.000187
 - 	240	-0.002390	-0.000073	0.000195
 - 	241	-0.002393	-0.000054	0.000205
 - 	242	-0.002392	-0.000038	0.000216
 - 	243	-0.002367	-0.000030	0.000225
 - 	244	-0.002347	-0.000024	0.000234
 - 	245	-0.002298	-0.000028	0.000241
 - 	246	-0.002252	-0.000037	0.000246
 - 	247	-0.002195	-0.000049	0.000245
 - 	248	-0.002144	-0.000051	0.000238
 - 	249	-0.002090	-0.000039	0.000222
 - 	250	-0.002044	-0.000004	0.000200
 - 	251	-0.001971	0.000054	0.000169
 - 	252	-0.001911	0.000141	0.000130
 - 	253	-0.001847	0.000244	0.000086
 - 	254	-0.001809	0.000360	0.000037
 - 	255	-0.001783	0.000471	-0.000015
 - 	256	-0.001789	0.000576	-0.000069
 - 	257	-0.001809	0.000661	-0.000118
 - 	258	-0.001847	0.000731	-0.000162
 - 	259	-0.001885	0.000779	-0.000197
 - 	260	-0.001904	0.000800	-0.000221
 - 	261	-0.001910	0.000807	-0.000236
 - 	262	-0.001897	0.000797	-0.000242
 - 	263	-0.001852	0.000774	-0.000240
 - 	264	-0.001798	0.000739	-0.000226
 - 	265	-0.001735	0.000694	-0.000203
 - 	266	-0.001648	0.000643	-0.000173
 - 	267	-0.001545	0.000583	-0.000137
 - 	268	-0.001423	0.000509	-0.000094
 - 	269	-0.001304	0.000426	-0.000046
 - 	270	-0.001217	0.000338	0.000008
 - 	271	-0.001129	0.000250	0.000065
 - 	272	-0.001079	0.000161	0.000126
 - 	273	-0.001060	0.000068	0.000190
 - 	274	-0.001090	-0.000035	0.000257
 - 	275	-0.001187	-0.000144	0.000324
 - 	276	-0.001355	-0.000254	0.000390
 - 	277	-0.001606	-0.000351	0.000453
 - 	278	-0.001932	-0.000419	0.000504
 - 	279	-0.002309	-0.000459	0.000541
 - 	280	-0.002728	-0.000486	0.000568
 - 	281	-0.003131	-0.000518	0.000594
 - 	282	-0.003508	-0.000554	0.000622
 - 	283	-0.003836	-0.000592	0.000653
 - 	284	-0.004101	-0.000628	0.000689
 - 	285	-0.004261	-0.000652	0.000724
 - 	286	-0.004345	-0.000642	0.000744
 - 	287	-0.004354	-0.000591	0.000735
 - 	288	-0.004287	-0.000498	0.000689
 - 	289	-0.004117	-0.000372	0.000604
 - 	290	-0.003811	-0.000219	0.000478
 - 	291	-0.003387	-0.000046	0.000318
 - 	292	-0.002840	0.000125	0.000140
 - 	293	-0.002179	0.000266	-0.000032
 - 	294	-0.001454	0.000360	-0.000180
 - 	295	-0.000659	0.000398	-0.000299
 - 	296	0.000164	0.000371	-0.000378
 - 	297	0.001014	0.000277	-0.000416
 - 	298	0.001852	0.000132	-0.000418
 - 	299	0.002602	-0.000033	-0.000397
 - 	300	0.003238	-0.000188	-0.000376
 - 	301	0.003714	-0.000310	-0.000373
 - 	302	0.004047	-0.000392	-0.000393
 - 	303	0.004245	-0.000443	-0.000428
 - 	304	0.004330	-0.000477	-0.000464
 - 	305	0.004335	-0.000502	-0.000496
 - 	306	0.004267	-0.000511	-0.000526
 - 	307	0.004126	-0.000491	-0.000561
 - 	308	0.003933	-0.000441	-0.000597
 - 	309	0.003676	-0.000362	-0.000632
 - 	310	0.003396	-0.000265	-0.000665
 - 	311	0.003079	-0.000151	-0.000698
 - 	312	0.002734	-0.000022	-0.000738
 - 	313	0.002374	0.000113	-0.000784
 - 	314	0.001978	0.000250	-0.000835
 - 	315	0.001573	0.000376	-0.000887
 - 	316	0.001182	0.000483	-0.000928
 - 	317	0.000793	0.000577	-0.000960
 - 	318	0.000409	0.000660	-0.000984
 - 	319	0.000070	0.000729	-0.001000
 - 	320	-0.000250	0.000779	-0.001002
 - 	321	-0.006475	0.000955	-0.001104
 - 	322	0.057823	-0.003279	-0.000569
 - 	323	-0.058412	0.004331	-0.002509
 - 	324	0.004513	0.000749	-0.000924
 - 	325	-0.001604	0.000837	-0.001098
 - 	326	-0.001846	0.000871	-0.001112
 - 	327	-0.002061	0.000907	-0.001123
 - 	328	-0.002251	0.000938	-0.001120
 - 	329	-0.002411	0.000961	-0.001103
 - 	330	-0.002539	0.000974	-0.001074
 - 	331	-0.002637	0.000975	-0.001033
 - 	332	-0.002689	0.000962	-0.000977
 - 	333	-0.002727	0.000924	-0.000899
 - 	334	-0.002736	0.000860	-0.000803
 - 	335	-0.002726	0.000770	-0.000690
 - 	336	-0.002722	0.000663	-0.000570
 - 	337	-0.002730	0.000540	-0.000446
 - 	338	-0.002791	0.000401	-0.000317
 - 	339	-0.002857	0.000245	-0.000185
 - 	340	-0.002997	0.000076	-0.000047
 - 	341	-0.003177	-0.000096	0.000090
 - 	342	-0.003432	-0.000262	0.000224
 - 	343	-0.003769	-0.000417	0.000349
 - 	344	-0.004157	-0.000554	0.000458
 - 	345	-0.004659	-0.000667	0.000554
 - 	346	-0.005225	-0.000757	0.000633
 - 	347	-0.005880	-0.000805	0.000690
 - 	348	-0.006598	-0.000802	0.000723
 - 	349	-0.007363	-0.000748	0.000740
 - 	350	-0.008169	-0.000656	0.000748
 - 	351	-0.008991	-0.000543	0.000755
 - 	352	-0.009826	-0.000423	0.000768
 - 	353	-0.010611	-0.000313	0.000789
 - 	354	-0.011323	-0.000233	0.000819
 - 	355	-0.011895	-0.000196	0.000856
 - 	356	-0.012306	-0.000210	0.000898
 - 	357	-0.012476	-0.000273	0.000936
 - 	358	-0.012357	-0.000361	0.000960
 - 	359	-0.011895	-0.000456	0.000958
 - 	360	-0.011074	-0.000531	0.000923
 - 	361	-0.009886	-0.000555	0.000850
 - 	362	-0.008388	-0.000497	0.000738
 - 	363	-0.006634	-0.000335	0.000588
 - 	364	-0.004711	-0.000056	0.000402
 - 	365	-0.002762	0.000334	0.000194
 - 	366	-0.000960	0.000805	-0.000018
 - 	367	0.000524	0.001310	-0.000213
 - 	368	-0.006305	-0.001805	0.001632
 - 	369	-0.008227	-0.002287	0.001866
 - 	370	-0.008223	-0.002449	0.001992
 - 	371	-0.006197	-0.002563	0.002153
 - 	372	-0.003193	-0.002791	0.002336
 - 	373	-0.000262	-0.003147	0.002471
 - 	374	0.001785	-0.003473	0.002584
 - 	375	0.002847	-0.003699	0.002656
 - 	376	0.003493	-0.003711	0.002629
 - 	377	0.004479	-0.003442	0.002534
 - 	378	0.006162	-0.002872	0.002444
 - 	379	0.008109	-0.001934	0.002259
 - 	380	0.009659	-0.000706	0.001976
 - 	381	0.010562	0.000799	0.001582
 - 	382	0.011286	0.002497	0.001050
 - 	383	0.012314	0.004141	0.000430
 - 	384	0.013741	0.005531	-0.000172
 - 	385	0.015076	0.006637	-0.000662
 - 	386	0.016197	0.007817	-0.001137
 - 	387	0.017412	0.009470	-0.001780
 - 	388	0.018947	0.011519	-0.002561
 - 	389	0.020967	0.013805	-0.003478
 - 	390	0.023116	0.015977	-0.004446
 - 	391	0.025059	0.017805	-0.005362
 - 	392	0.026845	0.019302	-0.006251
 - 	393	0.028363	0.020627	-0.007116
 - 	394	0.029668	0.021750	-0.007840
 - 	395	0.031141	0.022823	-0.008428
 - 	396	0.032492	0.023827	-0.008949
 - 	397	0.033654	0.024612	-0.009384
 - 	398	0.034755	0.025005	-0.009646
 - 	399	0.035835	0.025143	-0.009715
 - 	400	0.036901	0.025180	-0.009682
 - 	401	0.037873	0.025082	-0.009559
 - 	402	0.038625	0.025000	-0.009412
 - 	403	0.039287	0.024957	-0.009288
 - 	404	0.039984	0.025019	-0.009231
 - 	405	0.040442	0.025275	-0.009213
 - 	406	0.040587	0.025749	-0.009228
 - 	407	0.040551	0.026418	-0.009297
 - 	408	0.040450	0.027320	-0.009438
 - 	409	0.040269	0.028239	-0.009590
 - 	410	0.039905	0.029206	-0.009765
 - 	411	0.039424	0.030208	-0.009957
 - 	412	0.039006	0.031287	-0.010189
 - 	413	0.038653	0.032537	-0.010470
 - 	414	0.038358	0.033646	-0.010674
 - 	415	0.038218	0.034422	-0.010769
 - 	416	0.038201	0.035052	-0.010857
 - 	417	0.038208	0.035714	-0.010932
 - 	418	0.038152	0.036360	-0.010953
 - 	419	0.038248	0.036874	-0.010934
 - 	420	0.038390	0.037476	-0.010890
 - 	421	0.038422	0.038079	-0.010802
 - 	422	0.038347	0.038450	-0.010681
 - 	423	0.038168	0.038726	-0.010539
 - 	424	0.037940	0.038990	-0.010330
 - 	425	0.037775	0.039078	-0.010047
 - 	426	0.037604	0.039011	-0.009738
 - 	427	0.037369	0.039044	-0.009458
 - 	428	0.037141	0.039115	-0.009154
 - 	429	0.036961	0.039018	-0.008803
 - 	430	0.036763	0.038874	-0.008451
 - 	431	0.036473	0.038744	-0.008114
 - 	432	0.036178	0.038570	-0.007738
 - 	433	0.035913	0.038369	-0.007368
 - 	434	0.035616	0.038013	-0.007059
 - 	435	0.035154	0.037754	-0.006812
 - 	436	0.034624	0.037576	-0.006579
 - 	437	0.034184	0.037348	-0.006384
 - 	438	0.033756	0.037216	-0.006223
 - 	439	0.033424	0.037146	-0.006097
 - 	440	0.033293	0.036973	-0.005995
 - 	441	0.033323	0.036770	-0.005913
 - 	442	0.033256	0.036579	-0.005804
 - 	443	0.032989	0.036303	-0.005643
 - 	444	0.032706	0.036035	-0.005510
 - 	445	0.032452	0.035849	-0.005414
 - 	446	0.032168	0.035699	-0.005274
 - 	447	0.031910	0.035582	-0.005124
 - 	448	0.031740	0.035446	-0.004979
 - 	449	0.031580	0.035293	-0.004822
 - 	450	0.031296	0.035255	-0.004648
 - 	451	0.030971	0.035150	-0.004471
 - 	452	0.030772	0.035007	-0.004314
 - 	453	0.030580	0.034941	-0.004158
 - 	454	0.030318	0.034940	-0.003977
 - 	455	0.030069	0.034845	-0.003765
 - 	456	0.029750	0.034700	-0.003560
 - 	457	0.029399	0.034571	-0.003381
 - 	458	0.029012	0.034465	-0.003162
 - 	459	0.028665	0.034346	-0.002948
 - 	460	0.028362	0.034337	-0.002770
 - 	461	0.028192	0.034282	-0.002613
 - 	462	0.028118	0.034083	-0.002474
 - 	463	0.027942	0.033985	-0.002326
 - 	464	0.027700	0.034024	-0.002159
 - 	465	0.027567	0.033881	-0.001980
 - 	466	0.027636	0.033622	-0.001800
 - 	467	0.027823	0.033466	-0.001639
 - 	468	0.028061	0.033421	-0.001506
 - 	469	0.028237	0.033317	-0.001361
 - 	470	0.028383	0.033130	-0.001196
 - 	471	0.028525	0.033085	-0.001072
 - 	472	0.028746	0.033069	-0.000992
 - 	473	0.029108	0.032951	-0.000920
 - 	474	0.029452	0.032840	-0.000826
 - 	475	0.029728	0.032712	-0.000694
 - 	476	0.029951	0.032567	-0.000571
 - 	477	0.030144	0.032561	-0.000473
 - 	478	0.030252	0.032625	-0.000378
 - 	479	0.030232	0.032574	-0.000278
 - 	480	0.030256	0.032545	-0.000216
 - 	481	0.030341	0.032652	-0.000184
 - 	482	0.030249	0.032783	-0.000144
 - 	483	0.030217	0.032950	-0.000151
 - 	484	0.030307	0.033038	-0.000150
 - 	485	0.030483	0.033101	-0.000165
 - 	486	0.030671	0.033157	-0.000155
 - 	487	0.030799	0.033258	-0.000097
 - 	488	0.030929	0.033293	-0.000024
 - 	489	0.030965	0.033212	0.000068
 - 	490	0.030959	0.033028	0.000184
 - 	491	0.030975	0.032690	0.000309
 - 	492	0.031107	0.032231	0.000430
 - 	493	0.031234	0.031750	0.000551
 - 	494	0.031457	0.031378	0.000612
 - 	495	0.031614	0.030991	0.000685
 - 	496	0.031555	0.030563	0.000744
 - 	497	0.031587	0.030191	0.000768
 - 	498	0.031660	0.029720	0.000804
 - 	499	0.031547	0.029200	0.000857
 - 	500	0.031385	0.028629	0.000934
 - 	501	0.031230	0.028003	0.000996
 - 	502	0.031049	0.027440	0.000986
 - 	503	0.030998	0.026764	0.000923
 - 	504	0.030976	0.026034	0.000879
 - 	505	0.030955	0.025261	0.000842
 - 	506	0.030769	0.024335	0.000812
 - 	507	0.030511	0.023500	0.000719
 - 	508	0.030172	0.022702	0.000609
 - 	509	0.029604	0.021829	0.000523
 - 	510	0.028739	0.020828	0.000461
 - 	511	0.027632	0.019841	0.000423
 - 	512	0.026432	0.018708	0.000336
 - 	513	0.025084	0.017422	0.000294
 - 	514	0.023722	0.015990	0.000276
 - 	515	0.022282	0.014398	0.000236
 - 	516	0.020762	0.012770	0.000253
 - 	517	0.019305	0.011111	0.000294
 - 	518	0.017862	0.009509	0.000382
 - 	519	0.016320	0.008110	0.000518
 - 	520	0.014748	0.006764	0.000672
 - 	521	0.013204	0.005562	0.000814
 - 	522	0.011655	0.004563	0.000929
 - 	523	0.010112	0.003625	0.001033
 - 	524	0.008700	0.002777	0.001175
 - 	525	0.007579	0.002097	0.001352
 - 	526	0.006860	0.001663	0.001439
 - 	527	0.005956	0.001380	0.001490
 - 	528	0.004673	0.001135	0.001596
 - 	529	0.003315	0.000910	0.001679
 - 	530	0.002243	0.000827	0.001727
 - 	531	0.001625	0.000875	0.001730
 - 	532	-0.004133	-0.000256	0.001152
 - 	533	-0.003853	-0.000175	0.001144
 - 	534	-0.003422	-0.000102	0.001096
 - 	535	-0.002814	-0.000055	0.001009
 - 	536	-0.002090	-0.000037	0.000890
 - 	537	-0.001331	-0.000039	0.000753
 - 	538	-0.000594	-0.000066	0.000614
 - 	539	0.000095	-0.000114	0.000477
 - 	540	0.000735	-0.000188	0.000350
 - 	541	0.001307	-0.000289	0.000238
 - 	542	0.001811	-0.000411	0.000145
 - 	543	0.002234	-0.000538	0.000066
 - 	544	0.002543	-0.000639	-0.000013
 - 	545	0.002729	-0.000702	-0.000094
 - 	546	0.002789	-0.000718	-0.000182
 - 	547	0.002707	-0.000679	-0.000289
 - 	548	0.002512	-0.000588	-0.000422
 - 	549	0.002260	-0.000470	-0.000574
 - 	550	0.002031	-0.000352	-0.000735
 - 	551	0.001808	-0.000234	-0.000900
 - 	552	0.001592	-0.000110	-0.001059
 - 	553	0.001386	0.000019	-0.001203
 - 	554	0.001170	0.000148	-0.001322
 - 	555	0.000929	0.000274	-0.001412
 - 	556	0.000669	0.000390	-0.001466
 - 	557	0.000421	0.000490	-0.001498
 - 	558	0.000189	0.000578	-0.001527
 - 	559	-0.000041	0.000658	-0.001553
 - 	560	-0.000272	0.000732	-0.001580
 - 	561	-0.000528	0.000803	-0.001616
 - 	562	-0.000823	0.000881	-0.001669
 - 	563	-0.001131	0.000964	-0.001731
 - 	564	-0.001420	0.001048	-0.001793
 - 	565	-0.001666	0.001128	-0.001843
 - 	566	-0.001883	0.001211	-0.001879
 - 	567	-0.002112	0.001310	-0.001899
 - 	568	-0.002384	0.001425	-0.001899
 - 	569	-0.002701	0.001544	-0.001876
 - 	570	-0.003009	0.001646	-0.001838
 - 	571	-0.003240	0.001703	-0.001790
 - 	572	-0.003382	0.001709	-0.001736
 - 	573	-0.003438	0.001668	-0.001675
 - 	574	-0.003450	0.001593	-0.001602
 - 	575	-0.003473	0.001508	-0.001522
 - 	576	-0.003544	0.001428	-0.001442
 - 	577	-0.003667	0.001358	-0.001359
 - 	578	-0.003838	0.001282	-0.001262
 - 	579	-0.004057	0.001195	-0.001146
 - 	580	-0.004322	0.001091	-0.001005
 - 	581	-0.004631	0.000968	-0.000838
 - 	582	-0.004983	0.000832	-0.000650
 - 	583	-0.005386	0.000690	-0.000452
 - 	584	-0.005850	0.000546	-0.000249
 - 	585	-0.006384	0.000408	-0.000047
 - 	586	-0.007000	0.000286	0.000148
 - 	587	-0.007681	0.000190	0.000328
 - 	588	-0.008411	0.000126	0.000491
 - 	589	-0.009172	0.000092	0.000640
 - 	590	-0.009953	0.000089	0.000774
 - 	591	-0.010741	0.000116	0.000894
 - 	592	-0.011533	0.000186	0.000993
 - 	593	-0.012318	0.000305	0.001071
 - 	594	-0.013102	0.000463	0.001137
 - 	595	-0.013868	0.000640	0.001196
 - 	596	-0.014597	0.000812	0.001255
 - 	597	-0.015274	0.000963	0.001314
 - 	598	-0.015854	0.001070	0.001373
 - 	599	-0.016275	0.001129	0.001422
 - 	600	-0.016434	0.001132	0.001454
 - 	601	-0.016234	0.001071	0.001461
 - 	602	-0.015592	0.000944	0.001435
 - 	603	-0.014453	0.000767	0.001365
 - 	604	-0.012811	0.000568	0.001245
 - 	605	-0.010719	0.000377	0.001075
 - 	606	-0.008307	0.000213	0.000863
 - 	607	-0.005779	0.000091	0.000623
 - 	608	-0.003407	0.000005	0.000375
 - 	609	-0.008767	-0.001183	0.001989
 - 	610	-0.012087	-0.001491	0.002230
 - 	611	-0.012336	-0.001455	0.002251
 - 	612	-0.009028	-0.001281	0.002073
 - 	613	-0.004234	-0.000944	0.001768
 - 	614	-0.000053	-0.000477	0.001433
 - 	615	0.002440	-0.000069	0.001138
 - 	616	0.003768	0.000260	0.000923
 - 	617	0.005133	0.000614	0.000724
 - 	618	0.007054	0.001106	0.000537
 - 	619	0.009068	0.002130	0.000292
 - 	620	0.010918	0.003654	-0.000063
 - 	621	0.012743	0.005011	-0.000511
 - 	622	0.014697	0.005826	-0.000951
 - 	623	0.016351	0.006261	-0.001338
 - 	624	0.017653	0.006844	-0.001698
 - 	625	0.019149	0.007876	-0.002110
 - 	626	0.020897	0.009238	-0.002672
 - 	627	0.022704	0.010491	-0.003290
 - 	628	0.024427	0.011402	-0.003844
 - 	629	0.026030	0.012128	-0.004355
 - 	630	0.027389	0.012730	-0.004852
 - 	631	0.028454	0.013246	-0.005286
 - 	632	0.029328	0.013752	-0.005707
 - 	633	0.030193	0.014203	-0.006112
 - 	634	0.031025	0.014593	-0.006489
 - 	635	0.031891	0.015014	-0.006852
 - 	636	0.032959	0.015489	-0.007232
 - 	637	0.033927	0.015933	-0.007586
 - 	638	0.034802	0.016335	-0.007859
 - 	639	0.035707	0.016701	-0.008047
 - 	640	0.036640	0.017079	-0.008203
 - 	641	0.037489	0.017418	-0.008341
 - 	642	0.038219	0.017648	-0.008411
 - 	643	0.038701	0.017967	-0.008439
 - 	644	0.039192	0.018451	-0.008513
 - 	645	0.039697	0.018989	-0.008600
 - 	646	0.040005	0.019611	-0.008654
 - 	647	0.040175	0.020333	-0.008704
 - 	648	0.040213	0.021087	-0.008776
 - 	649	0.040216	0.021872	-0.008853
 - 	650	0.040158	0.022672	-0.008913
 - 	651	0.040110	0.023472	-0.008974
 - 	652	0.039998	0.024191	-0.009036
 - 	653	0.039679	0.024762	-0.009021
 - 	654	0.039396	0.025352	-0.008964
 - 	655	0.039267	0.025949	-0.008943
 - 	656	0.039193	0.026458	-0.008924
 - 	657	0.039092	0.026858	-0.008862
 - 	658	0.038951	0.027158	-0.008784
 - 	659	0.038710	0.027424	-0.008677
 - 	660	0.038413	0.027679	-0.008554
 - 	661	0.038094	0.027872	-0.008423
 - 	662	0.037715	0.027974	-0.008258
 - 	663	0.037246	0.027943	-0.008058
 - 	664	0.036687	0.027832	-0.007874
 - 	665	0.036215	0.027659	-0.007690
 - 	666	0.035771	0.027466	-0.007477
 - 	667	0.035390	0.027248	-0.007264
 - 	668	0.034985	0.027063	-0.007083
 - 	669	0.034629	0.026959	-0.006937
 - 	670	0.034286	0.026882	-0.006787
 - 	671	0.034000	0.026708	-0.006671
 - 	672	0.033616	0.026455	-0.006540
 - 	673	0.033278	0.026311	-0.006423
 - 	674	0.033030	0.026168	-0.006293
 - 	675	0.032596	0.025866	-0.006090
 - 	676	0.032019	0.025621	-0.005906
 - 	677	0.031566	0.025437	-0.005763
 - 	678	0.031242	0.025230	-0.005624
 - 	679	0.030993	0.025075	-0.005534
 - 	680	0.030808	0.024903	-0.005432
 - 	681	0.030538	0.024725	-0.005265
 - 	682	0.030322	0.024545	-0.005109
 - 	683	0.030043	0.024438	-0.005004
 - 	684	0.029751	0.024306	-0.004896
 - 	685	0.029527	0.024211	-0.004810
 - 	686	0.029376	0.024095	-0.004715
 - 	687	0.029371	0.023908	-0.004617
 - 	688	0.029295	0.023762	-0.004538
 - 	689	0.029012	0.023645	-0.004388
 - 	690	0.028767	0.023478	-0.004172
 - 	691	0.028694	0.023339	-0.004000
 - 	692	0.028682	0.023194	-0.003861
 - 	693	0.028617	0.023116	-0.003720
 - 	694	0.028468	0.023097	-0.003608
 - 	695	0.028314	0.023145	-0.003522
 - 	696	0.028230	0.023259	-0.003436
 - 	697	0.028146	0.023271	-0.003323
 - 	698	0.027971	0.023278	-0.003216
 - 	699	0.027588	0.023376	-0.003079
 - 	700	0.027300	0.023371	-0.002953
 - 	701	0.027137	0.023354	-0.002882
 - 	702	0.027044	0.023406	-0.002816
 - 	703	0.027011	0.023387	-0.002694
 - 	704	0.027077	0.023257	-0.002558
 - 	705	0.027102	0.023156	-0.002449
 - 	706	0.027249	0.023046	-0.002383
 - 	707	0.027572	0.022988	-0.002357
 - 	708	0.027974	0.022902	-0.002357
 - 	709	0.028215	0.022870	-0.002342
 - 	710	0.028391	0.022947	-0.002322
 - 	711	0.028663	0.022989	-0.002282
 - 	712	0.028947	0.023056	-0.002270
 - 	713	0.029391	0.023159	-0.002291
 - 	714	0.029835	0.023242	-0.002306
 - 	715	0.030137	0.023348	-0.002289
 - 	716	0.030317	0.023513	-0.002250
 - 	717	0.030473	0.023751	-0.002244
 - 	718	0.030556	0.024025	-0.002257
 - 	719	0.030760	0.024205	-0.002250
 - 	720	0.030996	0.024323	-0.002209
 - 	721	0.031183	0.024537	-0.002192
 - 	722	0.031327	0.024722	-0.002168
 - 	723	0.031426	0.024937	-0.002118
 - 	724	0.031574	0.025099	-0.002031
 - 	725	0.031822	0.025248	-0.001963
 - 	726	0.032215	0.025400	-0.001967
 - 	727	0.032615	0.025511	-0.001947
 - 	728	0.032937	0.025546	-0.001883
 - 	729	0.033252	0.025390	-0.001772
 - 	730	0.033667	0.025251	-0.001680
 - 	731	0.033932	0.025192	-0.001571
 - 	732	0.034035	0.024962	-0.001406
 - 	733	0.034216	0.024651	-0.001275
 - 	734	0.034437	0.024289	-0.001129
 - 	735	0.034393	0.023887	-0.000966
 - 	736	0.034153	0.023526	-0.000856
 - 	737	0.033998	0.023064	-0.000778
 - 	738	0.034136	0.022331	-0.000705
 - 	739	0.034338	0.021483	-0.000631
 - 	740	0.034368	0.020799	-0.000559
 - 	741	0.034499	0.020086	-0.000521
 - 	742	0.034584	0.019171	-0.000552
 - 	743	0.034493	0.018250	-0.000580
 - 	744	0.034120	0.017408	-0.000591
 - 	745	0.033553	0.016574	-0.000592
 - 	746	0.032756	0.015741	-0.000619
 - 	747	0.031984	0.014853	-0.000654
 - 	748	0.031099	0.013995	-0.000695
 - 	749	0.029995	0.013091	-0.000739
 - 	750	0.028812	0.012006	-0.000756
 - 	751	0.027422	0.010849	-0.000756
 - 	752	0.025881	0.009629	-0.000661
 - 	753	0.024179	0.008483	-0.000541
 - 	754	0.022243	0.007349	-0.000396
 - 	755	0.020028	0.006264	-0.000207
 - 	756	0.017799	0.005291	-0.000028
 - 	757	0.015670	0.004428	0.000078
 - 	758	0.013785	0.003585	0.000172
 - 	759	0.012076	0.002906	0.000336
 - 	760	0.010507	0.002404	0.000528
 - 	761	0.008740	0.002024	0.000707
 - 	762	0.007022	0.001709	0.000872
 - 	763	0.005764	0.001418	0.001021
 - 	764	0.004442	0.001159	0.001135
 - 	765	0.002926	0.000843	0.001259
 - 	766	0.000986	0.000598	0.001368
 - 	767	-0.001282	0.000376	0.001476
 - 	768	-0.003596	0.000168	0.001543
 - 	769	-0.006955	0.000536	0.000610
 - 	770	-0.006876	0.000571	0.000612
 - 	771	-0.006697	0.000543	0.000636
 - 	772	-0.006433	0.000460	0.000681
 - 	773	-0.006045	0.000319	0.000743
 - 	774	-0.005570	0.000144	0.000813
 - 	775	-0.005082	-0.000036	0.000880
 - 	776	-0.004606	-0.000222	0.000951
 - 	777	-0.004141	-0.000410	0.001036
 - 	778	-0.003780	-0.000506	0.001082
 - 	779	-0.003652	-0.000430	0.001033
 - 	780	-0.003644	-0.000266	0.000927
 - 	781	-0.003571	-0.000156	0.000845
 - 	782	-0.003353	-0.000146	0.000815
 - 	783	-0.003091	-0.000149	0.000784
 - 	784	-0.002912	-0.000082	0.000699
 - 	785	-0.002768	0.000022	0.000578
 - 	786	-0.002577	0.000098	0.000461
 - 	787	-0.002335	0.000114	0.000369
 - 	788	-0.002057	0.000053	0.000311
 - 	789	-0.001706	-0.000107	0.000305
 - 	790	-0.001306	-0.000342	0.000350
 - 	791	-0.001043	-0.000534	0.000373
 - 	792	-0.001106	-0.000558	0.000282
 - 	793	-0.001446	-0.000424	0.000084
 - 	794	-0.001891	-0.000230	-0.000147
 - 	795	-0.002292	-0.000047	-0.000357
 - 	796	-0.002592	0.000093	-0.000519
 - 	797	-0.002774	0.000163	-0.000604
 - 	798	-0.002849	0.000150	-0.000604
 - 	799	-0.002809	0.000048	-0.000519
 - 	800	-0.002696	-0.000095	-0.000397
 - 	801	-0.002611	-0.000188	-0.000319
 - 	802	-0.002644	-0.000165	-0.000341
 - 	803	-0.002795	-0.000030	-0.000449
 - 	804	-0.003026	0.000165	-0.000593
 - 	805	-0.003278	0.000365	-0.000726
 - 	806	-0.003480	0.000532	-0.000830
 - 	807	-0.003574	0.000629	-0.000877
 - 	808	-0.003564	0.000638	-0.000846
 - 	809	-0.003511	0.000593	-0.000758
 - 	810	-0.003489	0.000548	-0.000666
 - 	811	-0.003511	0.000533	-0.000604
 - 	812	-0.003579	0.000554	-0.000589
 - 	813	-0.003695	0.000610	-0.000624
 - 	814	-0.003822	0.000694	-0.000697
 - 	815	-0.003932	0.000791	-0.000789
 - 	816	-0.004029	0.000901	-0.000892
 - 	817	-0.004126	0.001024	-0.001005
 - 	818	-0.004215	0.001143	-0.001116
 - 	819	-0.004251	0.001223	-0.001203
 - 	820	-0.004207	0.001234	-0.001243
 - 	821	-0.004122	0.001192	-0.001241
 - 	822	-0.004061	0.001136	-0.001221
 - 	823	-0.004041	0.001085	-0.001198
 - 	824	-0.004065	0.001041	-0.001173
 - 	825	-0.004124	0.001001	-0.001139
 - 	826	-0.004206	0.000966	-0.001096
 - 	827	-0.004285	0.000936	-0.001053
 - 	828	-0.004335	0.000904	-0.001000
 - 	829	-0.004305	0.000863	-0.000929
 - 	830	-0.004184	0.000823	-0.000849
 - 	831	-0.003990	0.000785	-0.000769
 - 	832	-0.003787	0.000745	-0.000695
 - 	833	-0.003623	0.000696	-0.000628
 - 	834	-0.003496	0.000628	-0.000558
 - 	835	-0.003403	0.000534	-0.000479
 - 	836	-0.003375	0.000413	-0.000381
 - 	837	-0.003418	0.000261	-0.000258
 - 	838	-0.003554	0.000086	-0.000114
 - 	839	-0.003753	-0.000101	0.000042
 - 	840	-0.004002	-0.000288	0.000195
 - 	841	-0.004258	-0.000478	0.000350
 - 	842	-0.004486	-0.000678	0.000507
 - 	843	-0.004681	-0.000886	0.000666
 - 	844	-0.004866	-0.001092	0.000818
 - 	845	-0.005050	-0.001293	0.000961
 - 	846	-0.005224	-0.001490	0.001098
 - 	847	-0.005387	-0.001681	0.001228
 - 	848	-0.005542	-0.001862	0.001353
 - 	849	-0.005718	-0.002018	0.001469
 - 	850	-0.005927	-0.002135	0.001572
 - 	851	-0.006140	-0.002224	0.001667
 - 	852	-0.006360	-0.002280	0.001753
 - 	853	-0.006575	-0.002308	0.001830
 - 	854	-0.006803	-0.002301	0.001895
 - 	855	-0.007053	-0.002260	0.001947
 - 	856	-0.007325	-0.002182	0.001982
 - 	857	-0.007617	-0.002074	0.001998
 - 	858	-0.007925	-0.001937	0.001995
 - 	859	-0.008234	-0.001773	0.001973
 - 	860	-0.008536	-0.001582	0.001933
 - 	861	-0.008813	-0.001363	0.001877
 - 	862	-0.009078	-0.001124	0.001814
 - 	863	-0.009335	-0.000862	0.001745
 - 	864	-0.009603	-0.000578	0.001678
 - 	865	-0.009833	-0.000286	0.001614
 - 	866	-0.010024	-0.000018	0.001571
 - 	867	-0.010167	0.000207	0.001556
 - 	868	-0.010268	0.000370	0.001576
 - 	869	-0.010297	0.000478	0.001616
 - 	870	-0.010247	0.000541	0.001658
 - 	871	-0.010048	0.000569	0.001680
 - 	872	-0.009663	0.000546	0.001679
 - 	873	-0.009011	0.000469	0.001646
 - 	874	-0.008106	0.000330	0.001586
 - 	875	-0.006998	0.000157	0.001491
 - 	876	-0.005824	-0.000012	0.001368
 - 	877	-0.004694	-0.000115	0.001212
 - 	878	-0.003720	-0.000120	0.001030
 - 	879	-0.002946	-0.000009	0.000823
 - 	880	-0.002431	0.000205	0.000605
 - 	881	-0.002186	0.000501	0.000384
 - 	882	-0.002154	0.000854	0.000167
 - 	883	-0.002246	0.001231	-0.000042
 - 	884	-0.002349	0.001595	-0.000240
 - 	885	-0.002403	0.001917	-0.000419
 - 	886	-0.002381	0.002168	-0.000568
 - 	887	-0.002284	0.002335	-0.000679
 - 	888	-0.002136	0.002407	-0.000745
 - 	889	-0.001934	0.002396	-0.000773
 - 	890	-0.001708	0.002303	-0.000762
 - 	891	-0.001479	0.002151	-0.000720
 - 	892	-0.001253	0.001968	-0.000660
 - 	893	-0.001043	0.001770	-0.000590
 - 	894	-0.000854	0.001576	-0.000517
 - 	895	-0.000699	0.001398	-0.000447
 - 	896	-0.000587	0.001242	-0.000382
 - 	897	-0.000530	0.001117	-0.000326
 - 	898	-0.000521	0.001025	-0.000280
 - 	899	-0.000555	0.000953	-0.000240
 - 	900	-0.000625	0.000896	-0.000205
 - 	901	-0.000726	0.000846	-0.000175
 - 	902	-0.000857	0.000804	-0.000149
 - 	903	-0.000997	0.000762	-0.000127
 - 	904	-0.001129	0.000724	-0.000108
 - 	905	-0.001249	0.000684	-0.000090
 - 	906	-0.001365	0.000628	-0.000066
 - 	907	-0.001491	0.000568	-0.000039
 - 	908	-0.001624	0.000501	-0.000011
 - 	909	-0.001763	0.000448	0.000012
 - 	910	-0.001871	0.000409	0.000028
 - 	911	-0.001938	0.000383	0.000039
 - 	912	-0.001935	0.000380	0.000040
 - 	913	-0.001893	0.000387	0.000037
 - 	914	-0.001833	0.000397	0.000030
 - 	915	-0.001769	0.000403	0.000024
 - 	916	-0.001693	0.000404	0.000016
 - 	917	-0.001605	0.000404	0.000008
 - 	918	-0.001531	0.000396	0.000001
 - 	919	-0.001457	0.000390	-0.000008
 - 	920	-0.001378	0.000389	-0.000017
 - 	921	-0.001320	0.000385	-0.000027
 - 	922	-0.001289	0.000381	-0.000036
 - 	923	-0.001268	0.000380	-0.000045
 - 	924	-0.001273	0.000378	-0.000050
 - 	925	-0.001307	0.000378	-0.000052
 - 	926	-0.001366	0.000381	-0.000052
 - 	927	-0.001443	0.000375	-0.000049
 - 	928	-0.001513	0.000366	-0.000048
 - 	929	-0.001560	0.000355	-0.000046
 - 	930	-0.001594	0.000345	-0.000046
 - 	931	-0.001648	0.000345	-0.000045
 - 	932	-0.001726	0.000355	-0.000044
 - 	933	-0.001821	0.000375	-0.000043
 - 	934	-0.001904	0.000410	-0.000042
 - 	935	-0.001957	0.000458	-0.000043
 - 	936	-0.001998	0.000516	-0.000047
 - 	937	-0.002059	0.000570	-0.000052
 - 	938	-0.002136	0.000624	-0.000060
 - 	939	-0.002218	0.000668	-0.000071
 - 	940	-0.002285	0.000704	-0.000083
 - 	941	-0.002321	0.000725	-0.000093
 - 	942	-0.002323	0.000727	-0.000098
 - 	943	-0.002315	0.000693	-0.000094
 - 	944	-0.002299	0.000645	-0.000086
 - 	945	-0.002293	0.000588	-0.000074
 - 	946	-0.002286	0.000534	-0.000065
 - 	947	-0.002280	0.000483	-0.000056
 - 	948	-0.002274	0.000438	-0.000051
 - 	949	-0.002260	0.000404	-0.000050
 - 	950	-0.002242	0.000392	-0.000055
 - 	951	-0.002229	0.000398	-0.000064
 - 	952	-0.002207	0.000431	-0.000080
 - 	953	-0.002191	0.000469	-0.000098
 - 	954	-0.002186	0.000495	-0.000113
 - 	955	-0.002191	0.000510	-0.000126
 - 	956	-0.002201	0.000517	-0.000137
 - 	957	-0.002217	0.000522	-0.000147
 - 	958	-0.002230	0.000514	-0.000151
 - 	959	-0.002246	0.000494	-0.000149
 - 	960	-0.002267	0.000466	-0.000142
 - 	961	-0.002296	0.000440	-0.000135
 - 	962	-0.002330	0.000415	-0.000128
 - 	963	-0.002370	0.000384	-0.000120
 - 	964	-0.002414	0.000356	-0.000114
 - 	965	-0.002472	0.000338	-0.000110
 - 	966	-0.002550	0.000332	-0.000109
 - 	967	-0.002641	0.000335	-0.000110
 - 	968	-0.002714	0.000361	-0.000117
 - 	969	-0.002742	0.000405	-0.000130
 - 	970	-0.002729	0.000455	-0.000144
 - 	971	-0.002724	0.000493	-0.000157
 - 	972	-0.002747	0.000519	-0.000169
 - 	973	-0.002796	0.000542	-0.000185
 - 	974	-0.002836	0.000592	-0.000217
 - 	975	-0.002856	0.000663	-0.000265
 - 	976	-0.002876	0.000753	-0.000326
 - 	977	-0.002902	0.000857	-0.000393
 - 	978	-0.002962	0.000959	-0.000457
 - 	979	-0.003078	0.001021	-0.000505
 - 	980	-0.003221	0.001040	-0.000535
 - 	981	-0.003366	0.001024	-0.000551
 - 	982	-0.003486	0.000990	-0.000557
 - 	983	-0.003570	0.000951	-0.000554
 - 	984	-0.003624	0.000905	-0.000542
 - 	985	-0.003658	0.000845	-0.000518
 - 	986	-0.003659	0.000755	-0.000474
 - 	987	-0.003610	0.000640	-0.000411
 - 	988	-0.003504	0.000527	-0.000337
 - 	989	-0.003352	0.000441	-0.000266
 - 	990	-0.003203	0.000390	-0.000211
 - 	991	-0.003094	0.000373	-0.000175
 - 	992	-0.003022	0.000388	-0.000154
 - 	993	-0.002989	0.000427	-0.000146
 - 	994	-0.002990	0.000480	-0.000149
 - 	995	-0.003027	0.000526	-0.000156
 - 	996	-0.003077	0.000541	-0.000156
 - 	997	-0.003133	0.000524	-0.000150
 - 	998	-0.003191	0.000479	-0.000138
 - 	999	-0.003240	0.000427	-0.000127
 - 	1000	-0.003285	0.000366	-0.000113
 - 	1001	-0.003313	0.000308	-0.000097
 - 	1002	-0.003323	0.000243	-0.000078
 - 	1003	-0.003329	0.000187	-0.000058
 - 	1004	-0.003343	0.000135	-0.000037
 - 	1005	-0.003368	0.000093	-0.000019
 - 	1006	-0.003393	0.000057	-0.000001
 - 	1007	-0.003422	0.000027	0.000015
 - 	1008	-0.003443	0.000006	0.000030
 - 	1009	-0.003451	-0.000003	0.000041
 - 	1010	-0.003453	-0.000021	0.000055
 - 	1011	-0.003450	-0.000035	0.000065
 - 	1012	-0.003450	-0.000066	0.000079
 - 	1013	-0.003434	-0.000092	0.000091
 - 	1014	-0.003406	-0.000116	0.000105
 - 	1015	-0.003375	-0.000128	0.000118
 - 	1016	-0.003343	-0.000122	0.000127
 - 	1017	-0.003299	-0.000111	0.000135
 - 	1018	-0.003252	-0.000118	0.000150
 - 	1019	-0.003196	-0.000142	0.000174
 - 	1020	-0.003146	-0.000187	0.000213
 - 	1021	-0.003094	-0.000243	0.000264
 - 	1022	-0.003034	-0.000329	0.000335
 - 	1023	-0.002960	-0.000443	0.000423
 - 	1024	-0.002882	-0.000599	0.000529
 - 	1025	-0.002797	-0.000764	0.000637
 - 	1026	-0.002719	-0.000935	0.000744
 - 	1027	-0.002654	-0.001093	0.000841
 - 	1028	-0.002614	-0.001221	0.000914
 - 	1029	-0.002622	-0.001300	0.000950
 - 	1030	-0.002689	-0.001290	0.000926
 - 	1031	-0.002853	-0.001152	0.000817
 - 	1032			
 - 	1033			
 - 	1034			
 - 	1035			
 - 	1036			
 - 	1037			
 - 	1038			
 - 	1039			
 - 	1040			
 - 	1041			
 - 	1042			
 - 	1043			
 - 	1044			
 - 	1045			
 - 	1046			
 - 	1047			
 - 	1048			
 - 	1049			
 - 	1050			
 - 	1051			
 - 	1052			
 - 	1053			
 - 	1054			
 - 	1055			
 - 	1056			
 - 	1057			
 - 	1058			
 - 	1059			
 - 	1060			
 - 	1061			
 - 	1062			
 - 	1063			
 - 	1064			
 - 	1065			
 - 	1066			
 - 	1067			
 - 	1068			
 - 	1069			
 - 	1070			
 - 	1071			
 - 	1072			
 - 	1073			
 - 	1074			
 - 	1075			
 - 	1076			
 - 	1077			
 - 	1078			
 - 	1079			
 - 	1080			
 - 	1081			
 - 	1082			
 - 	1083			
 - 	1084			
 - 	1085			
 - 	1086			
 - 	1087			
 - 	1088			
 - 	1089			
 - 	1090			
 - 	1091			
 - 	1092			
 - 	1093			
 - 	1094			
 - 	1095			
 - 	1096			
 - 	1097			
 - 	1098			
 - 	1099			
 - 	1100			
 - 	1101			
 - 	1102			
 - 	1103			
 - 	1104			
 - 	1105			
 - 	1106			
 - 	1107			
 - 	1108			
 - 	1109			
 - 	1110			
 - 	1111			
 - 	1112			
 - 	1113			
 - 	1114			
 - 	1115			
 - 	1116			
 - 	1117			
 - 	1118			
 - 	1119			
 - 	1120			
 - 	1121			
 - 	1122			
 - 	1123			
 - 	1124			
 - 	1125			
 - 	1126			
 - 	1127			
 - 	1128			
 - 	1129			
 - 	1130			
 - 	1131			
 - 	1132			
 - 	1133			
 - 	1134			
 - 	1135			
 - 	1136			
 - 	1137			
 - 	1138			
 - 	1139			
 - 	1140			
 - 	1141			
 - 	1142			
 - 	1143			
 - 	1144			
 - 	1145			
 - 	1146			
 - 	1147			
 - 	1148			
 - 	1149			
 - 	1150			
 - 	1151			
 - 	1152			
 - 	1153			
 - 	1154			
 - 	1155			
 - 	1156			
 - 	1157			
 - 	1158			
 - 	1159			
 - 	1160			
 - 	1161			
 - 	1162			
 - 	1163			
 - 	1164			
 - 	1165			
 - 	1166			
 - 	1167			
 - 	1168			
 - 	1169			
 - 	1170			
 - 	1171			
 - 	1172			
 - 	1173			
 - 	1174			
 - 	1175			
 - 	1176			
 - 	1177			
 - 	1178			
 - 	1179			
 - 	1180			
 - 	1181			
 - 	1182			
 - 	1183			
 - 	1184			
 - 	1185			
 - 	1186			
 - 	1187			
 - 	1188			
 - 	1189			
 - 	1190			
 - 	1191			
 - 	1192			
 - 	1193			
 - 	1194			
 - 	1195			
 - 	1196			
 - 	1197			
 - 	1198			
 - 	1199			
 - 	1200			
 - 	1201			
 - 	1202			
 - 	1203			
 - 	1204			
 - 	1205			
 - 	1206			
 - 	1207			
 - 	1208			
 - 	1209			
 - 	1210			
 - 	1211			
 - 	1212			
 - 	1213			
 - 	1214			
 - 	1215			
 - 	1216			
 - 	1217			
 - 	1218			
 - 	1219			
 - 	1220			
 - 	1221			
 - 	1222			
 - 	1223			
 - 	1224			
 - 	1225			
 - 	1226			
 - 	1227			
