RKNE_MOMENT
File	Frame	X 	Y 	Z 
Trial_7.filtered_40_L2.c3d	1			
 - 	2			
 - 	3	-0.001758	-0.000273	-0.000226
 - 	4	-0.001782	-0.000285	-0.000230
 - 	5	-0.001814	-0.000288	-0.000234
 - 	6	-0.001840	-0.000293	-0.000239
 - 	7	-0.001863	-0.000297	-0.000244
 - 	8	-0.001881	-0.000304	-0.000248
 - 	9	-0.001898	-0.000313	-0.000252
 - 	10	-0.001890	-0.000333	-0.000253
 - 	11	-0.001886	-0.000350	-0.000254
 - 	12	-0.001882	-0.000357	-0.000255
 - 	13	-0.001868	-0.000358	-0.000253
 - 	14	-0.001867	-0.000341	-0.000251
 - 	15	-0.001845	-0.000331	-0.000247
 - 	16	-0.001846	-0.000306	-0.000244
 - 	17	-0.001826	-0.000298	-0.000240
 - 	18	-0.001812	-0.000286	-0.000237
 - 	19	-0.001802	-0.000275	-0.000233
 - 	20	-0.001803	-0.000261	-0.000230
 - 	21	-0.001784	-0.000265	-0.000226
 - 	22	-0.001780	-0.000265	-0.000226
 - 	23	-0.001777	-0.000274	-0.000227
 - 	24	-0.001781	-0.000275	-0.000230
 - 	25	-0.001782	-0.000277	-0.000233
 - 	26	-0.001793	-0.000274	-0.000236
 - 	27	-0.001799	-0.000274	-0.000238
 - 	28	-0.001810	-0.000273	-0.000241
 - 	29	-0.001817	-0.000279	-0.000243
 - 	30	-0.001820	-0.000286	-0.000245
 - 	31	-0.001824	-0.000297	-0.000246
 - 	32	-0.001824	-0.000303	-0.000247
 - 	33	-0.001813	-0.000310	-0.000245
 - 	34	-0.001810	-0.000307	-0.000244
 - 	35	-0.001809	-0.000303	-0.000243
 - 	36	-0.001794	-0.000308	-0.000243
 - 	37	-0.001803	-0.000297	-0.000243
 - 	38	-0.001789	-0.000293	-0.000242
 - 	39	-0.001786	-0.000289	-0.000241
 - 	40	-0.001786	-0.000277	-0.000242
 - 	41	-0.001775	-0.000276	-0.000244
 - 	42	-0.001771	-0.000272	-0.000245
 - 	43	-0.001767	-0.000273	-0.000246
 - 	44	-0.001762	-0.000282	-0.000247
 - 	45	-0.001750	-0.000299	-0.000246
 - 	46	-0.001749	-0.000313	-0.000244
 - 	47	-0.001766	-0.000314	-0.000241
 - 	48	-0.001765	-0.000319	-0.000235
 - 	49	-0.001790	-0.000311	-0.000230
 - 	50	-0.001805	-0.000309	-0.000225
 - 	51	-0.001827	-0.000303	-0.000222
 - 	52	-0.001823	-0.000304	-0.000221
 - 	53	-0.001821	-0.000301	-0.000222
 - 	54	-0.001810	-0.000293	-0.000224
 - 	55	-0.001776	-0.000298	-0.000225
 - 	56	-0.001761	-0.000301	-0.000228
 - 	57	-0.001751	-0.000303	-0.000230
 - 	58	-0.001733	-0.000320	-0.000231
 - 	59	-0.001724	-0.000330	-0.000233
 - 	60	-0.001718	-0.000339	-0.000234
 - 	61	-0.001710	-0.000347	-0.000234
 - 	62	-0.001716	-0.000349	-0.000234
 - 	63	-0.001709	-0.000350	-0.000236
 - 	64	-0.001708	-0.000351	-0.000237
 - 	65	-0.001715	-0.000342	-0.000238
 - 	66	-0.001724	-0.000331	-0.000239
 - 	67	-0.001726	-0.000326	-0.000238
 - 	68	-0.001742	-0.000322	-0.000238
 - 	69	-0.001758	-0.000322	-0.000239
 - 	70	-0.001756	-0.000330	-0.000239
 - 	71	-0.001779	-0.000319	-0.000241
 - 	72	-0.001782	-0.000318	-0.000242
 - 	73	-0.001794	-0.000307	-0.000244
 - 	74	-0.001792	-0.000302	-0.000246
 - 	75	-0.001795	-0.000293	-0.000245
 - 	76	-0.001793	-0.000287	-0.000245
 - 	77	-0.001790	-0.000282	-0.000245
 - 	78	-0.001787	-0.000280	-0.000245
 - 	79	-0.001798	-0.000276	-0.000245
 - 	80	-0.001795	-0.000289	-0.000244
 - 	81	-0.001806	-0.000299	-0.000241
 - 	82	-0.001810	-0.000312	-0.000237
 - 	83	-0.001812	-0.000321	-0.000235
 - 	84	-0.001803	-0.000330	-0.000232
 - 	85	-0.001807	-0.000329	-0.000232
 - 	86	-0.001802	-0.000323	-0.000232
 - 	87	-0.001796	-0.000311	-0.000232
 - 	88	-0.001786	-0.000302	-0.000232
 - 	89	-0.001781	-0.000292	-0.000232
 - 	90	-0.001761	-0.000295	-0.000231
 - 	91	-0.001758	-0.000301	-0.000233
 - 	92	-0.001747	-0.000308	-0.000234
 - 	93	-0.001735	-0.000315	-0.000235
 - 	94	-0.001728	-0.000319	-0.000236
 - 	95	-0.001725	-0.000321	-0.000237
 - 	96	-0.001725	-0.000323	-0.000236
 - 	97	-0.001737	-0.000322	-0.000235
 - 	98	-0.001757	-0.000324	-0.000234
 - 	99	-0.001762	-0.000327	-0.000233
 - 	100	-0.001772	-0.000326	-0.000233
 - 	101	-0.001780	-0.000319	-0.000233
 - 	102	-0.001780	-0.000316	-0.000235
 - 	103	-0.001793	-0.000308	-0.000238
 - 	104	-0.001781	-0.000308	-0.000240
 - 	105	-0.001786	-0.000301	-0.000244
 - 	106	-0.001761	-0.000309	-0.000247
 - 	107	-0.001760	-0.000307	-0.000252
 - 	108	-0.001737	-0.000313	-0.000253
 - 	109	-0.001739	-0.000306	-0.000255
 - 	110	-0.001729	-0.000309	-0.000255
 - 	111	-0.001738	-0.000299	-0.000253
 - 	112	-0.001743	-0.000302	-0.000251
 - 	113	-0.001769	-0.000299	-0.000246
 - 	114	-0.001794	-0.000309	-0.000239
 - 	115	-0.001838	-0.000317	-0.000233
 - 	116	-0.001865	-0.000321	-0.000226
 - 	117	-0.001884	-0.000318	-0.000222
 - 	118	-0.001880	-0.000304	-0.000219
 - 	119	-0.001874	-0.000284	-0.000219
 - 	120	-0.001845	-0.000271	-0.000219
 - 	121	-0.001831	-0.000261	-0.000220
 - 	122	-0.001809	-0.000266	-0.000221
 - 	123	-0.001797	-0.000268	-0.000222
 - 	124	-0.001775	-0.000274	-0.000223
 - 	125	-0.001750	-0.000283	-0.000224
 - 	126	-0.001728	-0.000295	-0.000225
 - 	127	-0.001696	-0.000310	-0.000225
 - 	128	-0.001675	-0.000314	-0.000223
 - 	129	-0.001655	-0.000310	-0.000221
 - 	130	-0.001639	-0.000304	-0.000219
 - 	131	-0.001628	-0.000294	-0.000217
 - 	132	-0.001618	-0.000293	-0.000216
 - 	133	-0.001614	-0.000289	-0.000216
 - 	134	-0.001606	-0.000287	-0.000215
 - 	135	-0.001604	-0.000281	-0.000215
 - 	136	-0.001607	-0.000274	-0.000214
 - 	137	-0.001621	-0.000265	-0.000216
 - 	138	-0.001638	-0.000259	-0.000217
 - 	139	-0.001662	-0.000254	-0.000219
 - 	140	-0.001693	-0.000245	-0.000221
 - 	141	-0.001720	-0.000240	-0.000224
 - 	142	-0.001748	-0.000235	-0.000228
 - 	143	-0.001755	-0.000248	-0.000232
 - 	144	-0.001760	-0.000261	-0.000236
 - 	145	-0.001764	-0.000279	-0.000241
 - 	146	-0.001772	-0.000288	-0.000246
 - 	147	-0.001772	-0.000289	-0.000248
 - 	148	-0.001768	-0.000289	-0.000249
 - 	149	-0.001757	-0.000293	-0.000248
 - 	150	-0.001760	-0.000291	-0.000246
 - 	151	-0.001751	-0.000288	-0.000241
 - 	152	-0.001745	-0.000287	-0.000236
 - 	153	-0.001747	-0.000280	-0.000233
 - 	154	-0.001742	-0.000272	-0.000230
 - 	155	-0.001726	-0.000274	-0.000228
 - 	156	-0.001721	-0.000265	-0.000228
 - 	157	-0.001714	-0.000255	-0.000227
 - 	158	-0.001719	-0.000245	-0.000227
 - 	159	-0.001727	-0.000236	-0.000227
 - 	160	-0.001732	-0.000232	-0.000228
 - 	161	-0.001748	-0.000225	-0.000229
 - 	162	-0.001751	-0.000231	-0.000229
 - 	163	-0.001758	-0.000232	-0.000229
 - 	164	-0.001773	-0.000234	-0.000233
 - 	165	-0.001773	-0.000246	-0.000236
 - 	166	-0.001764	-0.000275	-0.000250
 - 	167	-0.001769	-0.000272	-0.000241
 - 	168	-0.001783	-0.000269	-0.000232
 - 	169	-0.001762	-0.000294	-0.000242
 - 	170	-0.001761	-0.000297	-0.000241
 - 	171	-0.001745	-0.000300	-0.000239
 - 	172	-0.001742	-0.000292	-0.000237
 - 	173	-0.001731	-0.000285	-0.000235
 - 	174	-0.001728	-0.000277	-0.000233
 - 	175	-0.001732	-0.000300	-0.000231
 - 	176	-0.001716	-0.000277	-0.000230
 - 	177	-0.001692	-0.000257	-0.000228
 - 	178	-0.001707	-0.000281	-0.000227
 - 	179	-0.001703	-0.000284	-0.000226
 - 	180	-0.001704	-0.000284	-0.000225
 - 	181	-0.001700	-0.000286	-0.000224
 - 	182	-0.001715	-0.000279	-0.000224
 - 	183	-0.001727	-0.000273	-0.000225
 - 	184	-0.001742	-0.000267	-0.000226
 - 	185	-0.001751	-0.000263	-0.000228
 - 	186	-0.001762	-0.000257	-0.000230
 - 	187	-0.001769	-0.000249	-0.000230
 - 	188	-0.001764	-0.000247	-0.000231
 - 	189	-0.001778	-0.000237	-0.000231
 - 	190	-0.001771	-0.000236	-0.000231
 - 	191	-0.001772	-0.000232	-0.000230
 - 	192	-0.001766	-0.000236	-0.000230
 - 	193	-0.001763	-0.000237	-0.000229
 - 	194	-0.001761	-0.000240	-0.000229
 - 	195	-0.001757	-0.000241	-0.000228
 - 	196	-0.001742	-0.000243	-0.000221
 - 	197	-0.001744	-0.000246	-0.000226
 - 	198	-0.001756	-0.000246	-0.000231
 - 	199	-0.001748	-0.000242	-0.000222
 - 	200	-0.001752	-0.000236	-0.000219
 - 	201	-0.001758	-0.000234	-0.000217
 - 	202	-0.001760	-0.000229	-0.000215
 - 	203	-0.001723	-0.000219	-0.000214
 - 	204	-0.001752	-0.000234	-0.000211
 - 	205	-0.001793	-0.000250	-0.000211
 - 	206	-0.001762	-0.000246	-0.000213
 - 	207	-0.001757	-0.000265	-0.000215
 - 	208	-0.001766	-0.000275	-0.000218
 - 	209	-0.001772	-0.000286	-0.000221
 - 	210	-0.001771	-0.000301	-0.000225
 - 	211	-0.001773	-0.000308	-0.000227
 - 	212	-0.001774	-0.000316	-0.000228
 - 	213	-0.001778	-0.000322	-0.000229
 - 	214	-0.001789	-0.000320	-0.000231
 - 	215	-0.001781	-0.000326	-0.000233
 - 	216	-0.001783	-0.000327	-0.000236
 - 	217	-0.001767	-0.000333	-0.000237
 - 	218	-0.001771	-0.000330	-0.000240
 - 	219	-0.001764	-0.000333	-0.000243
 - 	220	-0.001759	-0.000326	-0.000244
 - 	221	-0.001768	-0.000316	-0.000247
 - 	222	-0.001768	-0.000296	-0.000247
 - 	223	-0.001772	-0.000269	-0.000246
 - 	224	-0.001780	-0.000230	-0.000243
 - 	225	-0.001789	-0.000181	-0.000240
 - 	226	-0.001785	-0.000141	-0.000234
 - 	227	-0.001793	-0.000106	-0.000228
 - 	228	-0.001809	-0.000082	-0.000221
 - 	229	-0.001817	-0.000079	-0.000211
 - 	230	-0.001850	-0.000084	-0.000202
 - 	231	-0.001863	-0.000112	-0.000192
 - 	232	-0.001883	-0.000139	-0.000186
 - 	233	-0.001857	-0.000177	-0.000180
 - 	234	-0.001818	-0.000212	-0.000179
 - 	235	-0.001770	-0.000240	-0.000180
 - 	236	-0.001723	-0.000264	-0.000183
 - 	237	-0.001668	-0.000283	-0.000189
 - 	238	-0.001623	-0.000291	-0.000197
 - 	239	-0.001589	-0.000305	-0.000208
 - 	240	-0.001569	-0.000315	-0.000220
 - 	241	-0.001582	-0.000324	-0.000235
 - 	242	-0.001593	-0.000335	-0.000249
 - 	243	-0.001627	-0.000340	-0.000263
 - 	244	-0.001668	-0.000333	-0.000275
 - 	245	-0.001708	-0.000329	-0.000284
 - 	246	-0.001750	-0.000308	-0.000288
 - 	247	-0.001794	-0.000284	-0.000287
 - 	248	-0.001842	-0.000256	-0.000284
 - 	249	-0.001882	-0.000244	-0.000278
 - 	250	-0.001927	-0.000244	-0.000272
 - 	251	-0.001960	-0.000248	-0.000267
 - 	252	-0.001964	-0.000259	-0.000263
 - 	253	-0.001955	-0.000258	-0.000260
 - 	254	-0.001934	-0.000261	-0.000257
 - 	255	-0.001905	-0.000261	-0.000252
 - 	256	-0.001865	-0.000265	-0.000247
 - 	257	-0.001823	-0.000268	-0.000241
 - 	258	-0.001768	-0.000269	-0.000236
 - 	259	-0.001698	-0.000273	-0.000234
 - 	260	-0.001622	-0.000276	-0.000232
 - 	261	-0.001554	-0.000280	-0.000231
 - 	262	-0.001508	-0.000280	-0.000231
 - 	263	-0.001478	-0.000276	-0.000228
 - 	264	-0.001470	-0.000269	-0.000225
 - 	265	-0.001489	-0.000261	-0.000223
 - 	266	-0.001509	-0.000260	-0.000220
 - 	267	-0.001527	-0.000268	-0.000219
 - 	268	-0.001546	-0.000273	-0.000218
 - 	269	-0.001560	-0.000279	-0.000217
 - 	270	-0.001588	-0.000275	-0.000219
 - 	271	-0.001598	-0.000279	-0.000220
 - 	272	-0.001611	-0.000283	-0.000225
 - 	273	-0.001623	-0.000280	-0.000232
 - 	274	-0.001625	-0.000280	-0.000237
 - 	275	-0.001622	-0.000285	-0.000242
 - 	276	-0.001624	-0.000291	-0.000246
 - 	277	-0.001625	-0.000303	-0.000248
 - 	278	-0.001643	-0.000300	-0.000247
 - 	279	-0.001667	-0.000277	-0.000243
 - 	280	-0.001692	-0.000247	-0.000237
 - 	281	-0.001701	-0.000203	-0.000226
 - 	282	-0.001716	-0.000145	-0.000216
 - 	283	-0.001705	-0.000089	-0.000206
 - 	284	-0.001698	-0.000029	-0.000201
 - 	285	-0.001686	0.000021	-0.000198
 - 	286	-0.001685	0.000052	-0.000198
 - 	287	-0.001692	0.000074	-0.000200
 - 	288	-0.001714	0.000093	-0.000204
 - 	289	-0.001744	0.000114	-0.000210
 - 	290	-0.001774	0.000146	-0.000218
 - 	291	-0.001821	0.000188	-0.000227
 - 	292	-0.001839	0.000213	-0.000235
 - 	293	-0.001874	0.000254	-0.000240
 - 	294	-0.001884	0.000285	-0.000241
 - 	295	-0.001908	0.000329	-0.000238
 - 	296	-0.001905	0.000374	-0.000228
 - 	297	-0.001893	0.000423	-0.000211
 - 	298	-0.001863	0.000479	-0.000187
 - 	299	-0.001825	0.000537	-0.000160
 - 	300	-0.001769	0.000594	-0.000129
 - 	301	-0.001717	0.000669	-0.000098
 - 	302	-0.001667	0.000766	-0.000066
 - 	303	-0.001599	0.000860	-0.000034
 - 	304	-0.001540	0.000957	-0.000004
 - 	305	-0.001472	0.001029	0.000024
 - 	306	-0.001418	0.001097	0.000052
 - 	307	-0.001372	0.001141	0.000077
 - 	308	-0.001344	0.001175	0.000098
 - 	309	-0.001345	0.001201	0.000116
 - 	310	-0.001352	0.001211	0.000127
 - 	311	-0.001349	0.001202	0.000135
 - 	312	-0.001335	0.001174	0.000137
 - 	313	-0.001295	0.001120	0.000133
 - 	314	-0.001227	0.001039	0.000121
 - 	315	-0.001132	0.000928	0.000100
 - 	316	-0.001010	0.000792	0.000072
 - 	317	-0.000863	0.000650	0.000040
 - 	318	-0.000672	0.000496	0.000003
 - 	319	-0.000493	0.000355	-0.000039
 - 	320	-0.000306	0.000223	-0.000080
 - 	321	-0.000150	0.000108	-0.000124
 - 	322	-0.000019	-0.000005	-0.000173
 - 	323	0.000076	-0.000122	-0.000228
 - 	324	0.000118	-0.000234	-0.000287
 - 	325	0.000102	-0.000335	-0.000348
 - 	326	0.000027	-0.000415	-0.000407
 - 	327	-0.000128	-0.000470	-0.000465
 - 	328	-0.000354	-0.000495	-0.000515
 - 	329	-0.000679	-0.000482	-0.000554
 - 	330	-0.001059	-0.000463	-0.000587
 - 	331	-0.001501	-0.000441	-0.000617
 - 	332	-0.001986	-0.000416	-0.000643
 - 	333	-0.002482	-0.000408	-0.000674
 - 	334	-0.002961	-0.000407	-0.000706
 - 	335	-0.003382	-0.000413	-0.000737
 - 	336	-0.003719	-0.000419	-0.000759
 - 	337	-0.003963	-0.000420	-0.000768
 - 	338	-0.004123	-0.000408	-0.000762
 - 	339	-0.004161	-0.000387	-0.000740
 - 	340	-0.004124	-0.000341	-0.000700
 - 	341	-0.003947	-0.000297	-0.000654
 - 	342	-0.003644	-0.000251	-0.000589
 - 	343	-0.003192	-0.000224	-0.000519
 - 	344	-0.002600	-0.000229	-0.000446
 - 	345	-0.001895	-0.000284	-0.000391
 - 	346	-0.001108	-0.000398	-0.000366
 - 	347	-0.000285	-0.000567	-0.000383
 - 	348	0.000529	-0.000778	-0.000443
 - 	349	0.001297	-0.000998	-0.000537
 - 	350	0.002001	-0.001203	-0.000648
 - 	351	0.002584	-0.001362	-0.000758
 - 	352	0.003032	-0.001454	-0.000840
 - 	353	0.003328	-0.001484	-0.000898
 - 	354	0.003485	-0.001462	-0.000925
 - 	355	0.003503	-0.001402	-0.000927
 - 	356	0.003435	-0.001321	-0.000907
 - 	357	0.003308	-0.001230	-0.000864
 - 	358	0.003132	-0.001131	-0.000797
 - 	359	0.002942	-0.001037	-0.000718
 - 	360	0.002729	-0.000940	-0.000623
 - 	361	0.002504	-0.000835	-0.000504
 - 	362	0.002268	-0.000723	-0.000366
 - 	363	0.002034	-0.000605	-0.000216
 - 	364	0.001807	-0.000480	-0.000056
 - 	365	0.001572	-0.000346	0.000107
 - 	366	0.001328	-0.000204	0.000261
 - 	367	0.001091	-0.000057	0.000406
 - 	368	0.000830	0.000103	0.000542
 - 	369	0.000585	0.000267	0.000672
 - 	370	0.000347	0.000428	0.000785
 - 	371	0.000119	0.000582	0.000880
 - 	372	-0.000104	0.000731	0.000958
 - 	373	-0.000312	0.000880	0.001030
 - 	374	-0.000493	0.001034	0.001102
 - 	375	-0.000642	0.001188	0.001173
 - 	376	-0.000771	0.001341	0.001241
 - 	377	-0.000881	0.001480	0.001295
 - 	378	-0.001003	0.001613	0.001336
 - 	379	-0.001130	0.001732	0.001356
 - 	380	-0.001268	0.001836	0.001352
 - 	381	-0.001424	0.001917	0.001320
 - 	382	-0.001577	0.001967	0.001260
 - 	383	-0.001737	0.001975	0.001162
 - 	384	-0.001901	0.001948	0.001039
 - 	385	-0.002083	0.001889	0.000891
 - 	386	-0.002283	0.001804	0.000722
 - 	387	-0.002472	0.001703	0.000545
 - 	388	-0.002644	0.001582	0.000360
 - 	389	-0.002791	0.001443	0.000175
 - 	390	-0.002955	0.001292	-0.000010
 - 	391	-0.003138	0.001144	-0.000182
 - 	392	-0.003347	0.001002	-0.000336
 - 	393	-0.003572	0.000875	-0.000469
 - 	394	-0.003835	0.000769	-0.000583
 - 	395	-0.004091	0.000671	-0.000673
 - 	396	-0.004358	0.000584	-0.000745
 - 	397	-0.004611	0.000508	-0.000794
 - 	398	-0.004860	0.000453	-0.000821
 - 	399	-0.005122	0.000414	-0.000831
 - 	400	-0.005396	0.000401	-0.000831
 - 	401	-0.005678	0.000408	-0.000827
 - 	402	-0.006001	0.000448	-0.000829
 - 	403	-0.006355	0.000504	-0.000846
 - 	404	-0.006744	0.000574	-0.000881
 - 	405	-0.007169	0.000659	-0.000934
 - 	406	-0.007596	0.000753	-0.000998
 - 	407	-0.008005	0.000848	-0.001069
 - 	408	-0.008358	0.000919	-0.001136
 - 	409	-0.008598	0.000963	-0.001184
 - 	410	-0.008686	0.000984	-0.001202
 - 	411	-0.008560	0.000978	-0.001177
 - 	412	-0.008233	0.000967	-0.001114
 - 	413	-0.007653	0.000952	-0.001009
 - 	414	-0.006884	0.000960	-0.000878
 - 	415	-0.005913	0.001008	-0.000727
 - 	416	-0.004790	0.001105	-0.000569
 - 	417	-0.003523	0.001253	-0.000406
 - 	418	-0.002159	0.001439	-0.000243
 - 	419	-0.000748	0.001645	-0.000085
 - 	420	0.000625	0.001853	0.000063
 - 	421	0.001859	0.002040	0.000192
 - 	422	0.002843	0.002192	0.000289
 - 	423	-0.003823	0.001790	0.000037
 - 	424	-0.003911	0.001450	-0.000161
 - 	425	-0.003495	0.001134	-0.000271
 - 	426	-0.002897	0.000762	-0.000252
 - 	427	-0.002199	0.000378	-0.000127
 - 	428	-0.001520	0.000021	-0.000048
 - 	429	-0.000938	-0.000115	0.000029
 - 	430	-0.000284	-0.000069	0.000205
 - 	431	0.000466	0.000155	0.000472
 - 	432	0.001098	0.000511	0.000787
 - 	433	0.001709	0.000861	0.001077
 - 	434	0.002646	0.001166	0.001301
 - 	435	0.004161	0.001552	0.001570
 - 	436	0.005746	0.002121	0.001895
 - 	437	0.006989	0.002690	0.002192
 - 	438	0.007880	0.003190	0.002486
 - 	439	0.008736	0.003602	0.002816
 - 	440	0.009891	0.003919	0.003202
 - 	441	0.011206	0.004266	0.003600
 - 	442	0.012362	0.004751	0.004004
 - 	443	0.013447	0.005383	0.004442
 - 	444	0.014743	0.006257	0.004983
 - 	445	0.016267	0.007250	0.005546
 - 	446	0.017748	0.008273	0.006090
 - 	447	0.019131	0.009446	0.006659
 - 	448	0.020545	0.010893	0.007282
 - 	449	0.022024	0.012273	0.007949
 - 	450	0.023503	0.013145	0.008553
 - 	451	0.024729	0.013718	0.009060
 - 	452	0.025916	0.014247	0.009544
 - 	453	0.027259	0.014701	0.010014
 - 	454	0.028808	0.015081	0.010498
 - 	455	0.030434	0.015424	0.010974
 - 	456	0.031902	0.015692	0.011420
 - 	457	0.033230	0.015821	0.011823
 - 	458	0.034696	0.015815	0.012217
 - 	459	0.036099	0.015822	0.012597
 - 	460	0.037331	0.015933	0.012970
 - 	461	0.038381	0.016127	0.013316
 - 	462	0.039467	0.016301	0.013649
 - 	463	0.040500	0.016549	0.013949
 - 	464	0.041606	0.016928	0.014299
 - 	465	0.042678	0.017295	0.014671
 - 	466	0.043586	0.017650	0.015004
 - 	467	0.044324	0.018157	0.015271
 - 	468	0.044937	0.018696	0.015479
 - 	469	0.045444	0.019258	0.015664
 - 	470	0.045978	0.019785	0.015797
 - 	471	0.046603	0.020201	0.015948
 - 	472	0.047196	0.020675	0.016110
 - 	473	0.047684	0.021179	0.016250
 - 	474	0.048168	0.021596	0.016328
 - 	475	0.048589	0.021858	0.016330
 - 	476	0.049065	0.022170	0.016387
 - 	477	0.049638	0.022459	0.016476
 - 	478	0.050087	0.022686	0.016490
 - 	479	0.050348	0.022940	0.016494
 - 	480	0.050501	0.023245	0.016492
 - 	481	0.050506	0.023430	0.016407
 - 	482	0.050493	0.023580	0.016304
 - 	483	0.050423	0.023682	0.016199
 - 	484	0.050222	0.023752	0.016082
 - 	485	0.049986	0.023729	0.015953
 - 	486	0.049754	0.023646	0.015806
 - 	487	0.049449	0.023618	0.015639
 - 	488	0.049061	0.023508	0.015407
 - 	489	0.048642	0.023408	0.015175
 - 	490	0.048163	0.023296	0.014933
 - 	491	0.047504	0.023210	0.014635
 - 	492	0.046755	0.023177	0.014329
 - 	493	0.046030	0.023150	0.014035
 - 	494	0.045286	0.023026	0.013733
 - 	495	0.044621	0.022871	0.013418
 - 	496	0.044084	0.022604	0.013077
 - 	497	0.043544	0.022262	0.012691
 - 	498	0.043004	0.022035	0.012319
 - 	499	0.042516	0.021798	0.011971
 - 	500	0.041937	0.021550	0.011616
 - 	501	0.041145	0.021463	0.011225
 - 	502	0.040401	0.021376	0.010829
 - 	503	0.039828	0.021126	0.010498
 - 	504	0.039333	0.020948	0.010234
 - 	505	0.038847	0.020925	0.009979
 - 	506	0.038373	0.020970	0.009708
 - 	507	0.037888	0.020983	0.009457
 - 	508	0.037320	0.020925	0.009194
 - 	509	0.036735	0.020990	0.008884
 - 	510	0.036119	0.021223	0.008568
 - 	511	0.035410	0.021605	0.008307
 - 	512	0.034589	0.022033	0.008042
 - 	513	0.033780	0.022365	0.007738
 - 	514	0.032994	0.022564	0.007386
 - 	515	0.032199	0.022616	0.007014
 - 	516	0.031436	0.022708	0.006654
 - 	517	0.030684	0.022849	0.006284
 - 	518	0.029924	0.023026	0.005901
 - 	519	0.029303	0.023021	0.005535
 - 	520	0.028816	0.023022	0.005212
 - 	521	0.028224	0.023180	0.004897
 - 	522	0.027615	0.023363	0.004573
 - 	523	0.027112	0.023535	0.004280
 - 	524	0.026588	0.023691	0.003982
 - 	525	0.025969	0.023742	0.003644
 - 	526	0.025466	0.023706	0.003340
 - 	527	0.025020	0.023658	0.003072
 - 	528	0.024485	0.023707	0.002787
 - 	529	0.023983	0.023763	0.002495
 - 	530	0.023581	0.023771	0.002248
 - 	531	0.023257	0.023815	0.002021
 - 	532	0.023069	0.023836	0.001816
 - 	533	0.022976	0.023822	0.001659
 - 	534	0.022850	0.023917	0.001526
 - 	535	0.022889	0.024074	0.001428
 - 	536	0.023016	0.024201	0.001359
 - 	537	0.023229	0.024349	0.001297
 - 	538	0.023587	0.024348	0.001246
 - 	539	0.024065	0.024148	0.001224
 - 	540	0.024466	0.023927	0.001224
 - 	541	0.025012	0.023696	0.001238
 - 	542	0.025651	0.023481	0.001260
 - 	543	0.026134	0.023302	0.001246
 - 	544	0.026520	0.023017	0.001223
 - 	545	0.027077	0.022782	0.001283
 - 	546	0.027724	0.022552	0.001347
 - 	547	0.028312	0.022222	0.001364
 - 	548	0.028860	0.021946	0.001411
 - 	549	0.029366	0.021730	0.001465
 - 	550	0.029684	0.021540	0.001466
 - 	551	0.029804	0.021187	0.001440
 - 	552	0.030003	0.020753	0.001407
 - 	553	0.030299	0.020319	0.001406
 - 	554	0.030428	0.019914	0.001397
 - 	555	0.030418	0.019453	0.001419
 - 	556	0.030265	0.018945	0.001479
 - 	557	0.030000	0.018564	0.001523
 - 	558	0.029737	0.018105	0.001548
 - 	559	0.029389	0.017370	0.001587
 - 	560	0.029006	0.016449	0.001651
 - 	561	0.028590	0.015576	0.001709
 - 	562	0.028278	0.015048	0.001797
 - 	563	0.027906	0.014734	0.001897
 - 	564	0.027467	0.014167	0.002005
 - 	565	0.027115	0.013404	0.002130
 - 	566	0.026681	0.012643	0.002268
 - 	567	0.026043	0.012082	0.002346
 - 	568	0.025205	0.011518	0.002410
 - 	569	0.024256	0.010767	0.002462
 - 	570	0.023192	0.010119	0.002519
 - 	571	0.021920	0.009687	0.002608
 - 	572	0.020297	0.009217	0.002658
 - 	573	0.018560	0.008752	0.002731
 - 	574	0.016862	0.008429	0.002832
 - 	575	0.015347	0.008098	0.002964
 - 	576	0.014049	0.007684	0.003120
 - 	577	0.012966	0.007118	0.003186
 - 	578	0.012149	0.006267	0.003132
 - 	579	0.011488	0.005311	0.002961
 - 	580	0.010870	0.004487	0.002741
 - 	581	0.009937	0.003794	0.002515
 - 	582	0.008702	0.003340	0.002324
 - 	583	0.007272	0.003300	0.002274
 - 	584	0.005961	0.003317	0.002288
 - 	585	0.004817	0.003249	0.002252
 - 	586	0.003918	0.003252	0.002239
 - 	587	0.003229	0.003289	0.002211
 - 	588	0.003092	0.003243	0.002219
 - 	589	0.003102	0.003200	0.002237
 - 	590	-0.003083	0.000573	-0.000422
 - 	591	-0.002587	0.000516	-0.000412
 - 	592	-0.001970	0.000417	-0.000385
 - 	593	-0.001243	0.000255	-0.000356
 - 	594	-0.000430	0.000031	-0.000322
 - 	595	0.000440	-0.000266	-0.000297
 - 	596	0.001337	-0.000631	-0.000292
 - 	597	0.002211	-0.001033	-0.000300
 - 	598	0.002999	-0.001428	-0.000312
 - 	599	0.003639	-0.001768	-0.000316
 - 	600	0.004071	-0.002011	-0.000298
 - 	601	0.004270	-0.002137	-0.000251
 - 	602	0.004238	-0.002152	-0.000186
 - 	603	0.004023	-0.002076	-0.000105
 - 	604	0.003681	-0.001935	-0.000021
 - 	605	0.003262	-0.001744	0.000068
 - 	606	0.002799	-0.001510	0.000168
 - 	607	0.002327	-0.001246	0.000279
 - 	608	0.001858	-0.000959	0.000397
 - 	609	0.001404	-0.000656	0.000525
 - 	610	0.000972	-0.000343	0.000658
 - 	611	0.000576	-0.000025	0.000797
 - 	612	0.000232	0.000292	0.000944
 - 	613	-0.000055	0.000594	0.001088
 - 	614	-0.000281	0.000871	0.001222
 - 	615	-0.000448	0.001115	0.001340
 - 	616	-0.000587	0.001333	0.001440
 - 	617	-0.000716	0.001523	0.001511
 - 	618	-0.000860	0.001693	0.001557
 - 	619	-0.001022	0.001841	0.001577
 - 	620	-0.001208	0.001965	0.001573
 - 	621	-0.001389	0.002048	0.001544
 - 	622	-0.001557	0.002088	0.001497
 - 	623	-0.001709	0.002102	0.001445
 - 	624	-0.001854	0.002105	0.001389
 - 	625	-0.001993	0.002096	0.001322
 - 	626	-0.002123	0.002068	0.001236
 - 	627	-0.002238	0.002022	0.001143
 - 	628	-0.002344	0.001945	0.001031
 - 	629	-0.002438	0.001847	0.000911
 - 	630	-0.002544	0.001727	0.000776
 - 	631	-0.002670	0.001596	0.000630
 - 	632	-0.002838	0.001453	0.000467
 - 	633	-0.003057	0.001301	0.000288
 - 	634	-0.003342	0.001146	0.000096
 - 	635	-0.003701	0.000984	-0.000110
 - 	636	-0.004135	0.000832	-0.000320
 - 	637	-0.004643	0.000704	-0.000522
 - 	638	-0.005207	0.000614	-0.000705
 - 	639	-0.005806	0.000575	-0.000862
 - 	640	-0.006432	0.000595	-0.000993
 - 	641	-0.007098	0.000680	-0.001104
 - 	642	-0.007811	0.000820	-0.001201
 - 	643	-0.008576	0.001021	-0.001286
 - 	644	-0.009398	0.001260	-0.001368
 - 	645	-0.010261	0.001529	-0.001447
 - 	646	-0.011155	0.001794	-0.001529
 - 	647	-0.012035	0.002050	-0.001614
 - 	648	-0.012859	0.002286	-0.001702
 - 	649	-0.013562	0.002498	-0.001787
 - 	650	-0.014069	0.002679	-0.001867
 - 	651	-0.014330	0.002815	-0.001936
 - 	652	-0.014324	0.002906	-0.001990
 - 	653	-0.014018	0.002950	-0.002022
 - 	654	-0.013420	0.002948	-0.002024
 - 	655	-0.012533	0.002900	-0.001984
 - 	656	-0.011386	0.002812	-0.001891
 - 	657	-0.009997	0.002694	-0.001742
 - 	658	-0.008394	0.002571	-0.001536
 - 	659	-0.006614	0.002462	-0.001282
 - 	660	-0.004732	0.002392	-0.000991
 - 	661	-0.002843	0.002365	-0.000681
 - 	662	-0.001096	0.002362	-0.000374
 - 	663	0.000361	0.002366	-0.000098
 - 	664	0.001410	0.002349	0.000123
 - 	665	-0.009229	0.005139	-0.000057
 - 	666	-0.008423	0.004725	0.000014
 - 	667	-0.006597	0.004134	0.000219
 - 	668	-0.004065	0.003348	0.000451
 - 	669	-0.001361	0.002599	0.000720
 - 	670	0.001066	0.001970	0.000970
 - 	671	0.003414	0.001635	0.001303
 - 	672	0.006381	0.001593	0.001820
 - 	673	0.010025	0.001818	0.002462
 - 	674	0.013332	0.002484	0.003047
 - 	675	0.015951	0.003816	0.003608
 - 	676	0.018261	0.006085	0.004234
 - 	677	0.020877	0.008979	0.004949
 - 	678	0.024071	0.011429	0.005746
 - 	679	0.026944	0.013016	0.006514
 - 	680	0.028864	0.014210	0.007244
 - 	681	0.029868	0.015466	0.007885
 - 	682	0.030997	0.016885	0.008562
 - 	683	0.032512	0.018358	0.009283
 - 	684	0.033849	0.019884	0.009988
 - 	685	0.034877	0.021171	0.010672
 - 	686	0.035788	0.022017	0.011318
 - 	687	0.036591	0.022471	0.011850
 - 	688	0.037411	0.022802	0.012354
 - 	689	0.037980	0.023275	0.012832
 - 	690	0.038381	0.023834	0.013234
 - 	691	0.038756	0.024388	0.013606
 - 	692	0.039096	0.024756	0.013917
 - 	693	0.039455	0.024900	0.014130
 - 	694	0.039727	0.024841	0.014174
 - 	695	0.039931	0.024800	0.014181
 - 	696	0.040134	0.024698	0.014138
 - 	697	0.040533	0.024393	0.013995
 - 	698	0.041184	0.024119	0.013870
 - 	699	0.041705	0.024091	0.013783
 - 	700	0.041930	0.024238	0.013701
 - 	701	0.041997	0.024428	0.013625
 - 	702	0.042102	0.024688	0.013565
 - 	703	0.042096	0.025110	0.013530
 - 	704	0.042116	0.025629	0.013546
 - 	705	0.042134	0.025997	0.013545
 - 	706	0.042069	0.026305	0.013532
 - 	707	0.041932	0.026735	0.013566
 - 	708	0.041824	0.027418	0.013701
 - 	709	0.041644	0.028101	0.013795
 - 	710	0.041581	0.028697	0.013919
 - 	711	0.041844	0.029164	0.014072
 - 	712	0.042293	0.029493	0.014214
 - 	713	0.042617	0.029622	0.014264
 - 	714	0.042687	0.029535	0.014161
 - 	715	0.042608	0.029469	0.014040
 - 	716	0.042369	0.029418	0.013946
 - 	717	0.042067	0.029302	0.013817
 - 	718	0.041728	0.029179	0.013659
 - 	719	0.041340	0.029146	0.013489
 - 	720	0.040966	0.029158	0.013281
 - 	721	0.040661	0.029107	0.013053
 - 	722	0.040264	0.029115	0.012840
 - 	723	0.039904	0.029114	0.012607
 - 	724	0.039662	0.028998	0.012357
 - 	725	0.039323	0.028905	0.012092
 - 	726	0.038923	0.028839	0.011827
 - 	727	0.038531	0.028760	0.011580
 - 	728	0.037955	0.028755	0.011350
 - 	729	0.037288	0.028890	0.011176
 - 	730	0.036647	0.028923	0.010911
 - 	731	0.036107	0.028921	0.010660
 - 	732	0.035460	0.029048	0.010450
 - 	733	0.034837	0.029179	0.010201
 - 	734	0.034476	0.029223	0.010024
 - 	735	0.034237	0.029336	0.009918
 - 	736	0.033882	0.029444	0.009766
 - 	737	0.033398	0.029529	0.009567
 - 	738	0.033160	0.029522	0.009394
 - 	739	0.033215	0.029591	0.009377
 - 	740	0.033148	0.029758	0.009362
 - 	741	0.033050	0.029887	0.009319
 - 	742	0.033077	0.029941	0.009268
 - 	743	0.033197	0.030029	0.009288
 - 	744	0.033191	0.030131	0.009265
 - 	745	0.033101	0.030220	0.009139
 - 	746	0.033101	0.030392	0.009019
 - 	747	0.033140	0.030593	0.008931
 - 	748	0.033171	0.030779	0.008893
 - 	749	0.033220	0.030879	0.008819
 - 	750	0.033418	0.030928	0.008755
 - 	751	0.033658	0.030955	0.008676
 - 	752	0.033786	0.030931	0.008552
 - 	753	0.033834	0.030872	0.008440
 - 	754	0.033778	0.030924	0.008365
 - 	755	0.033576	0.030987	0.008236
 - 	756	0.033447	0.031032	0.008114
 - 	757	0.033389	0.030964	0.007999
 - 	758	0.033483	0.030879	0.007944
 - 	759	0.033500	0.030898	0.007890
 - 	760	0.033443	0.030985	0.007847
 - 	761	0.033356	0.031069	0.007792
 - 	762	0.033298	0.031056	0.007731
 - 	763	0.033277	0.031039	0.007692
 - 	764	0.033182	0.031119	0.007639
 - 	765	0.033047	0.031256	0.007613
 - 	766	0.032899	0.031430	0.007603
 - 	767	0.032996	0.031528	0.007596
 - 	768	0.033278	0.031474	0.007611
 - 	769	0.033552	0.031324	0.007643
 - 	770	0.033844	0.031216	0.007693
 - 	771	0.033920	0.031296	0.007718
 - 	772	0.033895	0.031452	0.007751
 - 	773	0.034020	0.031472	0.007785
 - 	774	0.034133	0.031400	0.007773
 - 	775	0.034237	0.031331	0.007742
 - 	776	0.034359	0.031405	0.007723
 - 	777	0.034476	0.031394	0.007687
 - 	778	0.034634	0.031330	0.007638
 - 	779	0.034671	0.031497	0.007587
 - 	780	0.034666	0.031653	0.007566
 - 	781	0.034965	0.031584	0.007565
 - 	782	0.035243	0.031440	0.007544
 - 	783	0.035523	0.031334	0.007533
 - 	784	0.035735	0.031245	0.007488
 - 	785	0.035845	0.031171	0.007461
 - 	786	0.035741	0.031107	0.007392
 - 	787	0.035799	0.030994	0.007348
 - 	788	0.035800	0.030912	0.007256
 - 	789	0.035795	0.030799	0.007158
 - 	790	0.035881	0.030642	0.007095
 - 	791	0.035988	0.030477	0.007044
 - 	792	0.036163	0.030355	0.007048
 - 	793	0.036298	0.030203	0.007034
 - 	794	0.036154	0.030069	0.006938
 - 	795	0.035889	0.029876	0.006795
 - 	796	0.035800	0.029635	0.006720
 - 	797	0.035892	0.029293	0.006691
 - 	798	0.035994	0.028987	0.006687
 - 	799	0.035839	0.028720	0.006591
 - 	800	0.035666	0.028395	0.006488
 - 	801	0.035610	0.028013	0.006437
 - 	802	0.035554	0.027476	0.006339
 - 	803	0.035330	0.026939	0.006232
 - 	804	0.034918	0.026466	0.006123
 - 	805	0.034482	0.025855	0.006023
 - 	806	0.034150	0.025059	0.005907
 - 	807	0.033939	0.024287	0.005862
 - 	808	0.033643	0.023612	0.005876
 - 	809	0.033338	0.022746	0.005827
 - 	810	0.032834	0.021892	0.005759
 - 	811	0.032244	0.021092	0.005767
 - 	812	0.031815	0.020189	0.005830
 - 	813	0.031424	0.019135	0.005850
 - 	814	0.030760	0.018068	0.005755
 - 	815	0.029954	0.017070	0.005616
 - 	816	0.029178	0.016033	0.005426
 - 	817	0.028377	0.014902	0.005170
 - 	818	0.027480	0.013631	0.004873
 - 	819	0.026432	0.012395	0.004600
 - 	820	0.025011	0.011391	0.004335
 - 	821	0.023209	0.010491	0.004081
 - 	822	0.021131	0.009721	0.003802
 - 	823	0.019137	0.009061	0.003506
 - 	824	0.017230	0.008425	0.003261
 - 	825	0.015412	0.007865	0.003130
 - 	826	0.013713	0.007387	0.002947
 - 	827	0.012114	0.007050	0.002793
 - 	828	0.010647	0.006837	0.002748
 - 	829	0.008988	0.006718	0.002669
 - 	830	0.007378	0.006510	0.002506
 - 	831	0.006013	0.006258	0.002337
 - 	832	0.004667	0.006099	0.002175
 - 	833	0.002996	0.006160	0.002091
 - 	834	0.001437	0.006123	0.001991
 - 	835			
 - 	836			
 - 	837			
 - 	838			
 - 	839			
 - 	840			
 - 	841			
 - 	842			
 - 	843			
 - 	844			
 - 	845			
 - 	846			
 - 	847			
 - 	848			
 - 	849			
 - 	850			
 - 	851			
 - 	852			
 - 	853			
 - 	854			
 - 	855			
 - 	856			
 - 	857			
 - 	858			
 - 	859			
 - 	860			
 - 	861			
 - 	862			
 - 	863			
 - 	864			
 - 	865			
 - 	866			
 - 	867			
 - 	868			
 - 	869			
 - 	870			
 - 	871			
 - 	872			
 - 	873			
 - 	874			
 - 	875			
 - 	876			
 - 	877			
 - 	878			
 - 	879			
 - 	880			
 - 	881			
 - 	882			
 - 	883			
 - 	884			
 - 	885			
 - 	886			
 - 	887			
 - 	888			
 - 	889			
 - 	890			
 - 	891			
 - 	892			
 - 	893			
 - 	894			
 - 	895			
 - 	896			
 - 	897			
 - 	898			
 - 	899			
 - 	900			
 - 	901			
 - 	902			
 - 	903			
 - 	904			
 - 	905			
 - 	906			
 - 	907			
 - 	908			
 - 	909			
 - 	910			
 - 	911			
 - 	912			
 - 	913			
 - 	914			
 - 	915			
 - 	916			
 - 	917			
 - 	918			
 - 	919			
 - 	920			
 - 	921			
 - 	922			
 - 	923			
 - 	924			
 - 	925			
 - 	926			
 - 	927			
 - 	928			
 - 	929			
 - 	930			
 - 	931			
 - 	932			
 - 	933			
 - 	934			
 - 	935			
 - 	936			
 - 	937			
 - 	938			
 - 	939			
 - 	940			
 - 	941			
 - 	942			
 - 	943			
 - 	944			
 - 	945			
 - 	946			
 - 	947			
 - 	948			
 - 	949			
 - 	950			
 - 	951			
 - 	952			
 - 	953			
 - 	954			
 - 	955			
 - 	956			
 - 	957			
 - 	958			
 - 	959			
 - 	960			
 - 	961			
 - 	962			
 - 	963			
 - 	964			
 - 	965			
 - 	966			
 - 	967			
 - 	968			
 - 	969			
 - 	970			
 - 	971			
 - 	972			
 - 	973			
 - 	974			
 - 	975			
 - 	976			
 - 	977			
 - 	978			
 - 	979			
 - 	980			
 - 	981			
 - 	982			
 - 	983			
 - 	984			
 - 	985			
 - 	986			
 - 	987			
 - 	988			
 - 	989			
 - 	990			
 - 	991			
 - 	992			
 - 	993			
 - 	994			
 - 	995			
 - 	996			
 - 	997			
 - 	998			
 - 	999			
 - 	1000			
 - 	1001			
 - 	1002			
 - 	1003			
 - 	1004			
 - 	1005			
 - 	1006			
 - 	1007			
 - 	1008			
 - 	1009			
 - 	1010			
 - 	1011			
 - 	1012			
 - 	1013			
 - 	1014			
 - 	1015			
 - 	1016			
 - 	1017			
 - 	1018			
 - 	1019			
 - 	1020			
 - 	1021			
 - 	1022			
 - 	1023			
 - 	1024			
 - 	1025			
 - 	1026			
 - 	1027			
 - 	1028			
 - 	1029			
 - 	1030			
 - 	1031			
 - 	1032			
 - 	1033			
 - 	1034			
 - 	1035			
 - 	1036			
 - 	1037			
 - 	1038			
 - 	1039			
 - 	1040			
 - 	1041			
 - 	1042			
 - 	1043			
 - 	1044			
 - 	1045			
 - 	1046			
 - 	1047			
 - 	1048			
 - 	1049			
 - 	1050			
 - 	1051			
 - 	1052			
 - 	1053			
 - 	1054			
 - 	1055			
 - 	1056			
 - 	1057			
 - 	1058			
 - 	1059			
 - 	1060			
 - 	1061			
 - 	1062			
 - 	1063			
 - 	1064			
 - 	1065			
 - 	1066			
 - 	1067			
 - 	1068			
 - 	1069			
 - 	1070			
 - 	1071			
 - 	1072			
 - 	1073			
 - 	1074			
 - 	1075			
 - 	1076			
 - 	1077			
 - 	1078			
 - 	1079			
 - 	1080			
 - 	1081			
 - 	1082			
 - 	1083			
 - 	1084			
 - 	1085			
 - 	1086			
 - 	1087			
 - 	1088			
 - 	1089			
 - 	1090			
 - 	1091			
 - 	1092			
 - 	1093			
 - 	1094			
 - 	1095			
 - 	1096			
 - 	1097			
 - 	1098			
 - 	1099			
 - 	1100			
 - 	1101			
 - 	1102			
 - 	1103			
 - 	1104			
 - 	1105			
 - 	1106			
 - 	1107			
 - 	1108			
 - 	1109			
 - 	1110			
 - 	1111			
 - 	1112			
 - 	1113			
 - 	1114			
 - 	1115			
 - 	1116			
 - 	1117			
 - 	1118			
 - 	1119			
 - 	1120			
 - 	1121			
 - 	1122			
 - 	1123			
 - 	1124			
 - 	1125			
 - 	1126			
 - 	1127			
 - 	1128			
 - 	1129			
 - 	1130			
 - 	1131			
 - 	1132			
 - 	1133			
 - 	1134			
 - 	1135			
 - 	1136			
 - 	1137			
 - 	1138			
 - 	1139			
 - 	1140			
 - 	1141			
 - 	1142			
 - 	1143			
 - 	1144			
 - 	1145			
 - 	1146			
 - 	1147			
 - 	1148			
 - 	1149			
 - 	1150			
 - 	1151			
 - 	1152			
 - 	1153			
 - 	1154			
 - 	1155			
 - 	1156			
 - 	1157			
 - 	1158			
 - 	1159			
 - 	1160			
 - 	1161			
 - 	1162			
 - 	1163			
 - 	1164			
 - 	1165			
 - 	1166			
 - 	1167			
 - 	1168			
 - 	1169			
 - 	1170			
 - 	1171			
 - 	1172			
 - 	1173			
 - 	1174			
 - 	1175			
 - 	1176			
 - 	1177			
 - 	1178			
 - 	1179			
 - 	1180			
 - 	1181			
 - 	1182			
 - 	1183			
 - 	1184			
 - 	1185			
 - 	1186			
 - 	1187			
 - 	1188			
 - 	1189			
