LKNE_MOMENT
File	Frame	X 	Y 	Z 
Trial_14.filtered_40.c3d	1			
 - 	2			
 - 	3	0.000255	0.000001	-0.000005
 - 	4	0.000236	0.000004	0.000000
 - 	5	0.000252	-0.000006	0.000006
 - 	6	0.000226	-0.000019	0.000015
 - 	7	0.000258	-0.000040	0.000022
 - 	8	0.000307	-0.000058	0.000027
 - 	9	0.000263	-0.000075	0.000035
 - 	10	0.000271	-0.000079	0.000036
 - 	11	0.000272	-0.000083	0.000037
 - 	12	0.000262	-0.000078	0.000034
 - 	13	0.000267	-0.000067	0.000031
 - 	14	0.000256	-0.000059	0.000029
 - 	15	0.000247	-0.000047	0.000026
 - 	16	0.000243	-0.000039	0.000024
 - 	17	0.000229	-0.000029	0.000020
 - 	18	0.000241	-0.000021	0.000017
 - 	19	0.000245	-0.000015	0.000015
 - 	20	0.000247	-0.000006	0.000011
 - 	21	0.000249	-0.000000	0.000009
 - 	22	0.000258	0.000003	0.000007
 - 	23	0.000256	0.000002	0.000007
 - 	24	0.000254	-0.000001	0.000008
 - 	25	0.000254	-0.000012	0.000011
 - 	26	0.000251	-0.000026	0.000017
 - 	27	0.000253	-0.000032	0.000019
 - 	28	0.000250	-0.000045	0.000022
 - 	29	0.000247	-0.000054	0.000024
 - 	30	0.000265	-0.000037	0.000010
 - 	31	0.000243	-0.000077	0.000027
 - 	32	0.000243	-0.000076	0.000027
 - 	33	0.000238	-0.000083	0.000026
 - 	34	0.000214	-0.000108	0.000038
 - 	35	0.000250	-0.000060	0.000021
 - 	36	0.000262	-0.000029	0.000014
 - 	37	0.000280	0.000006	0.000008
 - 	38	0.000286	0.000039	0.000002
 - 	39	0.000294	0.000064	-0.000002
 - 	40	0.000289	0.000073	-0.000004
 - 	41	0.000285	0.000072	-0.000004
 - 	42	0.000295	0.000065	-0.000005
 - 	43	0.000309	0.000056	-0.000006
 - 	44	0.000329	0.000044	-0.000006
 - 	45	0.000357	0.000029	-0.000005
 - 	46	0.000373	0.000005	0.000000
 - 	47	0.000395	-0.000015	0.000005
 - 	48	0.000399	-0.000038	0.000012
 - 	49	0.000382	-0.000057	0.000018
 - 	50	0.000359	-0.000073	0.000025
 - 	51	0.000302	-0.000083	0.000030
 - 	52	0.000253	-0.000089	0.000035
 - 	53	0.000184	-0.000081	0.000034
 - 	54	0.000134	-0.000063	0.000030
 - 	55	0.000079	-0.000039	0.000023
 - 	56	0.000052	-0.000019	0.000018
 - 	57	0.000053	-0.000006	0.000014
 - 	58	0.000057	0.000002	0.000011
 - 	59	0.000061	0.000005	0.000009
 - 	60	0.000076	0.000002	0.000009
 - 	61	0.000091	-0.000006	0.000010
 - 	62	0.000122	-0.000023	0.000017
 - 	63	0.000132	-0.000047	0.000026
 - 	64	0.000142	-0.000073	0.000036
 - 	65	0.000137	-0.000090	0.000043
 - 	66	0.000141	-0.000104	0.000050
 - 	67	0.000140	-0.000111	0.000053
 - 	68	0.000136	-0.000114	0.000055
 - 	69	0.000135	-0.000112	0.000054
 - 	70	0.000134	-0.000107	0.000053
 - 	71	0.000128	-0.000098	0.000049
 - 	72	0.000123	-0.000081	0.000042
 - 	73	0.000133	-0.000062	0.000035
 - 	74	0.000152	-0.000036	0.000025
 - 	75	0.000179	-0.000014	0.000017
 - 	76	0.000214	0.000007	0.000007
 - 	77	0.000227	0.000024	-0.000001
 - 	78	0.000233	0.000034	-0.000006
 - 	79	0.000224	0.000038	-0.000008
 - 	80	0.000197	0.000034	-0.000006
 - 	81	0.000180	0.000023	-0.000001
 - 	82	0.000176	0.000006	0.000007
 - 	83	0.000165	-0.000015	0.000016
 - 	84	0.000169	-0.000034	0.000024
 - 	85	0.000166	-0.000058	0.000035
 - 	86	0.000170	-0.000072	0.000041
 - 	87	0.000165	-0.000087	0.000047
 - 	88	0.000168	-0.000095	0.000050
 - 	89	0.000162	-0.000098	0.000050
 - 	90	0.000168	-0.000099	0.000051
 - 	91	0.000183	-0.000100	0.000052
 - 	92	0.000209	-0.000099	0.000053
 - 	93	0.000229	-0.000100	0.000054
 - 	94	0.000251	-0.000103	0.000056
 - 	95	0.000276	-0.000110	0.000060
 - 	96	0.000275	-0.000113	0.000061
 - 	97	0.000266	-0.000116	0.000062
 - 	98	0.000256	-0.000118	0.000063
 - 	99	0.000248	-0.000118	0.000064
 - 	100	0.000245	-0.000121	0.000065
 - 	101	0.000234	-0.000123	0.000066
 - 	102	0.000230	-0.000126	0.000067
 - 	103	0.000218	-0.000134	0.000069
 - 	104	0.000218	-0.000138	0.000071
 - 	105	0.000224	-0.000148	0.000075
 - 	106	0.000218	-0.000150	0.000075
 - 	107	0.000222	-0.000140	0.000065
 - 	108	0.000215	-0.000143	0.000072
 - 	109	0.000215	-0.000139	0.000075
 - 	110	0.000195	-0.000125	0.000062
 - 	111	0.000166	-0.000113	0.000055
 - 	112	0.000150	-0.000106	0.000051
 - 	113	0.000127	-0.000098	0.000047
 - 	114	0.000120	-0.000087	0.000042
 - 	115	0.000128	-0.000080	0.000040
 - 	116	0.000169	-0.000077	0.000041
 - 	117	0.000210	-0.000074	0.000041
 - 	118	0.000288	-0.000076	0.000043
 - 	119	0.000416	-0.000062	0.000035
 - 	120	0.000363	-0.000080	0.000047
 - 	121	0.000261	-0.000093	0.000056
 - 	122	0.000249	-0.000080	0.000046
 - 	123	0.000207	-0.000076	0.000044
 - 	124	0.000172	-0.000077	0.000043
 - 	125	0.000141	-0.000081	0.000043
 - 	126	0.000130	-0.000088	0.000044
 - 	127	0.000108	-0.000100	0.000047
 - 	128	0.000116	-0.000109	0.000049
 - 	129	0.000118	-0.000116	0.000052
 - 	130	0.000131	-0.000120	0.000053
 - 	131	0.000147	-0.000117	0.000054
 - 	132	0.000171	-0.000113	0.000055
 - 	133	0.000171	-0.000102	0.000051
 - 	134	0.000185	-0.000093	0.000049
 - 	135	0.000184	-0.000083	0.000047
 - 	136	0.000200	-0.000074	0.000045
 - 	137	0.000196	-0.000071	0.000044
 - 	138	0.000191	-0.000073	0.000044
 - 	139	0.000184	-0.000074	0.000046
 - 	140	0.000174	-0.000080	0.000050
 - 	141	0.000161	-0.000090	0.000052
 - 	142	0.000158	-0.000100	0.000056
 - 	143	0.000146	-0.000111	0.000059
 - 	144	0.000151	-0.000120	0.000061
 - 	145	0.000142	-0.000128	0.000063
 - 	146	0.000151	-0.000135	0.000065
 - 	147	0.000138	-0.000136	0.000065
 - 	148	0.000123	-0.000141	0.000067
 - 	149	0.000097	-0.000147	0.000070
 - 	150	0.000075	-0.000152	0.000072
 - 	151	0.000060	-0.000152	0.000072
 - 	152	0.000048	-0.000148	0.000070
 - 	153	0.000054	-0.000143	0.000067
 - 	154	0.000095	-0.000132	0.000063
 - 	155	0.000165	-0.000119	0.000058
 - 	156	0.000257	-0.000108	0.000055
 - 	157	0.000324	-0.000097	0.000053
 - 	158	0.000342	-0.000094	0.000053
 - 	159	0.000333	-0.000092	0.000052
 - 	160	0.000346	-0.000096	0.000054
 - 	161	0.000353	-0.000095	0.000053
 - 	162	0.000364	-0.000099	0.000054
 - 	163	0.000355	-0.000101	0.000053
 - 	164	0.000357	-0.000103	0.000052
 - 	165	0.000341	-0.000105	0.000051
 - 	166	0.000323	-0.000107	0.000050
 - 	167	0.000312	-0.000105	0.000048
 - 	168	0.000305	-0.000100	0.000045
 - 	169	0.000303	-0.000102	0.000046
 - 	170	0.000308	-0.000104	0.000046
 - 	171	0.000304	-0.000107	0.000047
 - 	172	0.000298	-0.000113	0.000050
 - 	173	0.000300	-0.000117	0.000052
 - 	174	0.000287	-0.000119	0.000054
 - 	175	0.000304	-0.000123	0.000058
 - 	176	0.000296	-0.000118	0.000057
 - 	177	0.000308	-0.000116	0.000058
 - 	178	0.000316	-0.000112	0.000058
 - 	179	0.000321	-0.000108	0.000058
 - 	180	0.000327	-0.000106	0.000058
 - 	181	0.000327	-0.000103	0.000058
 - 	182	0.000332	-0.000104	0.000059
 - 	183	0.000314	-0.000109	0.000059
 - 	184	0.000327	-0.000118	0.000060
 - 	185	0.000303	-0.000125	0.000060
 - 	186	0.000315	-0.000127	0.000059
 - 	187	0.000311	-0.000129	0.000058
 - 	188	0.000308	-0.000125	0.000056
 - 	189	0.000295	-0.000119	0.000053
 - 	190	0.000297	-0.000108	0.000049
 - 	191	0.000294	-0.000091	0.000044
 - 	192	0.000290	-0.000079	0.000040
 - 	193	0.000284	-0.000065	0.000035
 - 	194	0.000274	-0.000055	0.000032
 - 	195	0.000273	-0.000054	0.000033
 - 	196	0.000255	-0.000056	0.000034
 - 	197	0.000248	-0.000058	0.000034
 - 	198	0.000246	-0.000065	0.000036
 - 	199	0.000250	-0.000066	0.000036
 - 	200	0.000236	-0.000074	0.000039
 - 	201	0.000250	-0.000080	0.000043
 - 	202	0.000244	-0.000094	0.000049
 - 	203	0.000254	-0.000115	0.000058
 - 	204	0.000266	-0.000134	0.000066
 - 	205	0.000264	-0.000160	0.000075
 - 	206	0.000278	-0.000178	0.000082
 - 	207	0.000277	-0.000194	0.000087
 - 	208	0.000290	-0.000197	0.000087
 - 	209	0.000293	-0.000192	0.000085
 - 	210	0.000312	-0.000176	0.000078
 - 	211	0.000305	-0.000148	0.000067
 - 	212	0.000322	-0.000114	0.000055
 - 	213	0.000304	-0.000082	0.000044
 - 	214	0.000296	-0.000054	0.000034
 - 	215	0.000289	-0.000038	0.000027
 - 	216	0.000274	-0.000034	0.000025
 - 	217	0.000264	-0.000031	0.000024
 - 	218	0.000246	-0.000033	0.000024
 - 	219	0.000237	-0.000031	0.000024
 - 	220	0.000217	-0.000027	0.000023
 - 	221	0.000211	-0.000025	0.000023
 - 	222	0.000207	-0.000018	0.000022
 - 	223	0.000218	-0.000008	0.000018
 - 	224	0.000234	-0.000003	0.000014
 - 	225	0.000252	-0.000007	0.000012
 - 	226	0.000293	-0.000016	0.000012
 - 	227	0.000319	-0.000021	0.000011
 - 	228	0.000359	-0.000019	0.000008
 - 	229	0.000391	-0.000014	0.000006
 - 	230	0.000406	-0.000008	0.000002
 - 	231	0.000405	-0.000001	-0.000001
 - 	232	0.000361	0.000005	-0.000005
 - 	233	0.000300	0.000014	-0.000008
 - 	234	0.000213	0.000022	-0.000012
 - 	235	0.000136	0.000031	-0.000014
 - 	236	0.000052	0.000030	-0.000012
 - 	237	-0.000026	0.000028	-0.000010
 - 	238	-0.000072	0.000019	-0.000004
 - 	239	-0.000096	0.000014	-0.000002
 - 	240	-0.000108	0.000006	0.000002
 - 	241	-0.000102	-0.000004	0.000006
 - 	242	-0.000103	-0.000008	0.000008
 - 	243	-0.000089	-0.000013	0.000011
 - 	244	-0.000049	-0.000013	0.000012
 - 	245	0.000017	-0.000011	0.000012
 - 	246	0.000117	-0.000003	0.000009
 - 	247	0.000238	0.000009	0.000004
 - 	248	0.000345	0.000022	-0.000002
 - 	249	0.000403	0.000043	-0.000012
 - 	250	0.000428	0.000065	-0.000022
 - 	251	0.000433	0.000081	-0.000029
 - 	252	0.000414	0.000090	-0.000033
 - 	253	0.000381	0.000094	-0.000035
 - 	254	0.000367	0.000089	-0.000034
 - 	255	0.000331	0.000081	-0.000032
 - 	256	0.000318	0.000071	-0.000030
 - 	257	0.000307	0.000058	-0.000027
 - 	258	0.000315	0.000053	-0.000027
 - 	259	0.000302	0.000047	-0.000026
 - 	260	0.000316	0.000039	-0.000023
 - 	261	0.000306	0.000036	-0.000021
 - 	262	0.000326	0.000032	-0.000018
 - 	263	0.000333	0.000031	-0.000018
 - 	264	0.000341	0.000027	-0.000016
 - 	265	0.000360	0.000025	-0.000015
 - 	266	0.000359	0.000030	-0.000016
 - 	267	0.000356	0.000053	-0.000024
 - 	268	0.000323	0.000092	-0.000036
 - 	269	0.000261	0.000139	-0.000053
 - 	270	0.000152	0.000169	-0.000065
 - 	271	0.000066	0.000189	-0.000072
 - 	272	0.000007	0.000204	-0.000076
 - 	273	-0.000005	0.000222	-0.000079
 - 	274	0.000003	0.000236	-0.000081
 - 	275	0.000017	0.000221	-0.000075
 - 	276	0.000038	0.000182	-0.000062
 - 	277	0.000059	0.000140	-0.000048
 - 	278	0.000083	0.000107	-0.000037
 - 	279	0.000128	0.000090	-0.000032
 - 	280	0.000165	0.000081	-0.000032
 - 	281	0.000223	0.000080	-0.000034
 - 	282	0.000272	0.000088	-0.000039
 - 	283	0.000286	0.000077	-0.000036
 - 	284	0.000283	0.000065	-0.000031
 - 	285	0.000239	0.000045	-0.000022
 - 	286	0.000206	0.000022	-0.000012
 - 	287	0.000180	-0.000002	-0.000003
 - 	288	0.000148	-0.000027	0.000008
 - 	289	0.000125	-0.000051	0.000019
 - 	290	0.000111	-0.000069	0.000029
 - 	291	0.000095	-0.000080	0.000038
 - 	292	0.000091	-0.000085	0.000044
 - 	293	0.000083	-0.000076	0.000045
 - 	294	0.000076	-0.000065	0.000045
 - 	295	0.000063	-0.000044	0.000039
 - 	296	0.000044	-0.000025	0.000032
 - 	297	0.000012	-0.000004	0.000023
 - 	298	-0.000000	0.000011	0.000015
 - 	299	-0.000011	0.000028	0.000006
 - 	300	-0.000017	0.000051	-0.000008
 - 	301	-0.000011	0.000078	-0.000026
 - 	302	0.000013	0.000109	-0.000047
 - 	303	0.000059	0.000135	-0.000066
 - 	304	0.000142	0.000151	-0.000079
 - 	305	0.000246	0.000158	-0.000085
 - 	306	0.000364	0.000160	-0.000088
 - 	307	0.000462	0.000175	-0.000095
 - 	308	0.000500	0.000201	-0.000109
 - 	309	0.000512	0.000233	-0.000126
 - 	310	0.000463	0.000257	-0.000136
 - 	311	0.000382	0.000261	-0.000139
 - 	312	0.000253	0.000245	-0.000133
 - 	313	0.000120	0.000226	-0.000121
 - 	314	-0.000001	0.000207	-0.000111
 - 	315	-0.000074	0.000195	-0.000104
 - 	316	-0.000118	0.000180	-0.000096
 - 	317	-0.000119	0.000157	-0.000084
 - 	318	-0.000116	0.000121	-0.000066
 - 	319	-0.000101	0.000086	-0.000048
 - 	320	-0.000061	0.000053	-0.000031
 - 	321	-0.000030	0.000024	-0.000015
 - 	322	-0.000006	-0.000003	0.000000
 - 	323	0.000019	-0.000024	0.000012
 - 	324	0.000012	-0.000044	0.000023
 - 	325	0.000024	-0.000058	0.000031
 - 	326	0.000008	-0.000058	0.000030
 - 	327	0.000005	-0.000055	0.000026
 - 	328	-0.000003	-0.000047	0.000020
 - 	329	-0.000012	-0.000036	0.000012
 - 	330	-0.000019	-0.000028	0.000007
 - 	331	-0.000021	-0.000019	0.000003
 - 	332	-0.000030	-0.000016	0.000000
 - 	333	-0.000041	-0.000006	-0.000006
 - 	334	-0.000046	0.000005	-0.000012
 - 	335	-0.000078	0.000015	-0.000018
 - 	336	-0.000083	0.000036	-0.000028
 - 	337	-0.000078	0.000065	-0.000042
 - 	338	-0.000052	0.000106	-0.000061
 - 	339	0.000034	0.000136	-0.000074
 - 	340	0.000113	0.000135	-0.000073
 - 	341	0.000162	0.000099	-0.000057
 - 	342	0.000197	0.000052	-0.000038
 - 	343	0.000223	0.000016	-0.000024
 - 	344	0.000228	-0.000000	-0.000020
 - 	345	0.000184	-0.000004	-0.000022
 - 	346	0.000112	-0.000002	-0.000026
 - 	347	0.000008	0.000008	-0.000034
 - 	348	-0.000123	0.000027	-0.000046
 - 	349	-0.000220	0.000057	-0.000061
 - 	350	-0.000276	0.000093	-0.000076
 - 	351	-0.000302	0.000137	-0.000092
 - 	352	-0.000298	0.000185	-0.000108
 - 	353	-0.000267	0.000225	-0.000120
 - 	354	-0.000239	0.000251	-0.000125
 - 	355	-0.000232	0.000256	-0.000122
 - 	356	-0.000233	0.000240	-0.000114
 - 	357	-0.000264	0.000203	-0.000098
 - 	358	-0.000282	0.000168	-0.000085
 - 	359	-0.000323	0.000129	-0.000068
 - 	360	-0.000352	0.000084	-0.000050
 - 	361	-0.000398	0.000032	-0.000028
 - 	362	-0.000437	-0.000016	-0.000006
 - 	363	-0.000476	-0.000060	0.000016
 - 	364	-0.000524	-0.000102	0.000040
 - 	365	-0.000552	-0.000122	0.000054
 - 	366	-0.000595	-0.000129	0.000062
 - 	367	-0.000643	-0.000132	0.000067
 - 	368	-0.000692	-0.000143	0.000075
 - 	369	-0.000748	-0.000153	0.000081
 - 	370	-0.000789	-0.000156	0.000083
 - 	371	-0.000837	-0.000153	0.000082
 - 	372	-0.000867	-0.000142	0.000077
 - 	373	-0.000902	-0.000126	0.000070
 - 	374	-0.000938	-0.000114	0.000064
 - 	375	-0.000993	-0.000107	0.000061
 - 	376	-0.001044	-0.000106	0.000061
 - 	377	-0.001111	-0.000114	0.000068
 - 	378	-0.001190	-0.000123	0.000075
 - 	379	-0.001246	-0.000137	0.000086
 - 	380	-0.001323	-0.000151	0.000096
 - 	381	-0.001393	-0.000161	0.000104
 - 	382	-0.001448	-0.000171	0.000113
 - 	383	-0.001498	-0.000183	0.000121
 - 	384	-0.001544	-0.000197	0.000130
 - 	385	-0.001577	-0.000213	0.000140
 - 	386	-0.001623	-0.000237	0.000152
 - 	387	-0.001669	-0.000264	0.000163
 - 	388	-0.001689	-0.000298	0.000176
 - 	389	-0.001717	-0.000344	0.000195
 - 	390	-0.001697	-0.000376	0.000205
 - 	391	-0.001691	-0.000390	0.000207
 - 	392	-0.001686	-0.000382	0.000199
 - 	393	-0.001719	-0.000365	0.000190
 - 	394	-0.001736	-0.000355	0.000187
 - 	395	-0.001753	-0.000365	0.000197
 - 	396	-0.001780	-0.000393	0.000217
 - 	397	-0.001832	-0.000431	0.000242
 - 	398	-0.001921	-0.000475	0.000270
 - 	399	-0.002014	-0.000520	0.000297
 - 	400	-0.002079	-0.000559	0.000317
 - 	401	-0.002102	-0.000591	0.000331
 - 	402	-0.002077	-0.000616	0.000336
 - 	403	-0.002061	-0.000649	0.000342
 - 	404	-0.002004	-0.000683	0.000349
 - 	405	-0.001959	-0.000720	0.000360
 - 	406	-0.001923	-0.000759	0.000375
 - 	407	-0.001894	-0.000798	0.000393
 - 	408	-0.001848	-0.000833	0.000410
 - 	409	-0.001791	-0.000863	0.000426
 - 	410	-0.001703	-0.000881	0.000437
 - 	411	-0.001621	-0.000894	0.000444
 - 	412	-0.001578	-0.000900	0.000447
 - 	413	-0.001580	-0.000901	0.000446
 - 	414	-0.001626	-0.000899	0.000442
 - 	415	-0.001692	-0.000898	0.000438
 - 	416	-0.001749	-0.000896	0.000432
 - 	417	-0.001782	-0.000894	0.000425
 - 	418	-0.001830	-0.000894	0.000418
 - 	419	-0.001863	-0.000901	0.000415
 - 	420	-0.001900	-0.000913	0.000413
 - 	421	-0.001935	-0.000925	0.000410
 - 	422	-0.001965	-0.000937	0.000407
 - 	423	-0.001991	-0.000953	0.000406
 - 	424	-0.001980	-0.000957	0.000401
 - 	425	-0.001976	-0.000970	0.000402
 - 	426	-0.001948	-0.000972	0.000400
 - 	427	-0.001956	-0.000976	0.000398
 - 	428	-0.001937	-0.000969	0.000391
 - 	429	-0.001949	-0.000964	0.000383
 - 	430	-0.001961	-0.000957	0.000375
 - 	431	-0.001952	-0.000950	0.000366
 - 	432	-0.001914	-0.000941	0.000358
 - 	433	-0.001864	-0.000931	0.000350
 - 	434	-0.001774	-0.000924	0.000343
 - 	435	-0.001701	-0.000930	0.000339
 - 	436	-0.001628	-0.000929	0.000331
 - 	437	-0.001616	-0.000927	0.000319
 - 	438	-0.001657	-0.000920	0.000304
 - 	439	-0.001741	-0.000912	0.000290
 - 	440	-0.001805	-0.000899	0.000278
 - 	441	-0.001845	-0.000870	0.000264
 - 	442	-0.001866	-0.000819	0.000245
 - 	443	-0.001887	-0.000771	0.000228
 - 	444	-0.001904	-0.000724	0.000211
 - 	445	-0.001928	-0.000692	0.000198
 - 	446	-0.001941	-0.000671	0.000186
 - 	447	-0.001959	-0.000660	0.000176
 - 	448	-0.001956	-0.000661	0.000170
 - 	449	-0.001958	-0.000673	0.000164
 - 	450	-0.001939	-0.000690	0.000160
 - 	451	-0.001933	-0.000714	0.000159
 - 	452	-0.001899	-0.000725	0.000155
 - 	453	-0.001890	-0.000746	0.000154
 - 	454	-0.001861	-0.000758	0.000152
 - 	455	-0.001861	-0.000781	0.000155
 - 	456	-0.001865	-0.000791	0.000156
 - 	457	-0.001878	-0.000797	0.000159
 - 	458	-0.001887	-0.000799	0.000162
 - 	459	-0.001903	-0.000802	0.000166
 - 	460	-0.001927	-0.000804	0.000173
 - 	461	-0.001940	-0.000801	0.000180
 - 	462	-0.001947	-0.000794	0.000186
 - 	463	-0.001948	-0.000796	0.000194
 - 	464	-0.001940	-0.000810	0.000201
 - 	465	-0.001944	-0.000839	0.000210
 - 	466	-0.001962	-0.000882	0.000219
 - 	467	-0.002008	-0.000934	0.000230
 - 	468	-0.002076	-0.000982	0.000237
 - 	469	-0.002164	-0.001028	0.000242
 - 	470	-0.002236	-0.001070	0.000246
 - 	471	-0.002280	-0.001105	0.000250
 - 	472	-0.002307	-0.001137	0.000254
 - 	473	-0.002314	-0.001161	0.000255
 - 	474	-0.002302	-0.001172	0.000252
 - 	475	-0.002259	-0.001174	0.000246
 - 	476	-0.002223	-0.001171	0.000238
 - 	477	-0.002216	-0.001177	0.000233
 - 	478	-0.002240	-0.001193	0.000230
 - 	479	-0.002249	-0.001210	0.000231
 - 	480	-0.002226	-0.001222	0.000233
 - 	481	-0.002219	-0.001229	0.000234
 - 	482	-0.002228	-0.001220	0.000229
 - 	483	-0.002283	-0.001209	0.000222
 - 	484	-0.002388	-0.001188	0.000210
 - 	485	-0.002544	-0.001166	0.000195
 - 	486	-0.002713	-0.001134	0.000176
 - 	487	-0.002862	-0.001115	0.000161
 - 	488	-0.002972	-0.001100	0.000149
 - 	489	-0.003002	-0.001082	0.000141
 - 	490	-0.002999	-0.001065	0.000134
 - 	491	-0.002969	-0.001048	0.000130
 - 	492	-0.002913	-0.001028	0.000125
 - 	493	-0.002852	-0.001011	0.000121
 - 	494	-0.002798	-0.000997	0.000114
 - 	495	-0.002758	-0.000977	0.000104
 - 	496	-0.002731	-0.000961	0.000091
 - 	497	-0.002725	-0.000944	0.000078
 - 	498	-0.002741	-0.000920	0.000066
 - 	499	-0.002799	-0.000894	0.000053
 - 	500	-0.002859	-0.000850	0.000040
 - 	501	-0.002903	-0.000821	0.000034
 - 	502	-0.002918	-0.000830	0.000042
 - 	503	-0.002937	-0.000899	0.000067
 - 	504	-0.002930	-0.001017	0.000107
 - 	505	-0.002914	-0.001168	0.000155
 - 	506	-0.002886	-0.001348	0.000208
 - 	507	-0.002834	-0.001543	0.000262
 - 	508	-0.002785	-0.001740	0.000313
 - 	509	-0.002707	-0.001913	0.000359
 - 	510	-0.002618	-0.002038	0.000393
 - 	511	-0.002521	-0.002105	0.000415
 - 	512	-0.002417	-0.002110	0.000423
 - 	513	-0.002320	-0.002052	0.000416
 - 	514	-0.002219	-0.001941	0.000396
 - 	515	-0.002157	-0.001782	0.000363
 - 	516	-0.002090	-0.001578	0.000319
 - 	517	-0.002049	-0.001332	0.000264
 - 	518	-0.002027	-0.001063	0.000203
 - 	519	-0.002018	-0.000788	0.000138
 - 	520	-0.002022	-0.000525	0.000074
 - 	521	-0.002021	-0.000279	0.000013
 - 	522	-0.002040	-0.000073	-0.000042
 - 	523	-0.002060	0.000087	-0.000087
 - 	524	-0.002075	0.000202	-0.000121
 - 	525	-0.002114	0.000266	-0.000142
 - 	526	-0.002145	0.000278	-0.000149
 - 	527	-0.002197	0.000247	-0.000144
 - 	528	-0.002231	0.000183	-0.000130
 - 	529	-0.002259	0.000104	-0.000112
 - 	530	-0.002277	0.000023	-0.000091
 - 	531	-0.002315	-0.000052	-0.000066
 - 	532	-0.002418	-0.000125	-0.000038
 - 	533	-0.002547	-0.000195	-0.000007
 - 	534	-0.002708	-0.000249	0.000016
 - 	535	-0.002878	-0.000276	0.000026
 - 	536	-0.003033	-0.000274	0.000020
 - 	537	-0.003200	-0.000249	0.000004
 - 	538	-0.003371	-0.000211	-0.000013
 - 	539	-0.003553	-0.000178	-0.000023
 - 	540	-0.003717	-0.000164	-0.000014
 - 	541	-0.003853	-0.000167	0.000015
 - 	542	-0.003907	-0.000189	0.000070
 - 	543	-0.003875	-0.000223	0.000148
 - 	544	-0.003729	-0.000250	0.000234
 - 	545	-0.003517	-0.000255	0.000315
 - 	546	-0.003270	-0.000223	0.000374
 - 	547	-0.003002	-0.000160	0.000411
 - 	548	-0.002700	-0.000085	0.000432
 - 	549	-0.002380	0.000001	0.000434
 - 	550	-0.002046	0.000086	0.000423
 - 	551	-0.001721	0.000165	0.000395
 - 	552	-0.001407	0.000234	0.000354
 - 	553	-0.001110	0.000287	0.000297
 - 	554	-0.000842	0.000316	0.000230
 - 	555	-0.000596	0.000303	0.000170
 - 	556	-0.000399	0.000271	0.000110
 - 	557	-0.000235	0.000231	0.000049
 - 	558	-0.000095	0.000188	-0.000007
 - 	559	-0.000009	0.000122	-0.000035
 - 	560	0.000013	0.000029	-0.000026
 - 	561	-0.000028	-0.000077	0.000010
 - 	562	-0.000081	-0.000183	0.000059
 - 	563	-0.000157	-0.000285	0.000120
 - 	564	-0.000225	-0.000385	0.000189
 - 	565	-0.000302	-0.000474	0.000256
 - 	566	-0.000378	-0.000554	0.000323
 - 	567	-0.000448	-0.000619	0.000376
 - 	568	-0.000537	-0.000676	0.000425
 - 	569	-0.000646	-0.000717	0.000459
 - 	570	-0.000764	-0.000747	0.000491
 - 	571	-0.000881	-0.000769	0.000525
 - 	572	-0.000996	-0.000785	0.000562
 - 	573	-0.001108	-0.000804	0.000609
 - 	574	-0.001201	-0.000816	0.000654
 - 	575	-0.001292	-0.000813	0.000688
 - 	576	-0.001359	-0.000788	0.000702
 - 	577	-0.001402	-0.000743	0.000695
 - 	578	-0.001448	-0.000680	0.000672
 - 	579	-0.001487	-0.000608	0.000638
 - 	580	-0.001566	-0.000544	0.000615
 - 	581	-0.001649	-0.000488	0.000596
 - 	582	-0.001742	-0.000448	0.000594
 - 	583	-0.001816	-0.000416	0.000599
 - 	584	-0.001867	-0.000391	0.000609
 - 	585	-0.001920	-0.000370	0.000621
 - 	586	-0.001938	-0.000349	0.000625
 - 	587	-0.001955	-0.000328	0.000628
 - 	588	-0.001966	-0.000306	0.000623
 - 	589	-0.002006	-0.000280	0.000604
 - 	590	-0.002065	-0.000248	0.000566
 - 	591	-0.002163	-0.000207	0.000505
 - 	592	-0.002255	-0.000158	0.000436
 - 	593	-0.002341	-0.000108	0.000368
 - 	594	-0.002411	-0.000082	0.000335
 - 	595	-0.002481	-0.000089	0.000341
 - 	596	-0.002574	-0.000122	0.000380
 - 	597	-0.002682	-0.000156	0.000423
 - 	598	-0.002800	-0.000184	0.000464
 - 	599	-0.002907	-0.000205	0.000498
 - 	600	-0.002986	-0.000223	0.000527
 - 	601	-0.003039	-0.000246	0.000556
 - 	602	-0.003069	-0.000279	0.000585
 - 	603	-0.003080	-0.000310	0.000606
 - 	604	-0.003083	-0.000336	0.000616
 - 	605	-0.003089	-0.000353	0.000614
 - 	606	-0.003104	-0.000381	0.000622
 - 	607	-0.003115	-0.000407	0.000628
 - 	608	-0.003135	-0.000437	0.000641
 - 	609	-0.003158	-0.000468	0.000657
 - 	610	-0.003194	-0.000505	0.000681
 - 	611	-0.003230	-0.000549	0.000711
 - 	612	-0.003274	-0.000592	0.000739
 - 	613	-0.003337	-0.000619	0.000754
 - 	614	-0.003433	-0.000636	0.000761
 - 	615	-0.003593	-0.000635	0.000755
 - 	616	-0.003808	-0.000618	0.000737
 - 	617	-0.004070	-0.000594	0.000710
 - 	618	-0.004357	-0.000565	0.000677
 - 	619	-0.004653	-0.000538	0.000640
 - 	620	-0.004932	-0.000499	0.000592
 - 	621	-0.005199	-0.000460	0.000545
 - 	622	-0.005418	-0.000411	0.000494
 - 	623	-0.005608	-0.000359	0.000448
 - 	624	-0.005740	-0.000284	0.000395
 - 	625	-0.005822	-0.000173	0.000332
 - 	626	-0.005863	-0.000011	0.000251
 - 	627	-0.005885	0.000193	0.000160
 - 	628	-0.005913	0.000420	0.000067
 - 	629	-0.005950	0.000658	-0.000023
 - 	630	-0.006007	0.000891	-0.000105
 - 	631	-0.006067	0.001110	-0.000175
 - 	632	-0.006134	0.001298	-0.000230
 - 	633	-0.006191	0.001436	-0.000264
 - 	634	-0.006240	0.001510	-0.000279
 - 	635	-0.006282	0.001519	-0.000276
 - 	636	-0.006326	0.001463	-0.000259
 - 	637	-0.006375	0.001367	-0.000236
 - 	638	-0.006439	0.001236	-0.000209
 - 	639	-0.006501	0.001085	-0.000183
 - 	640	-0.006566	0.000909	-0.000155
 - 	641	-0.006612	0.000714	-0.000124
 - 	642	-0.006636	0.000516	-0.000092
 - 	643	-0.006638	0.000324	-0.000061
 - 	644	-0.006591	0.000152	-0.000033
 - 	645	-0.006515	0.000004	-0.000011
 - 	646	-0.006403	-0.000120	0.000008
 - 	647	-0.006268	-0.000215	0.000022
 - 	648	-0.006092	-0.000287	0.000034
 - 	649	-0.005894	-0.000341	0.000044
 - 	650	-0.005645	-0.000382	0.000052
 - 	651	-0.005352	-0.000415	0.000062
 - 	652	-0.005002	-0.000440	0.000074
 - 	653	-0.004585	-0.000463	0.000092
 - 	654	-0.004085	-0.000491	0.000117
 - 	655	-0.003498	-0.000524	0.000146
 - 	656	-0.002806	-0.000574	0.000178
 - 	657	-0.002011	-0.000631	0.000205
 - 	658	-0.001143	-0.000684	0.000221
 - 	659	-0.000247	-0.000722	0.000221
 - 	660	0.000602	-0.000730	0.000202
 - 	661	0.001319	-0.000698	0.000162
 - 	662	0.001838	-0.000615	0.000102
 - 	663	0.002107	-0.000491	0.000029
 - 	664	-0.005915	0.000547	0.000737
 - 	665	-0.006103	0.000340	0.000995
 - 	666	-0.004148	0.000267	0.001080
 - 	667	-0.001145	0.000423	0.001009
 - 	668	0.001437	0.000162	0.001042
 - 	669	0.003120	-0.000774	0.001255
 - 	670	0.004159	-0.001536	0.001450
 - 	671	0.004678	-0.001349	0.001465
 - 	672	0.005565	0.000222	0.001153
 - 	673	0.007715	0.002239	0.000592
 - 	674	0.010288	0.003334	0.000115
 - 	675	0.011403	0.003496	-0.000160
 - 	676	0.011293	0.003437	-0.000361
 - 	677	0.011796	0.003952	-0.000723
 - 	678	0.013566	0.005347	-0.001383
 - 	679	0.015784	0.006946	-0.002223
 - 	680	0.017999	0.008301	-0.003113
 - 	681	0.020203	0.009152	-0.003870
 - 	682	0.022183	0.009733	-0.004537
 - 	683	0.023763	0.010413	-0.005227
 - 	684	0.025224	0.011013	-0.005885
 - 	685	0.026791	0.011323	-0.006367
 - 	686	0.028305	0.011467	-0.006700
 - 	687	0.029765	0.011643	-0.006985
 - 	688	0.031282	0.011833	-0.007304
 - 	689	0.032961	0.012066	-0.007710
 - 	690	0.034346	0.012477	-0.008116
 - 	691	0.035357	0.013014	-0.008455
 - 	692	0.036256	0.013717	-0.008824
 - 	693	0.037235	0.014447	-0.009287
 - 	694	0.038203	0.015065	-0.009764
 - 	695	0.039102	0.015679	-0.010218
 - 	696	0.039896	0.016460	-0.010646
 - 	697	0.040789	0.017434	-0.011127
 - 	698	0.041814	0.018347	-0.011565
 - 	699	0.042640	0.019335	-0.011965
 - 	700	0.043388	0.020312	-0.012370
 - 	701	0.044145	0.021160	-0.012765
 - 	702	0.044890	0.022021	-0.013179
 - 	703	0.045524	0.023080	-0.013609
 - 	704	0.046187	0.024030	-0.014000
 - 	705	0.046932	0.024788	-0.014290
 - 	706	0.047653	0.025290	-0.014467
 - 	707	0.048223	0.025754	-0.014609
 - 	708	0.048664	0.026276	-0.014751
 - 	709	0.048980	0.026619	-0.014767
 - 	710	0.049287	0.026922	-0.014786
 - 	711	0.049721	0.027167	-0.014784
 - 	712	0.050085	0.027400	-0.014664
 - 	713	0.050114	0.027670	-0.014473
 - 	714	0.049988	0.027873	-0.014294
 - 	715	0.049998	0.028073	-0.014133
 - 	716	0.049936	0.028158	-0.013916
 - 	717	0.049812	0.028151	-0.013624
 - 	718	0.049545	0.028293	-0.013376
 - 	719	0.049098	0.028483	-0.013195
 - 	720	0.048806	0.028579	-0.012978
 - 	721	0.048599	0.028561	-0.012720
 - 	722	0.048184	0.028456	-0.012462
 - 	723	0.047473	0.028454	-0.012210
 - 	724	0.046820	0.028487	-0.011980
 - 	725	0.046147	0.028352	-0.011708
 - 	726	0.045422	0.028188	-0.011395
 - 	727	0.044584	0.028029	-0.011083
 - 	728	0.043739	0.027790	-0.010779
 - 	729	0.042971	0.027569	-0.010463
 - 	730	0.041998	0.027391	-0.010135
 - 	731	0.041085	0.027230	-0.009822
 - 	732	0.040316	0.027040	-0.009533
 - 	733	0.039561	0.026689	-0.009144
 - 	734	0.038681	0.026286	-0.008721
 - 	735	0.037727	0.025996	-0.008357
 - 	736	0.036778	0.025699	-0.007979
 - 	737	0.035850	0.025432	-0.007621
 - 	738	0.034977	0.025201	-0.007288
 - 	739	0.034132	0.024853	-0.006946
 - 	740	0.033068	0.024624	-0.006595
 - 	741	0.031942	0.024368	-0.006212
 - 	742	0.031117	0.023992	-0.005837
 - 	743	0.030509	0.023564	-0.005458
 - 	744	0.029689	0.023150	-0.005053
 - 	745	0.028886	0.022872	-0.004649
 - 	746	0.028233	0.022590	-0.004235
 - 	747	0.027585	0.022391	-0.003875
 - 	748	0.026845	0.022206	-0.003565
 - 	749	0.026116	0.021992	-0.003277
 - 	750	0.025594	0.021904	-0.002991
 - 	751	0.025089	0.021845	-0.002698
 - 	752	0.024623	0.021728	-0.002418
 - 	753	0.024144	0.021591	-0.002130
 - 	754	0.023574	0.021524	-0.001874
 - 	755	0.023131	0.021400	-0.001639
 - 	756	0.022909	0.021191	-0.001389
 - 	757	0.022681	0.021012	-0.001166
 - 	758	0.022328	0.021051	-0.000964
 - 	759	0.021984	0.021119	-0.000729
 - 	760	0.021711	0.021124	-0.000541
 - 	761	0.021489	0.021186	-0.000364
 - 	762	0.021148	0.021248	-0.000189
 - 	763	0.020795	0.021231	-0.000076
 - 	764	0.020683	0.021343	0.000025
 - 	765	0.020365	0.021522	0.000194
 - 	766	0.020008	0.021754	0.000364
 - 	767	0.019820	0.021923	0.000491
 - 	768	0.019592	0.022032	0.000620
 - 	769	0.019112	0.022151	0.000786
 - 	770	0.018723	0.022328	0.000960
 - 	771	0.018424	0.022509	0.001069
 - 	772	0.017901	0.022586	0.001202
 - 	773	0.017269	0.022624	0.001375
 - 	774	0.016725	0.022767	0.001471
 - 	775	0.016312	0.023021	0.001569
 - 	776	0.015879	0.023291	0.001685
 - 	777	0.015446	0.023617	0.001808
 - 	778	0.015102	0.024078	0.001915
 - 	779	0.014687	0.024666	0.002039
 - 	780	0.014211	0.025163	0.002158
 - 	781	0.013770	0.025478	0.002296
 - 	782	0.013429	0.025620	0.002432
 - 	783	0.013107	0.025727	0.002561
 - 	784	0.012918	0.025872	0.002676
 - 	785	0.012531	0.026097	0.002790
 - 	786	0.012001	0.026425	0.002882
 - 	787	0.011497	0.026737	0.002951
 - 	788	0.011193	0.026893	0.003026
 - 	789	0.010901	0.027150	0.003116
 - 	790	0.010604	0.027503	0.003176
 - 	791	0.010270	0.027806	0.003203
 - 	792	0.009798	0.027974	0.003342
 - 	793	0.009263	0.027924	0.003482
 - 	794	0.008951	0.027902	0.003620
 - 	795	0.008763	0.028030	0.003743
 - 	796	0.008505	0.028178	0.003816
 - 	797	0.008352	0.028127	0.003889
 - 	798	0.008207	0.028042	0.003987
 - 	799	0.008004	0.028165	0.004089
 - 	800	0.007789	0.028222	0.004149
 - 	801	0.007553	0.028250	0.004167
 - 	802	0.007198	0.028350	0.004231
 - 	803	0.006879	0.028478	0.004265
 - 	804	0.006610	0.028420	0.004246
 - 	805	0.006295	0.028235	0.004251
 - 	806	0.005935	0.028145	0.004272
 - 	807	0.005625	0.028155	0.004273
 - 	808	0.005243	0.027996	0.004259
 - 	809	0.004931	0.027719	0.004251
 - 	810	0.004713	0.027506	0.004277
 - 	811	0.004379	0.027076	0.004249
 - 	812	0.004164	0.026522	0.004173
 - 	813	0.004177	0.025996	0.004127
 - 	814	0.004081	0.025586	0.004088
 - 	815	0.003810	0.025189	0.003972
 - 	816	0.003558	0.024621	0.003816
 - 	817	0.003589	0.023945	0.003709
 - 	818	0.003663	0.023163	0.003608
 - 	819	0.003697	0.022381	0.003426
 - 	820	0.003750	0.021565	0.003261
 - 	821	0.004092	0.020521	0.003080
 - 	822	0.004709	0.019431	0.002851
 - 	823	0.005248	0.018488	0.002610
 - 	824	0.005718	0.017550	0.002348
 - 	825	0.006182	0.016470	0.002045
 - 	826	0.006633	0.015264	0.001734
 - 	827	0.006860	0.014088	0.001439
 - 	828	0.007052	0.013135	0.001160
 - 	829	0.007244	0.012053	0.000897
 - 	830	0.007305	0.010909	0.000713
 - 	831	0.007217	0.009786	0.000597
 - 	832	0.006995	0.008700	0.000496
 - 	833	0.006853	0.007589	0.000398
 - 	834	0.006870	0.006595	0.000308
 - 	835	0.006763	0.005737	0.000231
 - 	836	0.006447	0.005083	0.000226
 - 	837	0.006258	0.004449	0.000189
 - 	838	0.006066	0.003697	0.000138
 - 	839	0.005636	0.003002	0.000111
 - 	840	0.005090	0.002409	0.000103
 - 	841	0.004711	0.001885	0.000134
 - 	842	0.004388	0.001399	0.000207
 - 	843	0.004113	0.000987	0.000308
 - 	844	0.003923	0.000704	0.000437
 - 	845	0.003600	0.000570	0.000512
 - 	846	0.003434	0.000484	0.000536
 - 	847	0.003267	0.000365	0.000583
 - 	848	-0.003761	-0.000616	0.000590
 - 	849	-0.003684	-0.000637	0.000688
 - 	850	-0.003528	-0.000642	0.000783
 - 	851	-0.003286	-0.000626	0.000862
 - 	852	-0.002982	-0.000586	0.000918
 - 	853	-0.002632	-0.000522	0.000943
 - 	854	-0.002261	-0.000438	0.000935
 - 	855	-0.001897	-0.000349	0.000899
 - 	856	-0.001554	-0.000271	0.000845
 - 	857	-0.001256	-0.000216	0.000784
 - 	858	-0.001002	-0.000192	0.000726
 - 	859	-0.000791	-0.000199	0.000682
 - 	860	-0.000615	-0.000228	0.000649
 - 	861	-0.000471	-0.000262	0.000617
 - 	862	-0.000351	-0.000291	0.000580
 - 	863	-0.000244	-0.000314	0.000538
 - 	864	-0.000161	-0.000333	0.000497
 - 	865	-0.000120	-0.000354	0.000468
 - 	866	-0.000135	-0.000381	0.000459
 - 	867	-0.000196	-0.000413	0.000470
 - 	868	-0.000299	-0.000451	0.000504
 - 	869	-0.000428	-0.000485	0.000544
 - 	870	-0.000574	-0.000517	0.000595
 - 	871	-0.000720	-0.000543	0.000646
 - 	872	-0.000872	-0.000561	0.000694
 - 	873	-0.001030	-0.000567	0.000731
 - 	874	-0.001178	-0.000560	0.000750
 - 	875	-0.001314	-0.000545	0.000760
 - 	876	-0.001430	-0.000524	0.000758
 - 	877	-0.001533	-0.000501	0.000754
 - 	878	-0.001624	-0.000473	0.000740
 - 	879	-0.001714	-0.000441	0.000717
 - 	880	-0.001805	-0.000404	0.000679
 - 	881	-0.001924	-0.000366	0.000630
 - 	882	-0.002071	-0.000327	0.000574
 - 	883	-0.002229	-0.000298	0.000534
 - 	884	-0.002372	-0.000284	0.000525
 - 	885	-0.002488	-0.000286	0.000546
 - 	886	-0.002575	-0.000298	0.000586
 - 	887	-0.002653	-0.000309	0.000628
 - 	888	-0.002727	-0.000306	0.000647
 - 	889	-0.002811	-0.000286	0.000638
 - 	890	-0.002911	-0.000259	0.000616
 - 	891	-0.003022	-0.000229	0.000586
 - 	892	-0.003136	-0.000208	0.000564
 - 	893	-0.003235	-0.000200	0.000560
 - 	894	-0.003318	-0.000204	0.000568
 - 	895	-0.003385	-0.000220	0.000590
 - 	896	-0.003449	-0.000242	0.000612
 - 	897	-0.003499	-0.000266	0.000626
 - 	898	-0.003531	-0.000290	0.000632
 - 	899	-0.003543	-0.000319	0.000640
 - 	900	-0.003538	-0.000344	0.000641
 - 	901	-0.003520	-0.000356	0.000628
 - 	902	-0.003492	-0.000354	0.000602
 - 	903	-0.003456	-0.000333	0.000558
 - 	904	-0.003405	-0.000298	0.000504
 - 	905	-0.003345	-0.000263	0.000459
 - 	906	-0.003286	-0.000249	0.000444
 - 	907	-0.003250	-0.000264	0.000464
 - 	908	-0.003237	-0.000300	0.000507
 - 	909	-0.003241	-0.000336	0.000554
 - 	910	-0.003260	-0.000373	0.000605
 - 	911	-0.003306	-0.000403	0.000650
 - 	912	-0.003380	-0.000425	0.000689
 - 	913	-0.003479	-0.000442	0.000721
 - 	914	-0.003611	-0.000451	0.000746
 - 	915	-0.003767	-0.000459	0.000767
 - 	916	-0.003958	-0.000472	0.000788
 - 	917	-0.004180	-0.000492	0.000807
 - 	918	-0.004432	-0.000519	0.000824
 - 	919	-0.004707	-0.000549	0.000835
 - 	920	-0.004987	-0.000585	0.000841
 - 	921	-0.005270	-0.000628	0.000842
 - 	922	-0.005524	-0.000683	0.000839
 - 	923	-0.005737	-0.000747	0.000831
 - 	924	-0.005905	-0.000808	0.000813
 - 	925	-0.006043	-0.000855	0.000782
 - 	926	-0.006137	-0.000873	0.000733
 - 	927	-0.006197	-0.000856	0.000670
 - 	928	-0.006212	-0.000809	0.000598
 - 	929	-0.006188	-0.000735	0.000522
 - 	930	-0.006134	-0.000628	0.000441
 - 	931	-0.006067	-0.000485	0.000356
 - 	932	-0.006005	-0.000311	0.000269
 - 	933	-0.005969	-0.000115	0.000182
 - 	934	-0.005964	0.000082	0.000100
 - 	935	-0.005971	0.000269	0.000023
 - 	936	-0.006020	0.000421	-0.000043
 - 	937	-0.006064	0.000532	-0.000098
 - 	938	-0.006115	0.000589	-0.000139
 - 	939	-0.006170	0.000580	-0.000163
 - 	940	-0.006246	0.000497	-0.000168
 - 	941	-0.006350	0.000350	-0.000161
 - 	942	-0.006467	0.000158	-0.000141
 - 	943	-0.006559	-0.000042	-0.000115
 - 	944	-0.006619	-0.000233	-0.000083
 - 	945	-0.006611	-0.000401	-0.000049
 - 	946	-0.006570	-0.000552	-0.000014
 - 	947	-0.006499	-0.000701	0.000021
 - 	948	-0.006386	-0.000849	0.000054
 - 	949	-0.006216	-0.001000	0.000086
 - 	950	-0.005947	-0.001135	0.000112
 - 	951	-0.005578	-0.001243	0.000133
 - 	952	-0.005100	-0.001307	0.000144
 - 	953	-0.004505	-0.001322	0.000148
 - 	954	-0.003798	-0.001277	0.000145
 - 	955	-0.002985	-0.001155	0.000133
 - 	956	-0.002118	-0.000965	0.000113
 - 	957	-0.001216	-0.000704	0.000085
 - 	958	-0.000266	-0.000357	0.000048
 - 	959	0.000696	0.000073	0.000005
 - 	960	0.001556	0.000540	-0.000046
 - 	961	0.002192	0.000997	-0.000101
 - 	962	0.002559	0.001426	-0.000161
 - 	963	0.002664	0.001815	-0.000223
 - 	964	0.002553	0.002159	-0.000284
 - 	965	0.002288	0.002426	-0.000338
 - 	966	0.001933	0.002585	-0.000380
 - 	967	0.001578	0.002613	-0.000404
 - 	968	0.001261	0.002512	-0.000411
 - 	969	0.000990	0.002291	-0.000402
 - 	970	0.000768	0.001961	-0.000377
 - 	971	0.000584	0.001552	-0.000338
 - 	972	0.000446	0.001097	-0.000285
 - 	973	0.000360	0.000631	-0.000217
 - 	974	0.000288	0.000181	-0.000137
 - 	975	0.000243	-0.000230	-0.000049
 - 	976	0.000201	-0.000586	0.000043
 - 	977	0.000173	-0.000896	0.000140
 - 	978	0.000166	-0.001170	0.000244
 - 	979	0.000184	-0.001417	0.000353
 - 	980	0.000198	-0.001631	0.000463
 - 	981	0.000175	-0.001800	0.000561
 - 	982	0.000112	-0.001903	0.000638
 - 	983	-0.000007	-0.001930	0.000686
 - 	984	-0.000152	-0.001884	0.000703
 - 	985	-0.000323	-0.001778	0.000692
 - 	986	-0.000496	-0.001624	0.000656
 - 	987	-0.000641	-0.001441	0.000601
 - 	988	-0.000761	-0.001244	0.000533
 - 	989	-0.000841	-0.001051	0.000460
 - 	990	-0.000891	-0.000870	0.000386
 - 	991	-0.000903	-0.000706	0.000314
 - 	992	-0.000892	-0.000566	0.000248
 - 	993	-0.000871	-0.000447	0.000189
 - 	994	-0.000847	-0.000357	0.000141
 - 	995	-0.000829	-0.000292	0.000102
 - 	996	-0.000814	-0.000259	0.000078
 - 	997	-0.000806	-0.000251	0.000065
 - 	998	-0.000796	-0.000270	0.000066
 - 	999	-0.000790	-0.000311	0.000079
 - 	1000	-0.000780	-0.000371	0.000104
 - 	1001	-0.000769	-0.000450	0.000139
 - 	1002	-0.000773	-0.000542	0.000183
 - 	1003	-0.000759	-0.000646	0.000236
 - 	1004	-0.000762	-0.000750	0.000292
 - 	1005	-0.000751	-0.000856	0.000350
 - 	1006	-0.000748	-0.000955	0.000405
 - 	1007	-0.000752	-0.001045	0.000454
 - 	1008	-0.000753	-0.001116	0.000493
 - 	1009	-0.000763	-0.001171	0.000522
 - 	1010	-0.000760	-0.001204	0.000539
 - 	1011	-0.000760	-0.001218	0.000545
 - 	1012	-0.000758	-0.001215	0.000541
 - 	1013	-0.000759	-0.001200	0.000529
 - 	1014	-0.000769	-0.001170	0.000507
 - 	1015	-0.000787	-0.001136	0.000481
 - 	1016	-0.000817	-0.001099	0.000453
 - 	1017	-0.000850	-0.001068	0.000426
 - 	1018	-0.000870	-0.001042	0.000404
 - 	1019	-0.000895	-0.001027	0.000387
 - 	1020	-0.000907	-0.001024	0.000378
 - 	1021	-0.000914	-0.001028	0.000375
 - 	1022	-0.000926	-0.001046	0.000381
 - 	1023	-0.000929	-0.001073	0.000393
 - 	1024	-0.000945	-0.001106	0.000408
 - 	1025	-0.000945	-0.001132	0.000421
 - 	1026	-0.000958	-0.001153	0.000430
 - 	1027	-0.000969	-0.001162	0.000431
 - 	1028	-0.000984	-0.001164	0.000429
 - 	1029	-0.000995	-0.001159	0.000423
 - 	1030	-0.001002	-0.001156	0.000418
 - 	1031	-0.001016	-0.001146	0.000410
 - 	1032	-0.001031	-0.001136	0.000401
 - 	1033	-0.001050	-0.001127	0.000393
 - 	1034	-0.001065	-0.001116	0.000384
 - 	1035	-0.001089	-0.001108	0.000377
 - 	1036	-0.001104	-0.001091	0.000368
 - 	1037	-0.001120	-0.001069	0.000357
 - 	1038	-0.001127	-0.001037	0.000342
 - 	1039	-0.001128	-0.001006	0.000328
 - 	1040	-0.001113	-0.000992	0.000319
 - 	1041	-0.001094	-0.000995	0.000315
 - 	1042	-0.001065	-0.001006	0.000313
 - 	1043	-0.001040	-0.001019	0.000312
 - 	1044	-0.001010	-0.001017	0.000308
 - 	1045	-0.000987	-0.001008	0.000302
 - 	1046	-0.000959	-0.000993	0.000295
 - 	1047	-0.000943	-0.000985	0.000290
 - 	1048	-0.000927	-0.000990	0.000288
 - 	1049	-0.000912	-0.000997	0.000286
 - 	1050	-0.000903	-0.001012	0.000286
 - 	1051	-0.000896	-0.001027	0.000283
 - 	1052	-0.000898	-0.001031	0.000278
 - 	1053	-0.000912	-0.001021	0.000268
 - 	1054	-0.000933	-0.001002	0.000255
 - 	1055	-0.000963	-0.000977	0.000240
 - 	1056	-0.000994	-0.000955	0.000227
 - 	1057	-0.001025	-0.000944	0.000218
 - 	1058	-0.001060	-0.000934	0.000209
 - 	1059	-0.001100	-0.000931	0.000203
 - 	1060	-0.001133	-0.000932	0.000200
 - 	1061	-0.001130	-0.000937	0.000202
 - 	1062	-0.001102	-0.000950	0.000210
 - 	1063	-0.001030	-0.000979	0.000227
 - 	1064	-0.000937	-0.001029	0.000252
 - 	1065	-0.000859	-0.001098	0.000279
 - 	1066	-0.000812	-0.001166	0.000301
 - 	1067	-0.000814	-0.001206	0.000310
 - 	1068	-0.000847	-0.001216	0.000306
 - 	1069	-0.000895	-0.001204	0.000292
 - 	1070	-0.000952	-0.001157	0.000265
 - 	1071	-0.000997	-0.001067	0.000227
 - 	1072	-0.001050	-0.000961	0.000188
 - 	1073	-0.001101	-0.000866	0.000155
 - 	1074	-0.001139	-0.000797	0.000137
 - 	1075	-0.001178	-0.000759	0.000133
 - 	1076	-0.001213	-0.000751	0.000143
 - 	1077	-0.001263	-0.000752	0.000154
 - 	1078	-0.001308	-0.000769	0.000169
 - 	1079	-0.001340	-0.000802	0.000185
 - 	1080	-0.001370	-0.000835	0.000196
 - 	1081	-0.001372	-0.000841	0.000194
 - 	1082	-0.001367	-0.000837	0.000185
 - 	1083	-0.001359	-0.000845	0.000176
 - 	1084	-0.001343	-0.000868	0.000171
 - 	1085	-0.001314	-0.000891	0.000167
 - 	1086	-0.001290	-0.000912	0.000163
 - 	1087	-0.001280	-0.000941	0.000162
 - 	1088	-0.001288	-0.000971	0.000162
 - 	1089	-0.001312	-0.001007	0.000163
 - 	1090	-0.001345	-0.001043	0.000164
 - 	1091	-0.001394	-0.001081	0.000164
 - 	1092	-0.001441	-0.001109	0.000166
 - 	1093	-0.001495	-0.001134	0.000170
 - 	1094	-0.001547	-0.001156	0.000178
 - 	1095	-0.001585	-0.001190	0.000191
 - 	1096	-0.001615	-0.001236	0.000207
 - 	1097	-0.001616	-0.001296	0.000228
 - 	1098	-0.001589	-0.001363	0.000248
 - 	1099	-0.001525	-0.001436	0.000270
 - 	1100	-0.001434	-0.001507	0.000290
 - 	1101	-0.001328	-0.001575	0.000310
 - 	1102	-0.001230	-0.001623	0.000326
 - 	1103	-0.001135	-0.001648	0.000336
 - 	1104	-0.001064	-0.001641	0.000338
 - 	1105	-0.001013	-0.001592	0.000330
 - 	1106	-0.001017	-0.001509	0.000315
 - 	1107	-0.001073	-0.001394	0.000295
 - 	1108	-0.001170	-0.001240	0.000268
 - 	1109	-0.001299	-0.001042	0.000229
 - 	1110	-0.001443	-0.000811	0.000179
 - 	1111	-0.001598	-0.000555	0.000122
 - 	1112	-0.001758	-0.000302	0.000063
 - 	1113	-0.001877	-0.000074	0.000007
 - 	1114	-0.001965	0.000106	-0.000039
 - 	1115	-0.001998	0.000216	-0.000070
 - 	1116	-0.001993	0.000254	-0.000083
 - 	1117	-0.001985	0.000246	-0.000084
 - 	1118	-0.001978	0.000231	-0.000086
 - 	1119	-0.002005	0.000232	-0.000092
 - 	1120	-0.002062	0.000241	-0.000102
 - 	1121	-0.002121	0.000242	-0.000108
 - 	1122	-0.002156	0.000222	-0.000106
 - 	1123	-0.002169	0.000189	-0.000094
 - 	1124	-0.002159	0.000172	-0.000084
 - 	1125	-0.002172	0.000192	-0.000085
 - 	1126	-0.002239	0.000244	-0.000099
 - 	1127	-0.002337	0.000297	-0.000115
 - 	1128	-0.002461	0.000335	-0.000128
 - 	1129	-0.002602	0.000359	-0.000136
 - 	1130	-0.002744	0.000369	-0.000140
 - 	1131	-0.002897	0.000370	-0.000141
 - 	1132	-0.003036	0.000366	-0.000140
 - 	1133	-0.003159	0.000361	-0.000138
 - 	1134	-0.003266	0.000347	-0.000131
 - 	1135	-0.003355	0.000331	-0.000122
 - 	1136	-0.003457	0.000318	-0.000113
 - 	1137	-0.003572	0.000305	-0.000102
 - 	1138	-0.003708	0.000271	-0.000079
 - 	1139	-0.003846	0.000222	-0.000043
 - 	1140	-0.003988	0.000162	0.000000
 - 	1141	-0.004137	0.000101	0.000047
 - 	1142	-0.004270	0.000041	0.000096
 - 	1143	-0.004408	-0.000027	0.000151
 - 	1144	-0.004511	-0.000108	0.000217
 - 	1145	-0.004595	-0.000202	0.000291
 - 	1146	-0.004654	-0.000298	0.000371
 - 	1147	-0.004692	-0.000387	0.000448
 - 	1148	-0.004700	-0.000457	0.000513
 - 	1149	-0.004651	-0.000506	0.000560
 - 	1150	-0.004559	-0.000540	0.000596
 - 	1151	-0.004406	-0.000568	0.000625
 - 	1152	-0.004222	-0.000575	0.000638
 - 	1153	-0.003997	-0.000555	0.000629
 - 	1154	-0.003744	-0.000502	0.000593
 - 	1155	-0.003471	-0.000425	0.000535
 - 	1156	-0.003170	-0.000333	0.000461
 - 	1157	-0.002851	-0.000240	0.000385
 - 	1158	-0.002522	-0.000155	0.000312
 - 	1159	-0.002954	-0.000063	0.000206
 - 	1160	0.005678	-0.000310	0.000298
 - 	1161	-0.009382	0.000319	0.000019
 - 	1162	-0.000641	0.000160	0.000048
 - 	1163	-0.001228	0.000213	-0.000041
 - 	1164	-0.001146	0.000276	-0.000113
 - 	1165	-0.001125	0.000323	-0.000177
 - 	1166	-0.001139	0.000346	-0.000223
 - 	1167	-0.001170	0.000346	-0.000251
 - 	1168	-0.001197	0.000343	-0.000278
 - 	1169	-0.001210	0.000350	-0.000314
 - 	1170	-0.001199	0.000363	-0.000352
 - 	1171	-0.001161	0.000376	-0.000387
 - 	1172	-0.001104	0.000401	-0.000428
 - 	1173	-0.001036	0.000442	-0.000475
 - 	1174	-0.001028	0.000479	-0.000512
 - 	1175	-0.001163	0.000467	-0.000508
 - 	1176	-0.001510	0.000378	-0.000444
 - 	1177	-0.002100	0.000195	-0.000309
 - 	1178	-0.002995	-0.000076	-0.000102
 - 	1179	-0.004226	-0.000428	0.000178
 - 	1180	-0.005791	-0.000840	0.000526
 - 	1181	-0.007608	-0.001283	0.000935
 - 	1182	-0.009635	-0.001725	0.001389
 - 	1183	-0.011861	-0.002148	0.001875
 - 	1184	-0.014220	-0.002532	0.002368
 - 	1185	-0.016542	-0.002861	0.002843
 - 	1186	-0.018483	-0.003092	0.003243
 - 	1187	-0.019608	-0.003153	0.003474
 - 	1188	-0.019355	-0.002945	0.003400
 - 	1189	-0.017071	-0.002370	0.002872
 - 	1190			
 - 	1191			
