RKNE_MOMENT
File	Frame	X 	Y 	Z 
Trial_2.filtered_40.c3d	1			
 - 	2			
 - 	3	-0.002826	-0.000617	0.000135
 - 	4	-0.002778	-0.000634	0.000129
 - 	5	-0.002739	-0.000651	0.000125
 - 	6	-0.002721	-0.000659	0.000123
 - 	7	-0.002768	-0.000600	0.000134
 - 	8	-0.002737	-0.000629	0.000128
 - 	9	-0.002710	-0.000659	0.000123
 - 	10	-0.002789	-0.000604	0.000136
 - 	11	-0.002835	-0.000601	0.000139
 - 	12	-0.002861	-0.000606	0.000142
 - 	13	-0.002897	-0.000608	0.000144
 - 	14	-0.002905	-0.000616	0.000143
 - 	15	-0.002932	-0.000618	0.000142
 - 	16	-0.002939	-0.000620	0.000140
 - 	17	-0.002924	-0.000615	0.000136
 - 	18	-0.002905	-0.000604	0.000133
 - 	19	-0.002850	-0.000597	0.000130
 - 	20	-0.002801	-0.000593	0.000129
 - 	21	-0.002745	-0.000621	0.000124
 - 	22	-0.002717	-0.000591	0.000127
 - 	23	-0.002721	-0.000563	0.000129
 - 	24	-0.002721	-0.000600	0.000123
 - 	25	-0.002740	-0.000610	0.000123
 - 	26	-0.002776	-0.000614	0.000125
 - 	27	-0.002804	-0.000618	0.000128
 - 	28	-0.002847	-0.000623	0.000132
 - 	29	-0.002871	-0.000628	0.000135
 - 	30	-0.002877	-0.000636	0.000136
 - 	31	-0.002887	-0.000638	0.000135
 - 	32	-0.002864	-0.000639	0.000132
 - 	33	-0.002857	-0.000634	0.000129
 - 	34	-0.002837	-0.000632	0.000127
 - 	35	-0.002848	-0.000622	0.000129
 - 	36	-0.002866	-0.000611	0.000133
 - 	37	-0.002863	-0.000599	0.000137
 - 	38	-0.002852	-0.000591	0.000140
 - 	39	-0.002851	-0.000592	0.000143
 - 	40	-0.002840	-0.000606	0.000147
 - 	41	-0.002823	-0.000621	0.000149
 - 	42	-0.002778	-0.000638	0.000148
 - 	43	-0.002786	-0.000617	0.000148
 - 	44	-0.002789	-0.000594	0.000146
 - 	45	-0.002754	-0.000597	0.000141
 - 	46	-0.002760	-0.000592	0.000137
 - 	47	-0.002780	-0.000592	0.000134
 - 	48	-0.002802	-0.000595	0.000131
 - 	49	-0.002834	-0.000594	0.000131
 - 	50	-0.002844	-0.000595	0.000131
 - 	51	-0.002847	-0.000592	0.000130
 - 	52	-0.002839	-0.000597	0.000129
 - 	53	-0.002834	-0.000605	0.000127
 - 	54	-0.002834	-0.000614	0.000126
 - 	55	-0.002843	-0.000615	0.000128
 - 	56	-0.002831	-0.000617	0.000129
 - 	57	-0.002829	-0.000616	0.000130
 - 	58	-0.002807	-0.000628	0.000126
 - 	59	-0.002797	-0.000635	0.000126
 - 	60	-0.002797	-0.000636	0.000128
 - 	61	-0.002797	-0.000633	0.000128
 - 	62	-0.002803	-0.000625	0.000131
 - 	63	-0.002827	-0.000613	0.000135
 - 	64	-0.002839	-0.000607	0.000139
 - 	65	-0.002853	-0.000602	0.000141
 - 	66	-0.002870	-0.000597	0.000142
 - 	67	-0.002855	-0.000592	0.000138
 - 	68	-0.002842	-0.000584	0.000132
 - 	69	-0.002807	-0.000582	0.000125
 - 	70	-0.002815	-0.000580	0.000123
 - 	71	-0.002806	-0.000591	0.000120
 - 	72	-0.002811	-0.000603	0.000121
 - 	73	-0.002823	-0.000611	0.000124
 - 	74	-0.002824	-0.000617	0.000128
 - 	75	-0.002838	-0.000618	0.000133
 - 	76	-0.002845	-0.000620	0.000137
 - 	77	-0.002846	-0.000617	0.000139
 - 	78	-0.002817	-0.000611	0.000137
 - 	79	-0.002784	-0.000607	0.000132
 - 	80	-0.002752	-0.000604	0.000127
 - 	81	-0.002725	-0.000601	0.000122
 - 	82	-0.002722	-0.000597	0.000119
 - 	83	-0.002720	-0.000601	0.000118
 - 	84	-0.002759	-0.000606	0.000123
 - 	85	-0.002803	-0.000611	0.000129
 - 	86	-0.002860	-0.000615	0.000138
 - 	87	-0.002900	-0.000620	0.000144
 - 	88	-0.002927	-0.000619	0.000149
 - 	89	-0.002922	-0.000626	0.000145
 - 	90	-0.002924	-0.000632	0.000141
 - 	91	-0.002921	-0.000633	0.000143
 - 	92	-0.002900	-0.000636	0.000142
 - 	93	-0.002889	-0.000626	0.000142
 - 	94	-0.002845	-0.000617	0.000142
 - 	95	-0.002810	-0.000604	0.000141
 - 	96	-0.002782	-0.000600	0.000139
 - 	97	-0.002758	-0.000598	0.000135
 - 	98	-0.002742	-0.000592	0.000131
 - 	99	-0.002729	-0.000587	0.000126
 - 	100	-0.002722	-0.000585	0.000125
 - 	101	-0.002719	-0.000583	0.000126
 - 	102	-0.002723	-0.000583	0.000125
 - 	103	-0.002745	-0.000578	0.000128
 - 	104	-0.002779	-0.000575	0.000134
 - 	105	-0.002799	-0.000591	0.000137
 - 	106	-0.002851	-0.000609	0.000139
 - 	107	-0.002873	-0.000627	0.000137
 - 	108	-0.002887	-0.000641	0.000132
 - 	109	-0.002889	-0.000649	0.000127
 - 	110	-0.002878	-0.000653	0.000122
 - 	111	-0.002863	-0.000656	0.000119
 - 	112	-0.002861	-0.000648	0.000118
 - 	113	-0.002831	-0.000642	0.000117
 - 	114	-0.002817	-0.000621	0.000120
 - 	115	-0.002781	-0.000603	0.000125
 - 	116	-0.002761	-0.000585	0.000131
 - 	117	-0.002757	-0.000574	0.000139
 - 	118	-0.002756	-0.000571	0.000144
 - 	119	-0.002757	-0.000574	0.000146
 - 	120	-0.002748	-0.000588	0.000146
 - 	121	-0.002770	-0.000605	0.000145
 - 	122	-0.002788	-0.000628	0.000145
 - 	123	-0.002837	-0.000641	0.000147
 - 	124	-0.002853	-0.000652	0.000149
 - 	125	-0.002874	-0.000654	0.000148
 - 	126	-0.002879	-0.000656	0.000146
 - 	127	-0.002876	-0.000656	0.000141
 - 	128	-0.002862	-0.000646	0.000138
 - 	129	-0.002857	-0.000627	0.000135
 - 	130	-0.002828	-0.000614	0.000129
 - 	131	-0.002813	-0.000606	0.000124
 - 	132	-0.002806	-0.000605	0.000118
 - 	133	-0.002796	-0.000607	0.000114
 - 	134	-0.002805	-0.000599	0.000114
 - 	135	-0.002806	-0.000593	0.000115
 - 	136	-0.002808	-0.000587	0.000119
 - 	137	-0.002824	-0.000584	0.000125
 - 	138	-0.002820	-0.000590	0.000130
 - 	139	-0.002816	-0.000603	0.000134
 - 	140	-0.002806	-0.000617	0.000136
 - 	141	-0.002790	-0.000626	0.000134
 - 	142	-0.002779	-0.000624	0.000130
 - 	143	-0.002766	-0.000618	0.000127
 - 	144	-0.002751	-0.000611	0.000125
 - 	145	-0.002764	-0.000603	0.000126
 - 	146	-0.002771	-0.000600	0.000129
 - 	147	-0.002783	-0.000592	0.000132
 - 	148	-0.002790	-0.000589	0.000134
 - 	149	-0.002795	-0.000595	0.000135
 - 	150	-0.002796	-0.000612	0.000135
 - 	151	-0.002801	-0.000629	0.000137
 - 	152	-0.002795	-0.000642	0.000139
 - 	153	-0.002800	-0.000645	0.000141
 - 	154	-0.002804	-0.000654	0.000142
 - 	155	-0.002826	-0.000660	0.000143
 - 	156	-0.002850	-0.000664	0.000146
 - 	157	-0.002880	-0.000666	0.000147
 - 	158	-0.002899	-0.000660	0.000148
 - 	159	-0.002898	-0.000649	0.000145
 - 	160	-0.002880	-0.000633	0.000140
 - 	161	-0.002856	-0.000615	0.000135
 - 	162	-0.002834	-0.000596	0.000130
 - 	163	-0.002794	-0.000581	0.000122
 - 	164	-0.002759	-0.000567	0.000116
 - 	165	-0.002736	-0.000558	0.000111
 - 	166	-0.002734	-0.000552	0.000109
 - 	167	-0.002738	-0.000558	0.000109
 - 	168	-0.002771	-0.000570	0.000112
 - 	169	-0.002808	-0.000588	0.000116
 - 	170	-0.002858	-0.000603	0.000122
 - 	171	-0.002921	-0.000612	0.000131
 - 	172	-0.002972	-0.000614	0.000140
 - 	173	-0.003022	-0.000611	0.000148
 - 	174	-0.003054	-0.000605	0.000152
 - 	175	-0.003075	-0.000591	0.000155
 - 	176	-0.003075	-0.000574	0.000155
 - 	177	-0.003068	-0.000550	0.000153
 - 	178	-0.003043	-0.000530	0.000149
 - 	179	-0.003022	-0.000511	0.000146
 - 	180	-0.002985	-0.000499	0.000142
 - 	181	-0.002950	-0.000486	0.000140
 - 	182	-0.002900	-0.000482	0.000140
 - 	183	-0.002870	-0.000480	0.000141
 - 	184	-0.002839	-0.000483	0.000141
 - 	185	-0.002800	-0.000492	0.000141
 - 	186	-0.002792	-0.000502	0.000145
 - 	187	-0.002787	-0.000517	0.000152
 - 	188	-0.002830	-0.000524	0.000164
 - 	189	-0.002867	-0.000529	0.000178
 - 	190	-0.002919	-0.000527	0.000193
 - 	191	-0.002966	-0.000526	0.000207
 - 	192	-0.003023	-0.000522	0.000219
 - 	193	-0.003060	-0.000525	0.000230
 - 	194	-0.003113	-0.000524	0.000240
 - 	195	-0.003156	-0.000520	0.000248
 - 	196	-0.003180	-0.000517	0.000250
 - 	197	-0.003159	-0.000518	0.000244
 - 	198	-0.003080	-0.000530	0.000224
 - 	199	-0.002936	-0.000559	0.000189
 - 	200	-0.002701	-0.000614	0.000136
 - 	201	-0.002373	-0.000696	0.000066
 - 	202	-0.002027	-0.000783	-0.000006
 - 	203	-0.001757	-0.000859	-0.000057
 - 	204	-0.001648	-0.000904	-0.000071
 - 	205	-0.001684	-0.000922	-0.000052
 - 	206	-0.001853	-0.000908	-0.000004
 - 	207	-0.002102	-0.000867	0.000055
 - 	208	-0.002335	-0.000812	0.000108
 - 	209	-0.002520	-0.000759	0.000147
 - 	210	-0.002624	-0.000717	0.000170
 - 	211	-0.002700	-0.000683	0.000186
 - 	212	-0.002707	-0.000668	0.000194
 - 	213	-0.002703	-0.000655	0.000199
 - 	214	-0.002676	-0.000643	0.000202
 - 	215	-0.002636	-0.000632	0.000201
 - 	216	-0.002609	-0.000617	0.000198
 - 	217	-0.002596	-0.000606	0.000195
 - 	218	-0.002581	-0.000606	0.000192
 - 	219	-0.002593	-0.000608	0.000191
 - 	220	-0.002580	-0.000614	0.000187
 - 	221	-0.002587	-0.000605	0.000185
 - 	222	-0.002610	-0.000587	0.000184
 - 	223	-0.002634	-0.000576	0.000185
 - 	224	-0.002654	-0.000583	0.000186
 - 	225	-0.002675	-0.000605	0.000186
 - 	226	-0.002655	-0.000638	0.000181
 - 	227	-0.002639	-0.000668	0.000176
 - 	228	-0.002602	-0.000691	0.000169
 - 	229	-0.002543	-0.000713	0.000159
 - 	230	-0.002498	-0.000723	0.000152
 - 	231	-0.002450	-0.000732	0.000145
 - 	232	-0.002412	-0.000735	0.000140
 - 	233	-0.002381	-0.000728	0.000137
 - 	234	-0.002353	-0.000711	0.000135
 - 	235	-0.002337	-0.000683	0.000134
 - 	236	-0.002340	-0.000644	0.000136
 - 	237	-0.002362	-0.000590	0.000141
 - 	238	-0.002373	-0.000531	0.000145
 - 	239	-0.002395	-0.000474	0.000150
 - 	240	-0.002385	-0.000438	0.000151
 - 	241	-0.002372	-0.000411	0.000151
 - 	242	-0.002352	-0.000388	0.000151
 - 	243	-0.002328	-0.000378	0.000149
 - 	244	-0.002326	-0.000373	0.000149
 - 	245	-0.002322	-0.000397	0.000149
 - 	246	-0.002344	-0.000444	0.000149
 - 	247	-0.002354	-0.000513	0.000148
 - 	248	-0.002387	-0.000581	0.000150
 - 	249	-0.002406	-0.000656	0.000148
 - 	250	-0.002434	-0.000716	0.000146
 - 	251	-0.002444	-0.000746	0.000140
 - 	252	-0.002451	-0.000742	0.000136
 - 	253	-0.002484	-0.000709	0.000136
 - 	254	-0.002530	-0.000659	0.000140
 - 	255	-0.002594	-0.000608	0.000148
 - 	256	-0.002682	-0.000571	0.000161
 - 	257	-0.002771	-0.000560	0.000171
 - 	258	-0.002812	-0.000565	0.000172
 - 	259	-0.002831	-0.000552	0.000166
 - 	260	-0.002786	-0.000518	0.000151
 - 	261	-0.002712	-0.000465	0.000134
 - 	262	-0.002661	-0.000403	0.000122
 - 	263	-0.002624	-0.000348	0.000115
 - 	264	-0.002591	-0.000298	0.000113
 - 	265	-0.002547	-0.000256	0.000111
 - 	266	-0.002476	-0.000225	0.000107
 - 	267	-0.002431	-0.000201	0.000105
 - 	268	-0.002384	-0.000179	0.000103
 - 	269	-0.002345	-0.000149	0.000103
 - 	270	-0.002312	-0.000114	0.000102
 - 	271	-0.002289	-0.000071	0.000102
 - 	272	-0.002274	-0.000021	0.000101
 - 	273	-0.002241	0.000021	0.000097
 - 	274	-0.002207	0.000045	0.000091
 - 	275	-0.002171	0.000049	0.000083
 - 	276	-0.002139	0.000042	0.000073
 - 	277	-0.002112	0.000041	0.000066
 - 	278	-0.002101	0.000054	0.000065
 - 	279	-0.002083	0.000075	0.000067
 - 	280	-0.002082	0.000114	0.000073
 - 	281	-0.002086	0.000168	0.000087
 - 	282	-0.002106	0.000231	0.000105
 - 	283	-0.002143	0.000289	0.000126
 - 	284	-0.002184	0.000331	0.000146
 - 	285	-0.002238	0.000363	0.000167
 - 	286	-0.002290	0.000385	0.000191
 - 	287	-0.002364	0.000401	0.000218
 - 	288	-0.002420	0.000390	0.000237
 - 	289	-0.002439	0.000362	0.000241
 - 	290	-0.002401	0.000336	0.000229
 - 	291	-0.002265	0.000301	0.000192
 - 	292	-0.002077	0.000253	0.000131
 - 	293	-0.001827	0.000165	0.000033
 - 	294	-0.001521	0.000037	-0.000101
 - 	295	-0.001251	-0.000110	-0.000249
 - 	296	-0.001149	-0.000253	-0.000378
 - 	297	-0.001370	-0.000374	-0.000460
 - 	298	-0.001897	-0.000483	-0.000500
 - 	299	-0.002626	-0.000579	-0.000518
 - 	300	-0.003372	-0.000666	-0.000542
 - 	301	-0.004018	-0.000745	-0.000591
 - 	302	-0.004528	-0.000815	-0.000669
 - 	303	-0.004921	-0.000869	-0.000766
 - 	304	-0.005147	-0.000890	-0.000859
 - 	305	-0.005224	-0.000860	-0.000923
 - 	306	-0.005151	-0.000797	-0.000962
 - 	307	-0.004971	-0.000720	-0.000988
 - 	308	-0.004690	-0.000635	-0.001000
 - 	309	-0.004318	-0.000539	-0.000987
 - 	310	-0.003880	-0.000437	-0.000951
 - 	311	-0.003380	-0.000347	-0.000905
 - 	312	-0.002863	-0.000275	-0.000859
 - 	313	-0.002316	-0.000225	-0.000816
 - 	314	-0.001776	-0.000194	-0.000772
 - 	315	-0.001234	-0.000191	-0.000739
 - 	316	-0.000722	-0.000216	-0.000733
 - 	317	-0.000239	-0.000264	-0.000753
 - 	318	0.000182	-0.000319	-0.000786
 - 	319	0.000509	-0.000365	-0.000812
 - 	320	0.000728	-0.000396	-0.000824
 - 	321	0.000814	-0.000410	-0.000824
 - 	322	0.000804	-0.000412	-0.000817
 - 	323	0.000736	-0.000407	-0.000802
 - 	324	0.000622	-0.000396	-0.000778
 - 	325	0.000488	-0.000383	-0.000740
 - 	326	0.000346	-0.000372	-0.000698
 - 	327	0.000195	-0.000368	-0.000670
 - 	328	0.000036	-0.000374	-0.000664
 - 	329	-0.000104	-0.000385	-0.000671
 - 	330	-0.000273	-0.000390	-0.000682
 - 	331	-0.000425	-0.000389	-0.000691
 - 	332	-0.000579	-0.000378	-0.000688
 - 	333	-0.000705	-0.000361	-0.000663
 - 	334	-0.000805	-0.000337	-0.000614
 - 	335	-0.000914	-0.000302	-0.000550
 - 	336	-0.001026	-0.000265	-0.000493
 - 	337	-0.001157	-0.000228	-0.000447
 - 	338	-0.001293	-0.000186	-0.000402
 - 	339	-0.001451	-0.000140	-0.000357
 - 	340	-0.001630	-0.000091	-0.000313
 - 	341	-0.001808	-0.000045	-0.000284
 - 	342	-0.002011	-0.000004	-0.000272
 - 	343	-0.002213	0.000029	-0.000275
 - 	344	-0.002415	0.000054	-0.000291
 - 	345	-0.002628	0.000066	-0.000319
 - 	346	-0.002830	0.000064	-0.000356
 - 	347	-0.003035	0.000051	-0.000403
 - 	348	-0.003259	0.000030	-0.000453
 - 	349	-0.003484	0.000004	-0.000501
 - 	350	-0.003712	-0.000018	-0.000533
 - 	351	-0.003948	-0.000035	-0.000551
 - 	352	-0.004180	-0.000044	-0.000545
 - 	353	-0.004402	-0.000049	-0.000525
 - 	354	-0.004617	-0.000059	-0.000512
 - 	355	-0.004842	-0.000074	-0.000508
 - 	356	-0.005082	-0.000088	-0.000506
 - 	357	-0.005293	-0.000096	-0.000489
 - 	358	-0.005533	-0.000098	-0.000468
 - 	359	-0.005749	-0.000098	-0.000443
 - 	360	-0.005997	-0.000112	-0.000443
 - 	361	-0.006229	-0.000145	-0.000465
 - 	362	-0.006477	-0.000181	-0.000489
 - 	363	-0.006747	-0.000192	-0.000482
 - 	364	-0.006982	-0.000179	-0.000454
 - 	365	-0.007115	-0.000161	-0.000434
 - 	366	-0.007146	-0.000155	-0.000438
 - 	367	-0.007144	-0.000156	-0.000454
 - 	368	-0.007143	-0.000158	-0.000468
 - 	369	-0.007143	-0.000144	-0.000467
 - 	370	-0.007134	-0.000112	-0.000453
 - 	371	-0.007045	-0.000046	-0.000419
 - 	372	-0.006924	0.000056	-0.000364
 - 	373	-0.006774	0.000192	-0.000288
 - 	374	-0.006613	0.000332	-0.000215
 - 	375	-0.006475	0.000451	-0.000160
 - 	376	-0.006332	0.000556	-0.000115
 - 	377	-0.006249	0.000675	-0.000061
 - 	378	-0.006177	0.000803	-0.000001
 - 	379	-0.006148	0.000938	0.000063
 - 	380	-0.006110	0.001072	0.000125
 - 	381	-0.006118	0.001198	0.000181
 - 	382	-0.006127	0.001274	0.000215
 - 	383	-0.006168	0.001285	0.000223
 - 	384	-0.006217	0.001243	0.000214
 - 	385	-0.006262	0.001180	0.000203
 - 	386	-0.006282	0.001097	0.000186
 - 	387	-0.006276	0.000977	0.000155
 - 	388	-0.006284	0.000812	0.000111
 - 	389	-0.006301	0.000629	0.000066
 - 	390	-0.006347	0.000458	0.000036
 - 	391	-0.006403	0.000307	0.000020
 - 	392	-0.006416	0.000177	0.000009
 - 	393	-0.006290	0.000066	-0.000007
 - 	394	-0.006021	-0.000032	-0.000033
 - 	395	-0.005663	-0.000129	-0.000065
 - 	396	-0.005263	-0.000237	-0.000106
 - 	397	-0.004815	-0.000369	-0.000159
 - 	398	-0.004307	-0.000505	-0.000215
 - 	399	-0.003739	-0.000634	-0.000265
 - 	400	-0.003094	-0.000748	-0.000304
 - 	401	-0.002333	-0.000858	-0.000334
 - 	402	-0.001490	-0.000964	-0.000355
 - 	403	-0.000561	-0.001045	-0.000360
 - 	404	0.000401	-0.001075	-0.000338
 - 	405	0.001334	-0.001035	-0.000287
 - 	406	0.002143	-0.000915	-0.000206
 - 	407	0.002751	-0.000720	-0.000103
 - 	408	0.003081	-0.000471	0.000007
 - 	409	0.003090	-0.000180	0.000116
 - 	410	-0.003291	-0.002076	-0.000438
 - 	411	-0.002870	-0.003145	-0.000964
 - 	412	-0.001055	-0.004310	-0.001229
 - 	413	0.001418	-0.005137	-0.001355
 - 	414	0.004080	-0.005739	-0.001453
 - 	415	0.006457	-0.006239	-0.001475
 - 	416	0.008453	-0.006087	-0.001332
 - 	417	0.010373	-0.005041	-0.000910
 - 	418	0.012063	-0.003252	-0.000221
 - 	419	0.013461	-0.001674	0.000475
 - 	420	0.014018	-0.000806	0.001013
 - 	421	0.013731	-0.000462	0.001331
 - 	422	0.013871	-0.000187	0.001568
 - 	423	0.015391	0.000181	0.001874
 - 	424	0.017939	0.000818	0.002343
 - 	425	0.020636	0.001677	0.002879
 - 	426	0.023027	0.002752	0.003467
 - 	427	0.024891	0.003741	0.004119
 - 	428	0.026372	0.004762	0.004834
 - 	429	0.027751	0.005654	0.005539
 - 	430	0.029143	0.006104	0.005999
 - 	431	0.030758	0.006432	0.006384
 - 	432	0.032545	0.006665	0.006727
 - 	433	0.034134	0.006875	0.007050
 - 	434	0.035519	0.007225	0.007387
 - 	435	0.037021	0.007678	0.007735
 - 	436	0.038502	0.008215	0.008109
 - 	437	0.039721	0.008824	0.008438
 - 	438	0.040830	0.009679	0.008845
 - 	439	0.041987	0.010705	0.009324
 - 	440	0.043102	0.011618	0.009703
 - 	441	0.044283	0.012408	0.010001
 - 	442	0.045406	0.013316	0.010327
 - 	443	0.046370	0.014258	0.010614
 - 	444	0.047278	0.015154	0.010953
 - 	445	0.048168	0.016064	0.011270
 - 	446	0.048921	0.016735	0.011494
 - 	447	0.049656	0.017455	0.011751
 - 	448	0.050361	0.018407	0.012049
 - 	449	0.050965	0.018952	0.012177
 - 	450	0.051586	0.019506	0.012308
 - 	451	0.052208	0.020425	0.012503
 - 	452	0.052664	0.021155	0.012600
 - 	453	0.053034	0.021736	0.012643
 - 	454	0.053390	0.022364	0.012719
 - 	455	0.053660	0.022843	0.012744
 - 	456	0.053810	0.023436	0.012741
 - 	457	0.053829	0.024147	0.012755
 - 	458	0.053810	0.024860	0.012718
 - 	459	0.053681	0.025435	0.012610
 - 	460	0.053505	0.026048	0.012554
 - 	461	0.053304	0.026622	0.012524
 - 	462	0.052922	0.027255	0.012477
 - 	463	0.052405	0.028030	0.012431
 - 	464	0.051902	0.028679	0.012308
 - 	465	0.051616	0.029129	0.012054
 - 	466	0.051492	0.029610	0.011841
 - 	467	0.051121	0.030045	0.011682
 - 	468	0.050477	0.030352	0.011485
 - 	469	0.049791	0.030589	0.011220
 - 	470	0.049084	0.031051	0.010961
 - 	471	0.048352	0.031293	0.010721
 - 	472	0.047736	0.031331	0.010504
 - 	473	0.047124	0.031361	0.010220
 - 	474	0.046453	0.031405	0.009931
 - 	475	0.045749	0.031327	0.009656
 - 	476	0.044993	0.031146	0.009357
 - 	477	0.044124	0.030939	0.009071
 - 	478	0.043293	0.030895	0.008761
 - 	479	0.042394	0.030927	0.008504
 - 	480	0.041333	0.030806	0.008315
 - 	481	0.040560	0.030644	0.008117
 - 	482	0.039777	0.030538	0.007879
 - 	483	0.038978	0.030467	0.007646
 - 	484	0.038284	0.030283	0.007377
 - 	485	0.037588	0.030217	0.007125
 - 	486	0.036774	0.030209	0.006913
 - 	487	0.035916	0.030128	0.006694
 - 	488	0.035218	0.029933	0.006465
 - 	489	0.034758	0.029768	0.006236
 - 	490	0.034318	0.029474	0.006051
 - 	491	0.033902	0.029179	0.005820
 - 	492	0.033450	0.028792	0.005537
 - 	493	0.032972	0.028358	0.005270
 - 	494	0.032665	0.027995	0.005030
 - 	495	0.032325	0.027690	0.004811
 - 	496	0.031888	0.027388	0.004593
 - 	497	0.031369	0.027091	0.004388
 - 	498	0.031019	0.026902	0.004178
 - 	499	0.030682	0.026492	0.003953
 - 	500	0.030189	0.026236	0.003713
 - 	501	0.029734	0.026289	0.003528
 - 	502	0.029569	0.026350	0.003347
 - 	503	0.029237	0.026364	0.003150
 - 	504	0.028768	0.026357	0.002934
 - 	505	0.028349	0.026508	0.002727
 - 	506	0.027981	0.026717	0.002600
 - 	507	0.027658	0.026715	0.002464
 - 	508	0.027228	0.026613	0.002256
 - 	509	0.026805	0.026743	0.002075
 - 	510	0.026425	0.026805	0.001934
 - 	511	0.026088	0.026961	0.001814
 - 	512	0.025793	0.027275	0.001648
 - 	513	0.025408	0.027550	0.001517
 - 	514	0.024975	0.027699	0.001391
 - 	515	0.024564	0.027728	0.001169
 - 	516	0.024233	0.027744	0.000915
 - 	517	0.023870	0.027973	0.000716
 - 	518	0.023534	0.028266	0.000581
 - 	519	0.023126	0.028313	0.000361
 - 	520	0.022699	0.028561	0.000111
 - 	521	0.022300	0.028873	-0.000107
 - 	522	0.021747	0.029064	-0.000239
 - 	523	0.021264	0.029292	-0.000342
 - 	524	0.021051	0.029684	-0.000548
 - 	525	0.020820	0.029871	-0.000822
 - 	526	0.020443	0.029933	-0.001035
 - 	527	0.020203	0.030013	-0.001200
 - 	528	0.019958	0.030104	-0.001380
 - 	529	0.019680	0.030362	-0.001651
 - 	530	0.019376	0.030724	-0.001923
 - 	531	0.019051	0.030812	-0.002209
 - 	532	0.018611	0.030781	-0.002453
 - 	533	0.018056	0.030768	-0.002657
 - 	534	0.017583	0.030634	-0.002859
 - 	535	0.017155	0.030523	-0.003117
 - 	536	0.016842	0.030607	-0.003376
 - 	537	0.016683	0.030674	-0.003616
 - 	538	0.016584	0.030664	-0.003840
 - 	539	0.016398	0.030671	-0.004065
 - 	540	0.016056	0.030654	-0.004256
 - 	541	0.015692	0.030622	-0.004445
 - 	542	0.015409	0.030489	-0.004591
 - 	543	0.015285	0.030394	-0.004739
 - 	544	0.015258	0.030498	-0.004864
 - 	545	0.015108	0.030641	-0.005009
 - 	546	0.014788	0.030757	-0.005147
 - 	547	0.014407	0.030922	-0.005224
 - 	548	0.014227	0.031074	-0.005290
 - 	549	0.014095	0.031112	-0.005373
 - 	550	0.014070	0.031153	-0.005486
 - 	551	0.014146	0.031332	-0.005620
 - 	552	0.014013	0.031420	-0.005766
 - 	553	0.013744	0.031339	-0.005885
 - 	554	0.013704	0.031260	-0.005998
 - 	555	0.013719	0.031288	-0.006144
 - 	556	0.013640	0.031192	-0.006273
 - 	557	0.013512	0.030975	-0.006325
 - 	558	0.013212	0.030702	-0.006352
 - 	559	0.012972	0.030687	-0.006443
 - 	560	0.012764	0.030709	-0.006607
 - 	561	0.012649	0.030755	-0.006751
 - 	562	0.012448	0.030630	-0.006817
 - 	563	0.012041	0.030255	-0.006844
 - 	564	0.011784	0.029963	-0.006879
 - 	565	0.011848	0.029802	-0.006857
 - 	566	0.011736	0.029624	-0.006787
 - 	567	0.011579	0.029615	-0.006869
 - 	568	0.011565	0.029548	-0.006943
 - 	569	0.011526	0.029252	-0.006927
 - 	570	0.011386	0.029027	-0.006840
 - 	571	0.011173	0.028920	-0.006778
 - 	572	0.010924	0.028863	-0.006753
 - 	573	0.010900	0.028644	-0.006716
 - 	574	0.010956	0.028179	-0.006597
 - 	575	0.010904	0.027745	-0.006431
 - 	576	0.010802	0.027280	-0.006303
 - 	577	0.010811	0.027071	-0.006243
 - 	578	0.010845	0.026819	-0.006103
 - 	579	0.010845	0.026307	-0.005881
 - 	580	0.010763	0.025704	-0.005676
 - 	581	0.010793	0.025077	-0.005441
 - 	582	0.010991	0.024351	-0.005126
 - 	583	0.011280	0.023650	-0.004889
 - 	584	0.011513	0.022860	-0.004733
 - 	585	0.011528	0.021882	-0.004467
 - 	586	0.011436	0.020802	-0.004125
 - 	587	0.011526	0.019837	-0.003797
 - 	588	0.011910	0.018955	-0.003469
 - 	589	0.012194	0.018008	-0.003069
 - 	590	0.012239	0.016883	-0.002639
 - 	591	0.012121	0.015661	-0.002287
 - 	592	0.012060	0.014622	-0.002025
 - 	593	0.011981	0.013621	-0.001752
 - 	594	0.011761	0.012609	-0.001429
 - 	595	0.011691	0.011423	-0.001125
 - 	596	0.011675	0.010194	-0.000894
 - 	597	0.011430	0.009106	-0.000758
 - 	598	0.011081	0.008222	-0.000759
 - 	599	0.010541	0.007597	-0.000731
 - 	600	0.009646	0.006911	-0.000574
 - 	601	0.008694	0.006121	-0.000425
 - 	602	0.007530	0.005306	-0.000275
 - 	603	0.006583	0.004601	-0.000193
 - 	604	0.005886	0.004012	-0.000201
 - 	605	0.004975	0.003433	-0.000210
 - 	606	0.004321	0.002823	-0.000199
 - 	607	0.003805	0.002101	-0.000196
 - 	608	0.003307	0.001215	-0.000225
 - 	609	0.003207	0.000512	-0.000311
 - 	610	0.002942	0.000037	-0.000332
 - 	611	0.002094	-0.000307	-0.000344
 - 	612	0.001216	-0.000606	-0.000319
 - 	613	0.000642	-0.000974	-0.000306
 - 	614	0.000096	-0.001221	-0.000324
 - 	615	-0.000753	-0.001174	-0.000217
 - 	616	-0.002050	-0.000770	-0.000760
 - 	617	-0.001873	-0.000748	-0.000784
 - 	618	-0.001692	-0.000722	-0.000801
 - 	619	-0.001557	-0.000698	-0.000818
 - 	620	-0.001521	-0.000682	-0.000837
 - 	621	-0.001579	-0.000662	-0.000852
 - 	622	-0.001704	-0.000612	-0.000843
 - 	623	-0.001847	-0.000532	-0.000810
 - 	624	-0.001991	-0.000436	-0.000760
 - 	625	-0.002082	-0.000342	-0.000705
 - 	626	-0.002074	-0.000257	-0.000639
 - 	627	-0.001961	-0.000182	-0.000557
 - 	628	-0.001761	-0.000130	-0.000472
 - 	629	-0.001497	-0.000108	-0.000398
 - 	630	-0.001193	-0.000120	-0.000352
 - 	631	-0.000898	-0.000161	-0.000342
 - 	632	-0.000663	-0.000224	-0.000365
 - 	633	-0.000555	-0.000298	-0.000414
 - 	634	-0.000599	-0.000383	-0.000488
 - 	635	-0.000812	-0.000475	-0.000586
 - 	636	-0.001201	-0.000566	-0.000697
 - 	637	-0.001728	-0.000646	-0.000815
 - 	638	-0.002299	-0.000701	-0.000918
 - 	639	-0.002763	-0.000714	-0.000977
 - 	640	-0.003022	-0.000677	-0.000972
 - 	641	-0.003074	-0.000594	-0.000910
 - 	642	-0.002940	-0.000479	-0.000806
 - 	643	-0.002680	-0.000347	-0.000678
 - 	644	-0.002342	-0.000212	-0.000544
 - 	645	-0.001953	-0.000081	-0.000406
 - 	646	-0.001567	0.000045	-0.000266
 - 	647	-0.001259	0.000151	-0.000141
 - 	648	-0.001129	0.000224	-0.000054
 - 	649	-0.001174	0.000259	-0.000010
 - 	650	-0.001337	0.000262	-0.000003
 - 	651	-0.001545	0.000247	-0.000023
 - 	652	-0.001770	0.000219	-0.000071
 - 	653	-0.002004	0.000185	-0.000142
 - 	654	-0.002236	0.000153	-0.000215
 - 	655	-0.002462	0.000130	-0.000276
 - 	656	-0.002670	0.000117	-0.000318
 - 	657	-0.002869	0.000114	-0.000349
 - 	658	-0.003059	0.000116	-0.000372
 - 	659	-0.003249	0.000121	-0.000393
 - 	660	-0.003439	0.000119	-0.000420
 - 	661	-0.003637	0.000106	-0.000464
 - 	662	-0.003842	0.000082	-0.000519
 - 	663	-0.004054	0.000054	-0.000571
 - 	664	-0.004259	0.000027	-0.000611
 - 	665	-0.004450	-0.000000	-0.000640
 - 	666	-0.004608	-0.000036	-0.000674
 - 	667	-0.004727	-0.000088	-0.000725
 - 	668	-0.004810	-0.000158	-0.000792
 - 	669	-0.004857	-0.000235	-0.000858
 - 	670	-0.004883	-0.000306	-0.000905
 - 	671	-0.004886	-0.000362	-0.000925
 - 	672	-0.004870	-0.000407	-0.000925
 - 	673	-0.004854	-0.000445	-0.000919
 - 	674	-0.004849	-0.000480	-0.000915
 - 	675	-0.004873	-0.000507	-0.000904
 - 	676	-0.004931	-0.000518	-0.000874
 - 	677	-0.005023	-0.000510	-0.000822
 - 	678	-0.005146	-0.000493	-0.000765
 - 	679	-0.005298	-0.000486	-0.000729
 - 	680	-0.005462	-0.000499	-0.000723
 - 	681	-0.005626	-0.000534	-0.000744
 - 	682	-0.005780	-0.000583	-0.000784
 - 	683	-0.005915	-0.000647	-0.000839
 - 	684	-0.006038	-0.000723	-0.000905
 - 	685	-0.006172	-0.000796	-0.000965
 - 	686	-0.006332	-0.000856	-0.001009
 - 	687	-0.006502	-0.000898	-0.001034
 - 	688	-0.006669	-0.000929	-0.001044
 - 	689	-0.006822	-0.000955	-0.001046
 - 	690	-0.006964	-0.000986	-0.001048
 - 	691	-0.007097	-0.001020	-0.001049
 - 	692	-0.007204	-0.001050	-0.001045
 - 	693	-0.007286	-0.001065	-0.001030
 - 	694	-0.007360	-0.001058	-0.001002
 - 	695	-0.007439	-0.001022	-0.000960
 - 	696	-0.007505	-0.000963	-0.000907
 - 	697	-0.007540	-0.000886	-0.000850
 - 	698	-0.007535	-0.000796	-0.000790
 - 	699	-0.007488	-0.000697	-0.000730
 - 	700	-0.007402	-0.000582	-0.000665
 - 	701	-0.007299	-0.000450	-0.000596
 - 	702	-0.007200	-0.000324	-0.000529
 - 	703	-0.007129	-0.000223	-0.000466
 - 	704	-0.007108	-0.000147	-0.000405
 - 	705	-0.007146	-0.000085	-0.000339
 - 	706	-0.007224	-0.000042	-0.000269
 - 	707	-0.007305	-0.000027	-0.000199
 - 	708	-0.007358	-0.000043	-0.000132
 - 	709	-0.007386	-0.000076	-0.000064
 - 	710	-0.007394	-0.000111	0.000005
 - 	711	-0.007381	-0.000134	0.000075
 - 	712	-0.007336	-0.000143	0.000144
 - 	713	-0.007257	-0.000152	0.000205
 - 	714	-0.007134	-0.000184	0.000250
 - 	715	-0.006953	-0.000245	0.000275
 - 	716	-0.006687	-0.000334	0.000277
 - 	717	-0.006311	-0.000437	0.000257
 - 	718	-0.005812	-0.000530	0.000224
 - 	719	-0.005202	-0.000586	0.000186
 - 	720	-0.004475	-0.000595	0.000149
 - 	721	-0.003622	-0.000570	0.000115
 - 	722	-0.002638	-0.000522	0.000081
 - 	723	-0.001552	-0.000446	0.000050
 - 	724	-0.000408	-0.000341	0.000021
 - 	725	0.000741	-0.000200	-0.000005
 - 	726	0.001830	-0.000010	-0.000023
 - 	727	0.002777	0.000246	-0.000025
 - 	728	0.003471	0.000584	-0.000001
 - 	729	0.003833	0.000992	0.000049
 - 	730	0.003838	0.001437	0.000119
 - 	731	0.003525	0.001866	0.000199
 - 	732	0.002972	0.002221	0.000275
 - 	733	0.002277	0.002443	0.000334
 - 	734	0.001550	0.002497	0.000368
 - 	735	0.000896	0.002376	0.000373
 - 	736	0.000376	0.002104	0.000354
 - 	737	-0.000003	0.001711	0.000315
 - 	738	-0.000256	0.001219	0.000254
 - 	739	-0.000411	0.000670	0.000175
 - 	740	-0.000503	0.000114	0.000082
 - 	741	-0.000563	-0.000389	-0.000017
 - 	742	-0.000602	-0.000799	-0.000114
 - 	743	-0.000637	-0.001105	-0.000207
 - 	744	-0.000673	-0.001324	-0.000295
 - 	745	-0.000718	-0.001477	-0.000376
 - 	746	-0.000795	-0.001583	-0.000445
 - 	747	-0.000918	-0.001640	-0.000496
 - 	748	-0.001077	-0.001640	-0.000520
 - 	749	-0.001231	-0.001572	-0.000511
 - 	750	-0.001348	-0.001448	-0.000476
 - 	751	-0.001426	-0.001294	-0.000426
 - 	752	-0.001482	-0.001140	-0.000379
 - 	753	-0.001530	-0.001008	-0.000343
 - 	754	-0.001556	-0.000904	-0.000320
 - 	755	-0.001532	-0.000830	-0.000308
 - 	756	-0.001448	-0.000797	-0.000309
 - 	757	-0.001324	-0.000800	-0.000317
 - 	758	-0.001206	-0.000821	-0.000325
 - 	759	-0.001100	-0.000852	-0.000331
 - 	760	-0.000997	-0.000890	-0.000335
 - 	761	-0.000878	-0.000930	-0.000339
 - 	762	-0.000758	-0.000962	-0.000342
 - 	763	-0.000648	-0.000998	-0.000348
 - 	764	-0.000564	-0.001049	-0.000365
 - 	765	-0.000502	-0.001118	-0.000393
 - 	766	-0.000462	-0.001206	-0.000432
 - 	767	-0.000432	-0.001324	-0.000487
 - 	768	-0.000419	-0.001467	-0.000554
 - 	769	-0.000438	-0.001605	-0.000618
 - 	770	-0.000490	-0.001722	-0.000671
 - 	771	-0.000568	-0.001807	-0.000709
 - 	772	-0.000663	-0.001857	-0.000729
 - 	773	-0.000764	-0.001874	-0.000732
 - 	774	-0.000844	-0.001872	-0.000725
 - 	775	-0.000900	-0.001869	-0.000715
 - 	776	-0.000932	-0.001869	-0.000703
 - 	777	-0.000952	-0.001859	-0.000683
 - 	778	-0.000960	-0.001838	-0.000658
 - 	779	-0.000968	-0.001806	-0.000627
 - 	780	-0.000978	-0.001756	-0.000590
 - 	781	-0.000995	-0.001691	-0.000548
 - 	782	-0.001012	-0.001620	-0.000506
 - 	783	-0.001034	-0.001551	-0.000469
 - 	784	-0.001059	-0.001491	-0.000438
 - 	785	-0.001084	-0.001444	-0.000413
 - 	786	-0.001105	-0.001411	-0.000394
 - 	787	-0.001124	-0.001405	-0.000387
 - 	788	-0.001145	-0.001434	-0.000399
 - 	789	-0.001183	-0.001493	-0.000425
 - 	790	-0.001253	-0.001552	-0.000450
 - 	791	-0.001352	-0.001593	-0.000466
 - 	792	-0.001478	-0.001600	-0.000464
 - 	793	-0.001627	-0.001555	-0.000438
 - 	794	-0.001779	-0.001471	-0.000395
 - 	795	-0.001910	-0.001368	-0.000345
 - 	796	-0.001993	-0.001275	-0.000301
 - 	797	-0.002037	-0.001200	-0.000266
 - 	798	-0.002048	-0.001153	-0.000245
 - 	799	-0.002033	-0.001135	-0.000237
 - 	800	-0.001995	-0.001143	-0.000242
 - 	801	-0.001933	-0.001177	-0.000258
 - 	802	-0.001862	-0.001225	-0.000279
 - 	803	-0.001793	-0.001271	-0.000296
 - 	804	-0.001726	-0.001298	-0.000303
 - 	805	-0.001673	-0.001295	-0.000295
 - 	806	-0.001636	-0.001267	-0.000274
 - 	807	-0.001629	-0.001220	-0.000243
 - 	808	-0.001636	-0.001155	-0.000203
 - 	809	-0.001632	-0.001074	-0.000160
 - 	810	-0.001609	-0.001003	-0.000122
 - 	811	-0.001565	-0.000965	-0.000099
 - 	812	-0.001513	-0.000981	-0.000097
 - 	813	-0.001457	-0.001053	-0.000114
 - 	814	-0.001391	-0.001173	-0.000148
 - 	815	-0.001307	-0.001326	-0.000191
 - 	816	-0.001216	-0.001477	-0.000232
 - 	817	-0.001131	-0.001602	-0.000263
 - 	818	-0.001069	-0.001702	-0.000284
 - 	819	-0.001053	-0.001773	-0.000292
 - 	820	-0.001092	-0.001809	-0.000286
 - 	821	-0.001185	-0.001810	-0.000268
 - 	822	-0.001298	-0.001797	-0.000245
 - 	823	-0.001401	-0.001775	-0.000222
 - 	824	-0.001488	-0.001742	-0.000202
 - 	825	-0.001573	-0.001707	-0.000185
 - 	826	-0.001652	-0.001682	-0.000170
 - 	827	-0.001721	-0.001661	-0.000156
 - 	828	-0.001765	-0.001626	-0.000138
 - 	829	-0.001785	-0.001573	-0.000116
 - 	830	-0.001773	-0.001502	-0.000089
 - 	831	-0.001732	-0.001422	-0.000059
 - 	832	-0.001671	-0.001354	-0.000031
 - 	833	-0.001613	-0.001323	-0.000010
 - 	834	-0.001581	-0.001330	0.000002
 - 	835	-0.001584	-0.001361	0.000008
 - 	836	-0.001619	-0.001415	0.000008
 - 	837	-0.001659	-0.001497	0.000001
 - 	838	-0.001679	-0.001609	-0.000014
 - 	839	-0.001672	-0.001720	-0.000030
 - 	840	-0.001658	-0.001788	-0.000041
 - 	841	-0.001643	-0.001812	-0.000048
 - 	842	-0.001633	-0.001796	-0.000050
 - 	843	-0.001630	-0.001752	-0.000046
 - 	844	-0.001627	-0.001685	-0.000036
 - 	845	-0.001609	-0.001614	-0.000023
 - 	846	-0.001564	-0.001553	-0.000011
 - 	847	-0.001512	-0.001507	-0.000001
 - 	848	-0.001474	-0.001475	0.000005
 - 	849	-0.001462	-0.001446	0.000012
 - 	850	-0.001478	-0.001422	0.000019
 - 	851	-0.001514	-0.001402	0.000027
 - 	852	-0.001570	-0.001375	0.000037
 - 	853	-0.001627	-0.001333	0.000047
 - 	854	-0.001682	-0.001270	0.000057
 - 	855	-0.001732	-0.001213	0.000063
 - 	856	-0.001796	-0.001171	0.000065
 - 	857	-0.001866	-0.001146	0.000065
 - 	858	-0.001937	-0.001119	0.000066
 - 	859	-0.001997	-0.001089	0.000070
 - 	860	-0.002054	-0.001062	0.000077
 - 	861	-0.002133	-0.001053	0.000083
 - 	862	-0.002228	-0.001053	0.000086
 - 	863	-0.002333	-0.001052	0.000086
 - 	864	-0.002437	-0.001058	0.000086
 - 	865	-0.002547	-0.001081	0.000086
 - 	866	-0.002653	-0.001126	0.000085
 - 	867	-0.002750	-0.001180	0.000083
 - 	868	-0.002832	-0.001244	0.000077
 - 	869	-0.002903	-0.001305	0.000068
 - 	870	-0.002959	-0.001359	0.000057
 - 	871	-0.003001	-0.001398	0.000046
 - 	872	-0.003024	-0.001407	0.000040
 - 	873	-0.003031	-0.001374	0.000043
 - 	874	-0.003035	-0.001304	0.000056
 - 	875	-0.003046	-0.001222	0.000075
 - 	876	-0.003051	-0.001152	0.000092
 - 	877	-0.003045	-0.001122	0.000100
 - 	878	-0.003023	-0.001117	0.000100
 - 	879	-0.002992	-0.001109	0.000100
 - 	880	-0.002952	-0.001096	0.000099
 - 	881	-0.002923	-0.001088	0.000098
 - 	882	-0.002902	-0.001094	0.000094
 - 	883	-0.002894	-0.001107	0.000088
 - 	884	-0.002894	-0.001129	0.000079
 - 	885	-0.002908	-0.001173	0.000068
 - 	886	-0.002923	-0.001232	0.000055
 - 	887	-0.002938	-0.001288	0.000042
 - 	888	-0.002948	-0.001342	0.000030
 - 	889	-0.002955	-0.001391	0.000019
 - 	890	-0.002966	-0.001427	0.000009
 - 	891	-0.002990	-0.001429	0.000001
 - 	892	-0.003021	-0.001372	0.000001
 - 	893	-0.003044	-0.001265	0.000009
 - 	894	-0.003043	-0.001122	0.000024
 - 	895	-0.003029	-0.000965	0.000042
 - 	896	-0.002995	-0.000812	0.000060
 - 	897	-0.002937	-0.000663	0.000076
 - 	898	-0.002870	-0.000543	0.000084
 - 	899	-0.002807	-0.000475	0.000080
 - 	900	-0.002753	-0.000457	0.000061
 - 	901	-0.002719	-0.000474	0.000030
 - 	902	-0.002702	-0.000527	-0.000010
 - 	903	-0.002736	-0.000610	-0.000053
 - 	904	-0.002818	-0.000717	-0.000094
 - 	905	-0.002914	-0.000854	-0.000142
 - 	906	-0.002993	-0.001021	-0.000203
 - 	907	-0.003018	-0.001177	-0.000270
 - 	908	-0.002998	-0.001269	-0.000328
 - 	909	-0.002950	-0.001277	-0.000363
 - 	910	-0.002919	-0.001220	-0.000372
 - 	911	-0.002923	-0.001130	-0.000361
 - 	912	-0.002960	-0.001027	-0.000338
 - 	913	-0.003020	-0.000920	-0.000310
 - 	914	-0.003097	-0.000813	-0.000280
 - 	915	-0.003179	-0.000708	-0.000251
 - 	916	-0.003253	-0.000610	-0.000223
 - 	917	-0.003305	-0.000531	-0.000200
 - 	918	-0.003329	-0.000492	-0.000190
 - 	919	-0.003337	-0.000500	-0.000198
 - 	920	-0.003329	-0.000562	-0.000232
 - 	921	-0.003311	-0.000681	-0.000296
 - 	922	-0.003316	-0.000830	-0.000377
 - 	923	-0.003374	-0.000976	-0.000455
 - 	924	-0.003458	-0.001083	-0.000515
 - 	925	-0.003509	-0.001130	-0.000554
 - 	926	-0.003496	-0.001128	-0.000576
 - 	927	-0.003445	-0.001095	-0.000587
 - 	928	-0.003374	-0.001040	-0.000587
 - 	929	-0.003301	-0.000971	-0.000579
 - 	930	-0.003244	-0.000884	-0.000561
 - 	931	-0.003203	-0.000781	-0.000527
 - 	932	-0.003188	-0.000676	-0.000483
 - 	933	-0.003193	-0.000591	-0.000453
 - 	934	-0.003136	-0.000513	-0.000442
 - 	935	-0.002935	-0.000410	-0.000435
 - 	936	-0.002593	-0.000270	-0.000414
 - 	937	-0.002204	-0.000111	-0.000364
 - 	938	-0.001837	0.000016	-0.000306
 - 	939	-0.001524	0.000063	-0.000279
 - 	940	-0.001266	0.000015	-0.000307
 - 	941	-0.001078	-0.000087	-0.000362
 - 	942	-0.000961	-0.000185	-0.000390
 - 	943	-0.000889	-0.000250	-0.000372
 - 	944	-0.000832	-0.000280	-0.000312
 - 	945	-0.000800	-0.000286	-0.000225
 - 	946	-0.000817	-0.000277	-0.000123
 - 	947	-0.000899	-0.000256	-0.000008
 - 	948	-0.001042	-0.000232	0.000105
 - 	949	-0.001256	-0.000212	0.000197
 - 	950	-0.001535	-0.000206	0.000248
 - 	951	-0.001858	-0.000215	0.000249
 - 	952	-0.002192	-0.000227	0.000216
 - 	953	-0.002492	-0.000229	0.000171
 - 	954	-0.002746	-0.000210	0.000133
 - 	955	-0.002948	-0.000171	0.000109
 - 	956	-0.003125	-0.000121	0.000091
 - 	957	-0.003271	-0.000064	0.000080
 - 	958	-0.003389	-0.000006	0.000072
 - 	959	-0.003480	0.000050	0.000068
 - 	960	-0.003551	0.000099	0.000055
 - 	961	-0.003592	0.000133	0.000026
 - 	962	-0.003622	0.000153	-0.000023
 - 	963	-0.003637	0.000159	-0.000092
 - 	964	-0.003668	0.000163	-0.000161
 - 	965	-0.003706	0.000168	-0.000216
 - 	966	-0.003760	0.000184	-0.000238
 - 	967	-0.003819	0.000212	-0.000221
 - 	968	-0.003911	0.000242	-0.000188
 - 	969	-0.004036	0.000252	-0.000190
 - 	970	-0.004231	0.000232	-0.000246
 - 	971	-0.004454	0.000194	-0.000332
 - 	972	-0.004683	0.000162	-0.000403
 - 	973	-0.004881	0.000148	-0.000437
 - 	974	-0.005046	0.000150	-0.000436
 - 	975	-0.005174	0.000157	-0.000418
 - 	976	-0.005290	0.000151	-0.000413
 - 	977	-0.005400	0.000126	-0.000424
 - 	978	-0.005516	0.000090	-0.000439
 - 	979	-0.005624	0.000040	-0.000464
 - 	980	-0.005714	-0.000031	-0.000513
 - 	981	-0.005791	-0.000116	-0.000577
 - 	982	-0.005844	-0.000193	-0.000627
 - 	983	-0.005876	-0.000243	-0.000641
 - 	984	-0.005878	-0.000278	-0.000638
 - 	985	-0.005857	-0.000317	-0.000645
 - 	986	-0.005827	-0.000373	-0.000676
 - 	987	-0.005774	-0.000441	-0.000722
 - 	988	-0.005716	-0.000516	-0.000775
 - 	989	-0.005644	-0.000600	-0.000838
 - 	990	-0.005553	-0.000694	-0.000912
 - 	991	-0.005463	-0.000788	-0.000983
 - 	992	-0.005380	-0.000869	-0.001033
 - 	993	-0.005335	-0.000942	-0.001065
 - 	994	-0.005374	-0.001009	-0.001077
 - 	995	-0.005515	-0.001057	-0.001061
 - 	996	-0.005743	-0.001077	-0.001011
 - 	997	-0.006039	-0.001071	-0.000941
 - 	998	-0.006429	-0.001046	-0.000861
 - 	999	-0.006967	-0.001006	-0.000775
 - 	1000	-0.007725	-0.000950	-0.000683
 - 	1001	-0.008749	-0.000881	-0.000591
 - 	1002	-0.010104	-0.000801	-0.000501
 - 	1003	-0.011763	-0.000690	-0.000394
 - 	1004	-0.013642	-0.000507	-0.000239
 - 	1005	-0.015679	-0.000228	-0.000029
 - 	1006	-0.017719	0.000132	0.000208
 - 	1007	-0.019585	0.000531	0.000413
 - 	1008	-0.021916	0.000906	0.000532
 - 	1009	-0.012205	0.001116	0.000439
 - 	1010	-0.029362	0.001916	0.000543
 - 	1011			
 - 	1012			
 - 	1013			
 - 	1014			
 - 	1015			
 - 	1016			
 - 	1017			
 - 	1018			
 - 	1019			
 - 	1020			
 - 	1021			
 - 	1022			
 - 	1023			
 - 	1024			
 - 	1025			
 - 	1026			
 - 	1027			
 - 	1028			
 - 	1029			
 - 	1030			
 - 	1031			
 - 	1032			
 - 	1033			
 - 	1034			
 - 	1035			
 - 	1036			
 - 	1037			
 - 	1038			
 - 	1039			
 - 	1040			
 - 	1041			
 - 	1042			
 - 	1043			
 - 	1044			
 - 	1045			
 - 	1046			
 - 	1047			
 - 	1048			
 - 	1049			
 - 	1050			
 - 	1051			
 - 	1052			
 - 	1053			
 - 	1054			
 - 	1055			
 - 	1056			
 - 	1057			
 - 	1058			
 - 	1059			
 - 	1060			
 - 	1061			
 - 	1062			
 - 	1063			
 - 	1064			
 - 	1065			
 - 	1066			
 - 	1067			
 - 	1068			
 - 	1069			
 - 	1070			
 - 	1071			
 - 	1072			
 - 	1073			
 - 	1074			
 - 	1075			
 - 	1076			
 - 	1077			
 - 	1078			
 - 	1079			
 - 	1080			
 - 	1081			
 - 	1082			
 - 	1083			
 - 	1084			
 - 	1085			
 - 	1086			
 - 	1087			
 - 	1088			
 - 	1089			
 - 	1090			
 - 	1091			
 - 	1092			
 - 	1093			
 - 	1094			
 - 	1095			
 - 	1096			
 - 	1097			
 - 	1098			
 - 	1099			
 - 	1100			
 - 	1101			
 - 	1102			
 - 	1103			
 - 	1104			
 - 	1105			
 - 	1106			
 - 	1107			
 - 	1108			
 - 	1109			
 - 	1110			
 - 	1111			
 - 	1112			
 - 	1113			
 - 	1114			
 - 	1115			
 - 	1116			
 - 	1117			
 - 	1118			
 - 	1119			
 - 	1120			
 - 	1121			
 - 	1122			
 - 	1123			
 - 	1124			
 - 	1125			
 - 	1126			
 - 	1127			
 - 	1128			
 - 	1129			
 - 	1130			
 - 	1131			
 - 	1132			
 - 	1133			
 - 	1134			
 - 	1135			
 - 	1136			
 - 	1137			
 - 	1138			
 - 	1139			
 - 	1140			
 - 	1141			
 - 	1142			
 - 	1143			
 - 	1144			
 - 	1145			
 - 	1146			
 - 	1147			
 - 	1148			
 - 	1149			
 - 	1150			
 - 	1151			
 - 	1152			
 - 	1153			
 - 	1154			
 - 	1155			
 - 	1156			
 - 	1157			
 - 	1158			
 - 	1159			
 - 	1160			
 - 	1161			
 - 	1162			
 - 	1163			
 - 	1164			
 - 	1165			
 - 	1166			
 - 	1167			
 - 	1168			
 - 	1169			
 - 	1170			
 - 	1171			
 - 	1172			
 - 	1173			
 - 	1174			
 - 	1175			
 - 	1176			
 - 	1177			
 - 	1178			
 - 	1179			
 - 	1180			
 - 	1181			
 - 	1182			
 - 	1183			
 - 	1184			
