LKNE_MOMENT
File	Frame	X 	Y 	Z 
Trial_2.filtered_40.c3d	1			
 - 	2			
 - 	3	0.001229	0.000315	-0.000006
 - 	4	0.001222	0.000307	-0.000006
 - 	5	0.001245	0.000304	-0.000007
 - 	6	0.001242	0.000301	-0.000007
 - 	7	0.001230	0.000296	-0.000007
 - 	8	0.001237	0.000290	-0.000007
 - 	9	0.001224	0.000281	-0.000007
 - 	10	0.001226	0.000269	-0.000007
 - 	11	0.001219	0.000261	-0.000007
 - 	12	0.001214	0.000253	-0.000006
 - 	13	0.001217	0.000244	-0.000005
 - 	14	0.001215	0.000239	-0.000004
 - 	15	0.001227	0.000232	-0.000003
 - 	16	0.001237	0.000232	-0.000002
 - 	17	0.001247	0.000245	-0.000002
 - 	18	0.001237	0.000265	-0.000000
 - 	19	0.001245	0.000291	0.000000
 - 	20	0.001248	0.000307	0.000000
 - 	21	0.001244	0.000314	-0.000001
 - 	22	0.001254	0.000309	-0.000002
 - 	23	0.001268	0.000296	-0.000004
 - 	24	0.001271	0.000284	-0.000006
 - 	25	0.001272	0.000275	-0.000006
 - 	26	0.001268	0.000273	-0.000007
 - 	27	0.001252	0.000264	-0.000008
 - 	28	0.001241	0.000253	-0.000007
 - 	29	0.001234	0.000247	-0.000005
 - 	30	0.001170	0.000234	-0.000010
 - 	31	0.001227	0.000227	-0.000006
 - 	32	0.001268	0.000218	-0.000003
 - 	33	0.001239	0.000202	-0.000007
 - 	34	0.001235	0.000197	-0.000007
 - 	35	0.001253	0.000197	-0.000007
 - 	36	0.001209	0.000198	-0.000005
 - 	37	0.001257	0.000232	-0.000007
 - 	38	0.001262	0.000252	-0.000006
 - 	39	0.001265	0.000282	-0.000005
 - 	40	0.001315	0.000318	-0.000006
 - 	41	0.001283	0.000305	-0.000004
 - 	42	0.001289	0.000305	-0.000004
 - 	43	0.001288	0.000296	-0.000005
 - 	44	0.001295	0.000284	-0.000006
 - 	45	0.001291	0.000278	-0.000007
 - 	46	0.001282	0.000268	-0.000007
 - 	47	0.001279	0.000274	-0.000007
 - 	48	0.001263	0.000276	-0.000007
 - 	49	0.001261	0.000279	-0.000008
 - 	50	0.001253	0.000274	-0.000008
 - 	51	0.001256	0.000263	-0.000007
 - 	52	0.001267	0.000253	-0.000007
 - 	53	0.001265	0.000238	-0.000011
 - 	54	0.001279	0.000236	-0.000010
 - 	55	0.001281	0.000240	-0.000007
 - 	56	0.001280	0.000248	-0.000006
 - 	57	0.001284	0.000256	-0.000004
 - 	58	0.001286	0.000262	-0.000003
 - 	59	0.001282	0.000267	-0.000002
 - 	60	0.001280	0.000268	-0.000003
 - 	61	0.001307	0.000267	-0.000005
 - 	62	0.001305	0.000272	-0.000006
 - 	63	0.001315	0.000276	-0.000007
 - 	64	0.001306	0.000280	-0.000008
 - 	65	0.001294	0.000285	-0.000009
 - 	66	0.001274	0.000289	-0.000009
 - 	67	0.001265	0.000287	-0.000010
 - 	68	0.001255	0.000281	-0.000012
 - 	69	0.001248	0.000272	-0.000013
 - 	70	0.001241	0.000267	-0.000014
 - 	71	0.001246	0.000269	-0.000014
 - 	72	0.001241	0.000275	-0.000013
 - 	73	0.001246	0.000285	-0.000011
 - 	74	0.001238	0.000290	-0.000008
 - 	75	0.001248	0.000299	-0.000006
 - 	76	0.001262	0.000279	0.000005
 - 	77	0.001251	0.000321	-0.000001
 - 	78	0.001231	0.000357	-0.000009
 - 	79	0.001287	0.000295	0.000004
 - 	80	0.001267	0.000324	-0.000002
 - 	81	0.001265	0.000316	-0.000004
 - 	82	0.001270	0.000326	-0.000005
 - 	83	0.001233	0.000369	-0.000010
 - 	84	0.001281	0.000336	-0.000007
 - 	85	0.001286	0.000333	-0.000007
 - 	86	0.001289	0.000324	-0.000008
 - 	87	0.001289	0.000309	-0.000010
 - 	88	0.001298	0.000256	-0.000006
 - 	89	0.001266	0.000275	-0.000012
 - 	90	0.001215	0.000305	-0.000017
 - 	91	0.001220	0.000266	-0.000010
 - 	92	0.001203	0.000261	-0.000009
 - 	93	0.001204	0.000252	-0.000008
 - 	94	0.001200	0.000249	-0.000008
 - 	95	0.001227	0.000246	-0.000008
 - 	96	0.001228	0.000244	-0.000009
 - 	97	0.001270	0.000257	-0.000011
 - 	98	0.001275	0.000272	-0.000011
 - 	99	0.001287	0.000295	-0.000011
 - 	100	0.001288	0.000323	-0.000010
 - 	101	0.001287	0.000344	-0.000009
 - 	102	0.001279	0.000360	-0.000008
 - 	103	0.001267	0.000375	-0.000007
 - 	104	0.001263	0.000361	-0.000004
 - 	105	0.001236	0.000371	-0.000005
 - 	106	0.001207	0.000367	-0.000006
 - 	107	0.001223	0.000335	-0.000005
 - 	108	0.001237	0.000311	-0.000007
 - 	109	0.001230	0.000299	-0.000006
 - 	110	0.001241	0.000291	-0.000007
 - 	111	0.001244	0.000282	-0.000008
 - 	112	0.001249	0.000276	-0.000008
 - 	113	0.001245	0.000271	-0.000012
 - 	114	0.001254	0.000276	-0.000013
 - 	115	0.001246	0.000282	-0.000013
 - 	116	0.001249	0.000293	-0.000008
 - 	117	0.001234	0.000304	-0.000014
 - 	118	0.001228	0.000317	-0.000018
 - 	119	0.001234	0.000325	-0.000012
 - 	120	0.001229	0.000325	-0.000011
 - 	121	0.001235	0.000329	-0.000009
 - 	122	0.001244	0.000329	-0.000007
 - 	123	0.001244	0.000330	-0.000006
 - 	124	0.001258	0.000333	-0.000005
 - 	125	0.001275	0.000353	-0.000006
 - 	126	0.001272	0.000325	-0.000005
 - 	127	0.001273	0.000325	-0.000007
 - 	128	0.001279	0.000306	-0.000006
 - 	129	0.001250	0.000278	-0.000004
 - 	130	0.001262	0.000306	-0.000008
 - 	131	0.001239	0.000310	-0.000008
 - 	132	0.001232	0.000318	-0.000008
 - 	133	0.001216	0.000350	-0.000006
 - 	134	0.001203	0.000325	-0.000007
 - 	135	0.001208	0.000303	-0.000008
 - 	136	0.001205	0.000331	-0.000004
 - 	137	0.001226	0.000342	-0.000003
 - 	138	0.001221	0.000347	-0.000002
 - 	139	0.001243	0.000349	-0.000001
 - 	140	0.001244	0.000340	-0.000001
 - 	141	0.001248	0.000331	-0.000003
 - 	142	0.001248	0.000314	-0.000005
 - 	143	0.001249	0.000298	-0.000007
 - 	144	0.001253	0.000289	-0.000009
 - 	145	0.001249	0.000281	-0.000011
 - 	146	0.001252	0.000276	-0.000012
 - 	147	0.001255	0.000281	-0.000013
 - 	148	0.001255	0.000285	-0.000013
 - 	149	0.001259	0.000297	-0.000012
 - 	150	0.001250	0.000307	-0.000010
 - 	151	0.001252	0.000311	-0.000010
 - 	152	0.001236	0.000309	-0.000010
 - 	153	0.001232	0.000311	-0.000008
 - 	154	0.001212	0.000312	-0.000007
 - 	155	0.001197	0.000315	-0.000006
 - 	156	0.001202	0.000319	-0.000004
 - 	157	0.001195	0.000325	-0.000002
 - 	158	0.001209	0.000325	-0.000001
 - 	159	0.001217	0.000318	-0.000000
 - 	160	0.001223	0.000308	-0.000000
 - 	161	0.001249	0.000303	-0.000000
 - 	162	0.001255	0.000295	0.000000
 - 	163	0.001274	0.000291	-0.000001
 - 	164	0.001286	0.000285	-0.000002
 - 	165	0.001294	0.000282	-0.000005
 - 	166	0.001297	0.000281	-0.000007
 - 	167	0.001301	0.000281	-0.000008
 - 	168	0.001290	0.000280	-0.000009
 - 	169	0.001282	0.000278	-0.000010
 - 	170	0.001257	0.000272	-0.000010
 - 	171	0.001256	0.000270	-0.000010
 - 	172	0.001237	0.000263	-0.000009
 - 	173	0.001234	0.000256	-0.000008
 - 	174	0.001244	0.000249	-0.000006
 - 	175	0.001253	0.000244	-0.000005
 - 	176	0.001271	0.000240	-0.000005
 - 	177	0.001280	0.000230	-0.000005
 - 	178	0.001298	0.000228	-0.000006
 - 	179	0.001309	0.000231	-0.000007
 - 	180	0.001302	0.000238	-0.000006
 - 	181	0.001309	0.000251	-0.000006
 - 	182	0.001307	0.000258	-0.000006
 - 	183	0.001303	0.000270	-0.000006
 - 	184	0.001293	0.000276	-0.000007
 - 	185	0.001286	0.000284	-0.000007
 - 	186	0.001273	0.000288	-0.000007
 - 	187	0.001278	0.000293	-0.000007
 - 	188	0.001270	0.000295	-0.000007
 - 	189	0.001275	0.000292	-0.000006
 - 	190	0.001277	0.000284	-0.000006
 - 	191	0.001276	0.000278	-0.000006
 - 	192	0.001285	0.000272	-0.000006
 - 	193	0.001276	0.000269	-0.000006
 - 	194	0.001287	0.000268	-0.000005
 - 	195	0.001286	0.000268	-0.000003
 - 	196	0.001295	0.000277	-0.000002
 - 	197	0.001286	0.000279	-0.000001
 - 	198	0.001278	0.000287	-0.000001
 - 	199	0.001286	0.000286	-0.000001
 - 	200	0.001283	0.000310	-0.000004
 - 	201	0.001304	0.000252	-0.000002
 - 	202	0.001354	0.000196	-0.000000
 - 	203	0.001359	0.000213	-0.000003
 - 	204	0.001388	0.000198	-0.000001
 - 	205	0.001409	0.000193	-0.000000
 - 	206	0.001416	0.000189	-0.000002
 - 	207	0.001426	0.000192	-0.000002
 - 	208	0.001412	0.000197	-0.000002
 - 	209	0.001397	0.000198	-0.000003
 - 	210	0.001385	0.000199	-0.000004
 - 	211	0.001375	0.000197	-0.000005
 - 	212	0.001381	0.000194	-0.000005
 - 	213	0.001363	0.000193	-0.000007
 - 	214	0.001369	0.000198	-0.000008
 - 	215	0.001369	0.000206	-0.000011
 - 	216	0.001357	0.000212	-0.000014
 - 	217	0.001361	0.000222	-0.000017
 - 	218	0.001372	0.000236	-0.000018
 - 	219	0.001375	0.000255	-0.000017
 - 	220	0.001388	0.000281	-0.000016
 - 	221	0.001402	0.000303	-0.000014
 - 	222	0.001402	0.000324	-0.000012
 - 	223	0.001421	0.000339	-0.000011
 - 	224	0.001415	0.000345	-0.000010
 - 	225	0.001419	0.000348	-0.000009
 - 	226	0.001410	0.000343	-0.000010
 - 	227	0.001404	0.000338	-0.000011
 - 	228	0.001386	0.000322	-0.000013
 - 	229	0.001377	0.000317	-0.000015
 - 	230	0.001363	0.000306	-0.000017
 - 	231	0.001361	0.000295	-0.000019
 - 	232	0.001349	0.000274	-0.000020
 - 	233	0.001346	0.000256	-0.000023
 - 	234	0.001345	0.000234	-0.000024
 - 	235	0.001333	0.000221	-0.000027
 - 	236	0.001317	0.000208	-0.000029
 - 	237	0.001305	0.000203	-0.000031
 - 	238	0.001283	0.000201	-0.000031
 - 	239	0.001253	0.000202	-0.000031
 - 	240	0.001224	0.000206	-0.000029
 - 	241	0.001188	0.000218	-0.000026
 - 	242	0.001159	0.000239	-0.000024
 - 	243	0.001118	0.000259	-0.000021
 - 	244	0.001091	0.000275	-0.000020
 - 	245	0.001059	0.000290	-0.000019
 - 	246	0.001034	0.000300	-0.000019
 - 	247	0.001006	0.000303	-0.000020
 - 	248	0.000984	0.000303	-0.000023
 - 	249	0.000969	0.000301	-0.000026
 - 	250	0.000933	0.000297	-0.000030
 - 	251	0.000910	0.000298	-0.000035
 - 	252	0.000880	0.000291	-0.000039
 - 	253	0.000844	0.000285	-0.000043
 - 	254	0.000799	0.000270	-0.000044
 - 	255	0.000763	0.000260	-0.000045
 - 	256	0.000710	0.000237	-0.000043
 - 	257	0.000675	0.000223	-0.000042
 - 	258	0.000636	0.000197	-0.000039
 - 	259	0.000602	0.000177	-0.000037
 - 	260	0.000580	0.000156	-0.000034
 - 	261	0.000531	0.000137	-0.000032
 - 	262	0.000505	0.000124	-0.000030
 - 	263	0.000475	0.000112	-0.000029
 - 	264	0.000444	0.000108	-0.000028
 - 	265	0.000421	0.000103	-0.000027
 - 	266	0.000401	0.000099	-0.000026
 - 	267	0.000391	0.000090	-0.000023
 - 	268	0.000390	0.000086	-0.000020
 - 	269	0.000385	0.000081	-0.000014
 - 	270	0.000408	0.000090	-0.000010
 - 	271	0.000389	0.000094	-0.000008
 - 	272	0.000378	0.000090	-0.000008
 - 	273	0.000330	0.000076	-0.000008
 - 	274	0.000296	0.000056	-0.000008
 - 	275	0.000261	0.000033	-0.000008
 - 	276	0.000225	0.000011	-0.000009
 - 	277	0.000189	-0.000007	-0.000011
 - 	278	0.000180	-0.000009	-0.000013
 - 	279	0.000189	0.000002	-0.000013
 - 	280	0.000223	0.000034	-0.000015
 - 	281	0.000271	0.000066	-0.000016
 - 	282	0.000322	0.000102	-0.000018
 - 	283	0.000342	0.000125	-0.000021
 - 	284	0.000365	0.000147	-0.000027
 - 	285	0.000362	0.000153	-0.000033
 - 	286	0.000330	0.000160	-0.000043
 - 	287	0.000291	0.000158	-0.000051
 - 	288	0.000241	0.000160	-0.000058
 - 	289	0.000215	0.000154	-0.000063
 - 	290	0.000186	0.000149	-0.000064
 - 	291	0.000193	0.000142	-0.000061
 - 	292	0.000188	0.000132	-0.000056
 - 	293	0.000203	0.000125	-0.000050
 - 	294	0.000199	0.000117	-0.000043
 - 	295	0.000185	0.000115	-0.000040
 - 	296	0.000136	0.000114	-0.000038
 - 	297	0.000102	0.000122	-0.000040
 - 	298	0.000036	0.000125	-0.000041
 - 	299	-0.000021	0.000136	-0.000046
 - 	300	-0.000078	0.000141	-0.000049
 - 	301	-0.000131	0.000156	-0.000055
 - 	302	-0.000190	0.000164	-0.000058
 - 	303	-0.000239	0.000170	-0.000062
 - 	304	-0.000323	0.000168	-0.000061
 - 	305	-0.000398	0.000168	-0.000060
 - 	306	-0.000500	0.000157	-0.000056
 - 	307	-0.000606	0.000141	-0.000050
 - 	308	-0.000729	0.000115	-0.000041
 - 	309	-0.000844	0.000080	-0.000028
 - 	310	-0.000965	0.000037	-0.000014
 - 	311	-0.001072	-0.000005	-0.000001
 - 	312	-0.001126	-0.000048	0.000012
 - 	313	-0.001157	-0.000090	0.000024
 - 	314	-0.001162	-0.000120	0.000032
 - 	315	-0.001183	-0.000150	0.000039
 - 	316	-0.001215	-0.000167	0.000043
 - 	317	-0.001222	-0.000171	0.000042
 - 	318	-0.001251	-0.000162	0.000037
 - 	319	-0.001272	-0.000133	0.000026
 - 	320	-0.001285	-0.000101	0.000015
 - 	321	-0.001320	-0.000067	0.000005
 - 	322	-0.001325	-0.000025	-0.000008
 - 	323	-0.001349	0.000015	-0.000020
 - 	324	-0.001367	0.000060	-0.000033
 - 	325	-0.001380	0.000099	-0.000044
 - 	326	-0.001388	0.000128	-0.000051
 - 	327	-0.001383	0.000141	-0.000053
 - 	328	-0.001380	0.000135	-0.000049
 - 	329	-0.001364	0.000109	-0.000037
 - 	330	-0.001385	0.000057	-0.000019
 - 	331	-0.001391	-0.000024	0.000007
 - 	332	-0.001366	-0.000127	0.000038
 - 	333	-0.001326	-0.000263	0.000078
 - 	334	-0.001234	-0.000424	0.000124
 - 	335	-0.001125	-0.000615	0.000176
 - 	336	-0.001009	-0.000814	0.000227
 - 	337	-0.000906	-0.001012	0.000273
 - 	338	-0.000805	-0.001197	0.000309
 - 	339	-0.000707	-0.001373	0.000339
 - 	340	-0.000601	-0.001547	0.000367
 - 	341	-0.000471	-0.001707	0.000388
 - 	342	-0.000328	-0.001838	0.000400
 - 	343	-0.000177	-0.001922	0.000401
 - 	344	-0.000043	-0.001953	0.000389
 - 	345	0.000077	-0.001927	0.000364
 - 	346	0.000172	-0.001850	0.000329
 - 	347	0.000243	-0.001729	0.000289
 - 	348	0.000282	-0.001564	0.000247
 - 	349	0.000335	-0.001358	0.000207
 - 	350	0.000355	-0.001134	0.000171
 - 	351	0.000395	-0.000903	0.000139
 - 	352	0.000419	-0.000686	0.000113
 - 	353	0.000464	-0.000494	0.000091
 - 	354	0.000497	-0.000346	0.000073
 - 	355	0.000533	-0.000246	0.000055
 - 	356	0.000563	-0.000204	0.000041
 - 	357	0.000566	-0.000215	0.000030
 - 	358	0.000528	-0.000267	0.000024
 - 	359	0.000450	-0.000320	0.000024
 - 	360	0.000333	-0.000366	0.000030
 - 	361	0.000177	-0.000396	0.000041
 - 	362	0.000022	-0.000409	0.000056
 - 	363	-0.000122	-0.000426	0.000071
 - 	364	-0.000231	-0.000473	0.000083
 - 	365	-0.000283	-0.000546	0.000090
 - 	366	-0.000297	-0.000636	0.000094
 - 	367	-0.000313	-0.000726	0.000098
 - 	368	-0.000353	-0.000802	0.000101
 - 	369	-0.000407	-0.000859	0.000104
 - 	370	-0.000492	-0.000901	0.000107
 - 	371	-0.000591	-0.000918	0.000110
 - 	372	-0.000692	-0.000917	0.000111
 - 	373	-0.000795	-0.000908	0.000107
 - 	374	-0.000868	-0.000905	0.000098
 - 	375	-0.000895	-0.000914	0.000080
 - 	376	-0.000831	-0.000942	0.000057
 - 	377	-0.000778	-0.000972	0.000032
 - 	378	-0.000737	-0.000994	0.000015
 - 	379	-0.000802	-0.001018	0.000012
 - 	380	-0.000931	-0.001038	0.000019
 - 	381	-0.001083	-0.001049	0.000028
 - 	382	-0.001243	-0.001052	0.000035
 - 	383	-0.001365	-0.001046	0.000038
 - 	384	-0.001468	-0.001032	0.000038
 - 	385	-0.001556	-0.001011	0.000039
 - 	386	-0.001633	-0.000991	0.000043
 - 	387	-0.001689	-0.000964	0.000049
 - 	388	-0.001719	-0.000947	0.000058
 - 	389	-0.001692	-0.000923	0.000067
 - 	390	-0.001655	-0.000904	0.000076
 - 	391	-0.001598	-0.000875	0.000083
 - 	392	-0.001549	-0.000854	0.000089
 - 	393	-0.001487	-0.000844	0.000092
 - 	394	-0.001424	-0.000845	0.000095
 - 	395	-0.001343	-0.000859	0.000096
 - 	396	-0.001256	-0.000884	0.000094
 - 	397	-0.001164	-0.000915	0.000087
 - 	398	-0.001050	-0.000940	0.000076
 - 	399	-0.000956	-0.000960	0.000061
 - 	400	-0.000866	-0.000960	0.000045
 - 	401	-0.000807	-0.000950	0.000032
 - 	402	-0.000841	-0.000931	0.000025
 - 	403	-0.000937	-0.000904	0.000026
 - 	404	-0.001093	-0.000880	0.000032
 - 	405	-0.001273	-0.000858	0.000038
 - 	406	-0.001465	-0.000846	0.000043
 - 	407	-0.001635	-0.000853	0.000048
 - 	408	-0.001756	-0.000876	0.000054
 - 	409	-0.001833	-0.000917	0.000060
 - 	410	-0.001883	-0.000967	0.000068
 - 	411	-0.001899	-0.001022	0.000076
 - 	412	-0.001894	-0.001074	0.000084
 - 	413	-0.002805	-0.001315	0.000047
 - 	414	0.005835	0.000409	0.000111
 - 	415	-0.009996	-0.002730	0.000005
 - 	416	-0.000873	-0.000961	0.000136
 - 	417	-0.001748	-0.001165	0.000090
 - 	418	-0.001715	-0.001162	0.000089
 - 	419	-0.001690	-0.001148	0.000088
 - 	420	-0.001679	-0.001125	0.000087
 - 	421	-0.001698	-0.001098	0.000085
 - 	422	-0.001776	-0.001069	0.000083
 - 	423	-0.001870	-0.001040	0.000082
 - 	424	-0.001954	-0.001010	0.000079
 - 	425	-0.001982	-0.000977	0.000070
 - 	426	-0.001939	-0.000952	0.000055
 - 	427	-0.001843	-0.000941	0.000035
 - 	428	-0.001730	-0.000942	0.000017
 - 	429	-0.001681	-0.000958	0.000011
 - 	430	-0.001724	-0.000964	0.000018
 - 	431	-0.001835	-0.000972	0.000037
 - 	432	-0.002001	-0.000980	0.000062
 - 	433	-0.002150	-0.000991	0.000089
 - 	434	-0.002280	-0.000995	0.000112
 - 	435	-0.002404	-0.000997	0.000130
 - 	436	-0.002485	-0.000990	0.000140
 - 	437	-0.002525	-0.000988	0.000142
 - 	438	-0.002520	-0.000981	0.000136
 - 	439	-0.002493	-0.000965	0.000121
 - 	440	-0.002484	-0.000938	0.000105
 - 	441	-0.002540	-0.000899	0.000095
 - 	442	-0.002656	-0.000854	0.000091
 - 	443	-0.002777	-0.000811	0.000091
 - 	444	-0.002890	-0.000765	0.000092
 - 	445	-0.003002	-0.000723	0.000094
 - 	446	-0.003098	-0.000672	0.000097
 - 	447	-0.003198	-0.000608	0.000098
 - 	448	-0.003278	-0.000530	0.000094
 - 	449	-0.003336	-0.000435	0.000080
 - 	450	-0.003355	-0.000346	0.000056
 - 	451	-0.003294	-0.000269	0.000023
 - 	452	-0.003181	-0.000216	-0.000014
 - 	453	-0.003035	-0.000191	-0.000046
 - 	454	-0.002899	-0.000192	-0.000067
 - 	455	-0.002781	-0.000212	-0.000073
 - 	456	-0.002706	-0.000249	-0.000064
 - 	457	-0.002669	-0.000296	-0.000042
 - 	458	-0.002627	-0.000358	-0.000012
 - 	459	-0.002580	-0.000445	0.000026
 - 	460	-0.002449	-0.000555	0.000072
 - 	461	-0.002296	-0.000680	0.000127
 - 	462	-0.002105	-0.000811	0.000195
 - 	463	-0.001872	-0.000941	0.000276
 - 	464	-0.001587	-0.001066	0.000361
 - 	465	-0.001248	-0.001188	0.000444
 - 	466	-0.000928	-0.001300	0.000522
 - 	467	-0.000639	-0.001394	0.000592
 - 	468	-0.000411	-0.001464	0.000657
 - 	469	-0.000230	-0.001495	0.000710
 - 	470	-0.000097	-0.001494	0.000751
 - 	471	-0.000001	-0.001462	0.000777
 - 	472	0.000027	-0.001402	0.000786
 - 	473	-0.000004	-0.001317	0.000774
 - 	474	-0.000136	-0.001206	0.000738
 - 	475	-0.000346	-0.001086	0.000683
 - 	476	-0.000654	-0.000982	0.000621
 - 	477	-0.001048	-0.000895	0.000553
 - 	478	-0.001507	-0.000822	0.000480
 - 	479	-0.001989	-0.000763	0.000407
 - 	480	-0.002473	-0.000693	0.000327
 - 	481	-0.002933	-0.000597	0.000236
 - 	482	-0.003335	-0.000473	0.000137
 - 	483	-0.003666	-0.000330	0.000036
 - 	484	-0.003901	-0.000168	-0.000066
 - 	485	-0.004059	-0.000006	-0.000157
 - 	486	-0.004138	0.000149	-0.000234
 - 	487	-0.004162	0.000276	-0.000278
 - 	488	-0.004146	0.000369	-0.000285
 - 	489	-0.004108	0.000421	-0.000251
 - 	490	-0.004044	0.000430	-0.000175
 - 	491	-0.003972	0.000400	-0.000064
 - 	492	-0.003911	0.000340	0.000071
 - 	493	-0.003850	0.000251	0.000223
 - 	494	-0.003807	0.000140	0.000385
 - 	495	-0.003751	0.000031	0.000528
 - 	496	-0.003681	-0.000065	0.000635
 - 	497	-0.003546	-0.000140	0.000692
 - 	498	-0.003342	-0.000199	0.000698
 - 	499	-0.003071	-0.000237	0.000649
 - 	500	-0.002753	-0.000252	0.000550
 - 	501	-0.002425	-0.000250	0.000421
 - 	502	-0.002126	-0.000231	0.000271
 - 	503	-0.001869	-0.000201	0.000115
 - 	504	-0.001685	-0.000157	-0.000042
 - 	505	-0.001549	-0.000114	-0.000180
 - 	506	-0.001472	-0.000068	-0.000296
 - 	507	-0.001437	-0.000016	-0.000398
 - 	508	-0.001442	0.000049	-0.000497
 - 	509	-0.001488	0.000126	-0.000598
 - 	510	-0.001549	0.000201	-0.000683
 - 	511	-0.001605	0.000278	-0.000771
 - 	512	-0.001665	0.000340	-0.000839
 - 	513	-0.001717	0.000392	-0.000897
 - 	514	-0.001753	0.000424	-0.000923
 - 	515	-0.001766	0.000445	-0.000926
 - 	516	-0.001762	0.000458	-0.000911
 - 	517	-0.001748	0.000462	-0.000874
 - 	518	-0.001743	0.000461	-0.000829
 - 	519	-0.001747	0.000463	-0.000789
 - 	520	-0.001798	0.000476	-0.000772
 - 	521	-0.001866	0.000495	-0.000771
 - 	522	-0.001918	0.000511	-0.000776
 - 	523	-0.001957	0.000519	-0.000776
 - 	524	-0.001977	0.000520	-0.000774
 - 	525	-0.001979	0.000514	-0.000771
 - 	526	-0.001980	0.000502	-0.000767
 - 	527	-0.001962	0.000485	-0.000762
 - 	528	-0.001930	0.000459	-0.000740
 - 	529	-0.001886	0.000425	-0.000695
 - 	530	-0.001837	0.000385	-0.000627
 - 	531	-0.001797	0.000346	-0.000549
 - 	532	-0.001773	0.000309	-0.000466
 - 	533	-0.001756	0.000270	-0.000374
 - 	534	-0.001727	0.000227	-0.000272
 - 	535	-0.001714	0.000176	-0.000159
 - 	536	-0.001719	0.000129	-0.000063
 - 	537	-0.001759	0.000092	0.000006
 - 	538	-0.001819	0.000062	0.000051
 - 	539	-0.001898	0.000036	0.000083
 - 	540	-0.001976	0.000012	0.000102
 - 	541	-0.002055	-0.000010	0.000107
 - 	542	-0.002132	-0.000033	0.000101
 - 	543	-0.002206	-0.000054	0.000089
 - 	544	-0.002251	-0.000070	0.000076
 - 	545	-0.002269	-0.000080	0.000067
 - 	546	-0.002254	-0.000087	0.000063
 - 	547	-0.002236	-0.000091	0.000064
 - 	548	-0.002211	-0.000093	0.000068
 - 	549	-0.002210	-0.000090	0.000073
 - 	550	-0.002219	-0.000086	0.000078
 - 	551	-0.002243	-0.000081	0.000081
 - 	552	-0.002290	-0.000080	0.000085
 - 	553	-0.002358	-0.000082	0.000090
 - 	554	-0.002466	-0.000092	0.000098
 - 	555	-0.002606	-0.000109	0.000106
 - 	556	-0.002769	-0.000146	0.000127
 - 	557	-0.002951	-0.000198	0.000154
 - 	558	-0.003169	-0.000262	0.000187
 - 	559	-0.003412	-0.000325	0.000216
 - 	560	-0.003669	-0.000390	0.000245
 - 	561	-0.003938	-0.000447	0.000271
 - 	562	-0.004212	-0.000495	0.000294
 - 	563	-0.004471	-0.000534	0.000316
 - 	564	-0.004719	-0.000559	0.000334
 - 	565	-0.004950	-0.000567	0.000349
 - 	566	-0.005166	-0.000555	0.000359
 - 	567	-0.005364	-0.000519	0.000366
 - 	568	-0.005561	-0.000471	0.000374
 - 	569	-0.005750	-0.000403	0.000382
 - 	570	-0.005924	-0.000329	0.000395
 - 	571	-0.006076	-0.000254	0.000413
 - 	572	-0.006200	-0.000192	0.000440
 - 	573	-0.006300	-0.000138	0.000475
 - 	574	-0.006378	-0.000097	0.000515
 - 	575	-0.006442	-0.000067	0.000558
 - 	576	-0.006524	-0.000055	0.000601
 - 	577	-0.006613	-0.000054	0.000638
 - 	578	-0.006722	-0.000063	0.000666
 - 	579	-0.006847	-0.000087	0.000681
 - 	580	-0.006975	-0.000135	0.000682
 - 	581	-0.007101	-0.000215	0.000668
 - 	582	-0.007208	-0.000327	0.000639
 - 	583	-0.007272	-0.000465	0.000593
 - 	584	-0.007275	-0.000613	0.000530
 - 	585	-0.007189	-0.000764	0.000451
 - 	586	-0.006984	-0.000901	0.000357
 - 	587	-0.006646	-0.001012	0.000252
 - 	588	-0.006156	-0.001082	0.000139
 - 	589	-0.005511	-0.001114	0.000024
 - 	590	-0.004723	-0.001114	-0.000086
 - 	591	-0.003821	-0.001086	-0.000185
 - 	592	-0.002838	-0.001037	-0.000270
 - 	593	-0.001813	-0.000971	-0.000336
 - 	594	-0.000791	-0.000898	-0.000381
 - 	595	0.000171	-0.000839	-0.000408
 - 	596	0.001031	-0.000800	-0.000417
 - 	597	0.001723	-0.000781	-0.000410
 - 	598	0.002217	-0.000764	-0.000389
 - 	599	0.002479	-0.000723	-0.000356
 - 	600	-0.005830	-0.006829	0.001951
 - 	601	-0.004572	-0.006813	0.002001
 - 	602	-0.003553	-0.006853	0.001990
 - 	603	-0.002550	-0.006713	0.001934
 - 	604	-0.001002	-0.006604	0.001886
 - 	605	0.000772	-0.006589	0.001884
 - 	606	0.002835	-0.006670	0.001900
 - 	607	0.005047	-0.006618	0.001835
 - 	608	0.006810	-0.006342	0.001689
 - 	609	0.008024	-0.005547	0.001390
 - 	610	0.009293	-0.004337	0.000942
 - 	611	0.011480	-0.002854	0.000502
 - 	612	0.014167	-0.000881	0.000106
 - 	613	0.015736	0.001383	-0.000338
 - 	614	0.015534	0.003331	-0.000784
 - 	615	0.014845	0.004579	-0.001197
 - 	616	0.014890	0.005747	-0.001637
 - 	617	0.015235	0.007328	-0.002154
 - 	618	0.015415	0.008969	-0.002669
 - 	619	0.015613	0.010520	-0.003141
 - 	620	0.015846	0.011995	-0.003560
 - 	621	0.016037	0.013005	-0.003871
 - 	622	0.016309	0.013597	-0.004010
 - 	623	0.016635	0.013984	-0.004044
 - 	624	0.016737	0.014268	-0.004029
 - 	625	0.016442	0.014621	-0.004019
 - 	626	0.016014	0.014916	-0.003937
 - 	627	0.015892	0.015117	-0.003826
 - 	628	0.015779	0.015605	-0.003738
 - 	629	0.015494	0.016368	-0.003666
 - 	630	0.015363	0.017227	-0.003663
 - 	631	0.014998	0.018252	-0.003730
 - 	632	0.014221	0.019547	-0.003823
 - 	633	0.013537	0.021013	-0.003928
 - 	634	0.012832	0.022379	-0.004013
 - 	635	0.012147	0.023706	-0.004117
 - 	636	0.011546	0.024829	-0.004122
 - 	637	0.010969	0.025722	-0.004023
 - 	638	0.010287	0.026700	-0.003956
 - 	639	0.009691	0.027779	-0.003865
 - 	640	0.009301	0.028777	-0.003711
 - 	641	0.008944	0.029812	-0.003569
 - 	642	0.008530	0.030627	-0.003519
 - 	643	0.008121	0.031284	-0.003424
 - 	644	0.007994	0.031988	-0.003236
 - 	645	0.007904	0.032714	-0.002992
 - 	646	0.007638	0.033137	-0.002748
 - 	647	0.007606	0.033315	-0.002514
 - 	648	0.007819	0.033424	-0.002286
 - 	649	0.007975	0.033549	-0.002034
 - 	650	0.008020	0.033505	-0.001785
 - 	651	0.008016	0.033380	-0.001578
 - 	652	0.008255	0.033439	-0.001390
 - 	653	0.008699	0.033410	-0.001216
 - 	654	0.008825	0.033562	-0.001086
 - 	655	0.008832	0.033789	-0.001040
 - 	656	0.008964	0.033981	-0.000999
 - 	657	0.009270	0.034068	-0.001039
 - 	658	0.009462	0.034281	-0.001109
 - 	659	0.009672	0.034481	-0.001122
 - 	660	0.009935	0.034279	-0.001111
 - 	661	0.009995	0.034114	-0.001100
 - 	662	0.010015	0.034124	-0.001124
 - 	663	0.009971	0.034117	-0.001072
 - 	664	0.009917	0.033964	-0.000974
 - 	665	0.009731	0.033869	-0.000862
 - 	666	0.009415	0.033810	-0.000798
 - 	667	0.009223	0.033536	-0.000731
 - 	668	0.009043	0.033023	-0.000612
 - 	669	0.008898	0.032446	-0.000491
 - 	670	0.008650	0.031903	-0.000392
 - 	671	0.008301	0.031399	-0.000292
 - 	672	0.007994	0.030935	-0.000177
 - 	673	0.007603	0.030531	0.000015
 - 	674	0.007337	0.030172	0.000199
 - 	675	0.007065	0.029833	0.000353
 - 	676	0.006813	0.029563	0.000552
 - 	677	0.006679	0.029264	0.000747
 - 	678	0.006464	0.028832	0.000965
 - 	679	0.006084	0.028550	0.001201
 - 	680	0.005716	0.028323	0.001428
 - 	681	0.005468	0.028102	0.001630
 - 	682	0.005135	0.027831	0.001843
 - 	683	0.004749	0.027517	0.002081
 - 	684	0.004357	0.027158	0.002270
 - 	685	0.003860	0.027052	0.002371
 - 	686	0.003615	0.027179	0.002485
 - 	687	0.003521	0.027129	0.002670
 - 	688	0.003153	0.026846	0.002879
 - 	689	0.002714	0.026503	0.003076
 - 	690	0.002472	0.026219	0.003226
 - 	691	0.002294	0.025893	0.003340
 - 	692	0.002149	0.025678	0.003431
 - 	693	0.001998	0.025656	0.003573
 - 	694	0.001675	0.025618	0.003709
 - 	695	0.001372	0.025411	0.003833
 - 	696	0.001132	0.025190	0.003937
 - 	697	0.000878	0.025082	0.004055
 - 	698	0.000641	0.025037	0.004131
 - 	699	0.000420	0.024796	0.004167
 - 	700	0.000062	0.024568	0.004228
 - 	701	-0.000379	0.024450	0.004286
 - 	702	-0.000673	0.024427	0.004322
 - 	703	-0.000858	0.024361	0.004357
 - 	704	-0.001003	0.024256	0.004407
 - 	705	-0.001134	0.024197	0.004410
 - 	706	-0.001346	0.024240	0.004395
 - 	707	-0.001669	0.024327	0.004403
 - 	708	-0.001788	0.024465	0.004444
 - 	709	-0.002028	0.024774	0.004480
 - 	710	-0.002447	0.025017	0.004476
 - 	711	-0.002664	0.024913	0.004436
 - 	712	-0.002760	0.024604	0.004370
 - 	713	-0.002339	0.024263	0.004360
 - 	714	-0.001456	0.024170	0.004426
 - 	715	-0.000523	0.023913	0.004474
 - 	716	0.000355	0.023634	0.004439
 - 	717	0.001090	0.023633	0.004378
 - 	718	0.001567	0.023888	0.004348
 - 	719	0.001890	0.024106	0.004297
 - 	720	0.002236	0.024209	0.004217
 - 	721	0.002565	0.024351	0.004178
 - 	722	0.002901	0.024775	0.004190
 - 	723	0.003152	0.025189	0.004219
 - 	724	0.003268	0.025103	0.004157
 - 	725	0.003223	0.025020	0.004083
 - 	726	0.003152	0.025230	0.004060
 - 	727	0.003305	0.025550	0.004036
 - 	728	0.003381	0.025783	0.003994
 - 	729	0.003340	0.025973	0.003967
 - 	730	0.003384	0.026254	0.003952
 - 	731	0.003150	0.026700	0.003976
 - 	732	0.002927	0.027078	0.003985
 - 	733	0.002989	0.027176	0.003953
 - 	734	0.003070	0.027270	0.003948
 - 	735	0.003302	0.027342	0.003970
 - 	736	0.003732	0.027411	0.003942
 - 	737	0.004153	0.027569	0.003957
 - 	738	0.004708	0.027776	0.004012
 - 	739	0.005132	0.027826	0.004018
 - 	740	0.005436	0.027714	0.004013
 - 	741	0.005882	0.027646	0.004017
 - 	742	0.006400	0.027678	0.004064
 - 	743	0.007061	0.027779	0.004143
 - 	744	0.007527	0.027848	0.004157
 - 	745	0.007936	0.028028	0.004102
 - 	746	0.008392	0.028292	0.004035
 - 	747	0.008897	0.028260	0.003909
 - 	748	0.009574	0.028078	0.003759
 - 	749	0.010170	0.027915	0.003638
 - 	750	0.010660	0.027892	0.003591
 - 	751	0.011070	0.027938	0.003570
 - 	752	0.011732	0.027876	0.003501
 - 	753	0.012390	0.027814	0.003444
 - 	754	0.012717	0.027735	0.003315
 - 	755	0.012900	0.027600	0.003163
 - 	756	0.013013	0.027558	0.003097
 - 	757	0.013122	0.027574	0.003068
 - 	758	0.013498	0.027512	0.002970
 - 	759	0.013936	0.027311	0.002913
 - 	760	0.014547	0.026999	0.002862
 - 	761	0.015067	0.026820	0.002815
 - 	762	0.015367	0.026687	0.002797
 - 	763	0.015852	0.026385	0.002742
 - 	764	0.016388	0.025957	0.002636
 - 	765	0.016678	0.025479	0.002536
 - 	766	0.017005	0.024906	0.002457
 - 	767	0.017633	0.024056	0.002339
 - 	768	0.018307	0.023083	0.002197
 - 	769	0.019059	0.022233	0.002077
 - 	770	0.019597	0.021343	0.001950
 - 	771	0.020133	0.020122	0.001842
 - 	772	0.020856	0.018563	0.001693
 - 	773	0.021491	0.016907	0.001470
 - 	774	0.022148	0.015067	0.001260
 - 	775	0.022633	0.013155	0.001088
 - 	776	0.022746	0.011397	0.000924
 - 	777	0.022641	0.009951	0.000834
 - 	778	0.022231	0.008586	0.000804
 - 	779	0.021555	0.007103	0.000721
 - 	780	0.020649	0.005498	0.000620
 - 	781	0.019226	0.003997	0.000524
 - 	782	0.017889	0.002690	0.000470
 - 	783	0.016785	0.001748	0.000440
 - 	784	0.015848	0.000989	0.000386
 - 	785	0.014961	0.000128	0.000378
 - 	786	0.014159	-0.000562	0.000368
 - 	787	0.013103	-0.001078	0.000356
 - 	788	0.011697	-0.001407	0.000296
 - 	789	0.010528	-0.001486	0.000229
 - 	790	0.009826	-0.001511	0.000168
 - 	791	0.009516	-0.001573	0.000120
 - 	792	0.008618	-0.001539	0.000079
 - 	793	0.007256	-0.001263	0.000000
 - 	794	-0.003631	-0.000241	0.000513
 - 	795	-0.003588	-0.000203	0.000530
 - 	796	-0.003567	-0.000191	0.000561
 - 	797	-0.003573	-0.000211	0.000615
 - 	798	-0.003602	-0.000258	0.000684
 - 	799	-0.003643	-0.000323	0.000760
 - 	800	-0.003685	-0.000392	0.000828
 - 	801	-0.003705	-0.000447	0.000865
 - 	802	-0.003669	-0.000482	0.000861
 - 	803	-0.003563	-0.000490	0.000810
 - 	804	-0.003382	-0.000474	0.000717
 - 	805	-0.003138	-0.000436	0.000590
 - 	806	-0.002862	-0.000371	0.000429
 - 	807	-0.002594	-0.000276	0.000237
 - 	808	-0.002353	-0.000153	0.000014
 - 	809	-0.002171	-0.000009	-0.000228
 - 	810	-0.002048	0.000150	-0.000483
 - 	811	-0.001987	0.000316	-0.000745
 - 	812	-0.001985	0.000481	-0.001002
 - 	813	-0.002028	0.000633	-0.001240
 - 	814	-0.002106	0.000768	-0.001452
 - 	815	-0.002216	0.000877	-0.001626
 - 	816	-0.002342	0.000961	-0.001763
 - 	817	-0.002487	0.001022	-0.001863
 - 	818	-0.002645	0.001065	-0.001934
 - 	819	-0.002810	0.001096	-0.001987
 - 	820	-0.002974	0.001118	-0.002019
 - 	821	-0.003126	0.001128	-0.002029
 - 	822	-0.003263	0.001132	-0.002022
 - 	823	-0.003379	0.001134	-0.002004
 - 	824	-0.003466	0.001133	-0.001975
 - 	825	-0.003527	0.001132	-0.001939
 - 	826	-0.003545	0.001125	-0.001894
 - 	827	-0.003527	0.001110	-0.001839
 - 	828	-0.003478	0.001086	-0.001769
 - 	829	-0.003414	0.001056	-0.001688
 - 	830	-0.003346	0.001025	-0.001599
 - 	831	-0.003275	0.000988	-0.001498
 - 	832	-0.003217	0.000944	-0.001375
 - 	833	-0.003169	0.000892	-0.001237
 - 	834	-0.003147	0.000834	-0.001084
 - 	835	-0.003150	0.000770	-0.000923
 - 	836	-0.003186	0.000703	-0.000764
 - 	837	-0.003256	0.000630	-0.000602
 - 	838	-0.003352	0.000548	-0.000435
 - 	839	-0.003442	0.000454	-0.000260
 - 	840	-0.003501	0.000352	-0.000083
 - 	841	-0.003539	0.000249	0.000086
 - 	842	-0.003577	0.000151	0.000241
 - 	843	-0.003621	0.000066	0.000372
 - 	844	-0.003664	-0.000009	0.000483
 - 	845	-0.003701	-0.000076	0.000572
 - 	846	-0.003732	-0.000132	0.000636
 - 	847	-0.003755	-0.000175	0.000676
 - 	848	-0.003772	-0.000209	0.000697
 - 	849	-0.003790	-0.000236	0.000712
 - 	850	-0.003806	-0.000262	0.000727
 - 	851	-0.003810	-0.000294	0.000753
 - 	852	-0.003814	-0.000330	0.000789
 - 	853	-0.003831	-0.000370	0.000830
 - 	854	-0.003880	-0.000409	0.000868
 - 	855	-0.003974	-0.000445	0.000895
 - 	856	-0.004107	-0.000486	0.000915
 - 	857	-0.004283	-0.000539	0.000934
 - 	858	-0.004498	-0.000605	0.000953
 - 	859	-0.004747	-0.000672	0.000965
 - 	860	-0.005005	-0.000732	0.000967
 - 	861	-0.005245	-0.000793	0.000969
 - 	862	-0.005466	-0.000853	0.000971
 - 	863	-0.005665	-0.000917	0.000976
 - 	864	-0.005849	-0.000992	0.000984
 - 	865	-0.006037	-0.001068	0.000992
 - 	866	-0.006235	-0.001139	0.000993
 - 	867	-0.006454	-0.001204	0.000990
 - 	868	-0.006704	-0.001261	0.000984
 - 	869	-0.006982	-0.001316	0.000979
 - 	870	-0.007292	-0.001369	0.000974
 - 	871	-0.007609	-0.001414	0.000965
 - 	872	-0.007919	-0.001450	0.000951
 - 	873	-0.008215	-0.001479	0.000935
 - 	874	-0.008484	-0.001501	0.000917
 - 	875	-0.008708	-0.001517	0.000894
 - 	876	-0.008883	-0.001533	0.000869
 - 	877	-0.008983	-0.001558	0.000840
 - 	878	-0.009003	-0.001577	0.000805
 - 	879			
 - 	880			
 - 	881			
 - 	882			
 - 	883			
 - 	884			
 - 	885			
 - 	886			
 - 	887			
 - 	888			
 - 	889			
 - 	890			
 - 	891			
 - 	892			
 - 	893			
 - 	894			
 - 	895			
 - 	896			
 - 	897			
 - 	898			
 - 	899			
 - 	900			
 - 	901			
 - 	902			
 - 	903			
 - 	904			
 - 	905			
 - 	906			
 - 	907			
 - 	908			
 - 	909			
 - 	910			
 - 	911			
 - 	912			
 - 	913			
 - 	914			
 - 	915			
 - 	916			
 - 	917			
 - 	918			
 - 	919			
 - 	920			
 - 	921			
 - 	922			
 - 	923			
 - 	924			
 - 	925			
 - 	926			
 - 	927			
 - 	928			
 - 	929			
 - 	930			
 - 	931			
 - 	932			
 - 	933			
 - 	934			
 - 	935			
 - 	936			
 - 	937			
 - 	938			
 - 	939			
 - 	940			
 - 	941			
 - 	942			
 - 	943			
 - 	944			
 - 	945			
 - 	946			
 - 	947			
 - 	948			
 - 	949			
 - 	950			
 - 	951			
 - 	952			
 - 	953			
 - 	954			
 - 	955			
 - 	956			
 - 	957			
 - 	958			
 - 	959			
 - 	960			
 - 	961			
 - 	962			
 - 	963			
 - 	964			
 - 	965			
 - 	966			
 - 	967			
 - 	968			
 - 	969			
 - 	970			
 - 	971			
 - 	972			
 - 	973			
 - 	974			
 - 	975			
 - 	976			
 - 	977			
 - 	978			
 - 	979			
 - 	980			
 - 	981			
 - 	982			
 - 	983			
 - 	984			
 - 	985			
 - 	986			
 - 	987			
 - 	988			
 - 	989			
 - 	990			
 - 	991			
 - 	992			
 - 	993			
 - 	994			
 - 	995			
 - 	996			
 - 	997			
 - 	998			
 - 	999			
 - 	1000			
 - 	1001			
 - 	1002			
 - 	1003			
 - 	1004			
 - 	1005			
 - 	1006			
 - 	1007			
 - 	1008			
 - 	1009			
 - 	1010			
 - 	1011			
 - 	1012			
 - 	1013			
 - 	1014			
 - 	1015			
 - 	1016			
 - 	1017			
 - 	1018			
 - 	1019			
 - 	1020			
 - 	1021			
 - 	1022			
 - 	1023			
 - 	1024			
 - 	1025			
 - 	1026			
 - 	1027			
 - 	1028			
 - 	1029			
 - 	1030			
 - 	1031			
 - 	1032			
 - 	1033			
 - 	1034			
 - 	1035			
 - 	1036			
 - 	1037			
 - 	1038			
 - 	1039			
 - 	1040			
 - 	1041			
 - 	1042			
 - 	1043			
 - 	1044			
 - 	1045			
 - 	1046			
 - 	1047			
 - 	1048			
 - 	1049			
 - 	1050			
 - 	1051			
 - 	1052			
 - 	1053			
 - 	1054			
 - 	1055			
 - 	1056			
 - 	1057			
 - 	1058			
 - 	1059			
 - 	1060			
 - 	1061			
 - 	1062			
 - 	1063			
 - 	1064			
 - 	1065			
 - 	1066			
 - 	1067			
 - 	1068			
 - 	1069			
 - 	1070			
 - 	1071			
 - 	1072			
 - 	1073			
 - 	1074			
 - 	1075			
 - 	1076			
 - 	1077			
 - 	1078			
 - 	1079			
 - 	1080			
 - 	1081			
 - 	1082			
 - 	1083			
 - 	1084			
 - 	1085			
 - 	1086			
 - 	1087			
 - 	1088			
 - 	1089			
 - 	1090			
 - 	1091			
 - 	1092			
 - 	1093			
 - 	1094			
 - 	1095			
 - 	1096			
 - 	1097			
 - 	1098			
 - 	1099			
 - 	1100			
 - 	1101			
 - 	1102			
 - 	1103			
 - 	1104			
 - 	1105			
 - 	1106			
 - 	1107			
 - 	1108			
 - 	1109			
 - 	1110			
 - 	1111			
 - 	1112			
 - 	1113			
 - 	1114			
 - 	1115			
 - 	1116			
 - 	1117			
 - 	1118			
 - 	1119			
 - 	1120			
 - 	1121			
 - 	1122			
 - 	1123			
 - 	1124			
 - 	1125			
 - 	1126			
 - 	1127			
 - 	1128			
 - 	1129			
 - 	1130			
 - 	1131			
 - 	1132			
 - 	1133			
 - 	1134			
 - 	1135			
