LKNE_MOMENT
File	Frame	X 	Y 	Z 
Trial_3.filtered_40.c3d	1			
 - 	2			
 - 	3	0.001544	0.000654	-0.000098
 - 	4	0.001514	0.000657	-0.000096
 - 	5	0.001497	0.000656	-0.000095
 - 	6	0.001480	0.000658	-0.000094
 - 	7	0.001471	0.000659	-0.000093
 - 	8	0.001465	0.000663	-0.000092
 - 	9	0.001465	0.000666	-0.000093
 - 	10	0.001492	0.000677	-0.000096
 - 	11	0.001531	0.000690	-0.000101
 - 	12	0.001518	0.000687	-0.000099
 - 	13	0.001523	0.000689	-0.000099
 - 	14	0.001514	0.000672	-0.000098
 - 	15	0.001497	0.000659	-0.000096
 - 	16	0.001490	0.000647	-0.000096
 - 	17	0.001448	0.000627	-0.000091
 - 	18	0.001450	0.000635	-0.000092
 - 	19	0.001431	0.000629	-0.000090
 - 	20	0.001439	0.000634	-0.000090
 - 	21	0.001453	0.000636	-0.000092
 - 	22	0.001493	0.000641	-0.000094
 - 	23	0.001538	0.000642	-0.000097
 - 	24	0.001568	0.000635	-0.000099
 - 	25	0.001604	0.000637	-0.000101
 - 	26	0.001609	0.000636	-0.000101
 - 	27	0.001615	0.000636	-0.000101
 - 	28	0.001614	0.000635	-0.000100
 - 	29	0.001603	0.000631	-0.000100
 - 	30	0.001589	0.000627	-0.000099
 - 	31	0.001589	0.000622	-0.000100
 - 	32	0.001579	0.000617	-0.000099
 - 	33	0.001572	0.000611	-0.000099
 - 	34	0.001569	0.000608	-0.000098
 - 	35	0.001550	0.000606	-0.000095
 - 	36	0.001533	0.000605	-0.000093
 - 	37	0.001523	0.000608	-0.000092
 - 	38	0.001487	0.000612	-0.000089
 - 	39	0.001459	0.000622	-0.000087
 - 	40	0.001443	0.000634	-0.000087
 - 	41	0.001439	0.000645	-0.000088
 - 	42	0.001453	0.000659	-0.000089
 - 	43	0.001457	0.000668	-0.000090
 - 	44	0.001477	0.000674	-0.000092
 - 	45	0.001482	0.000677	-0.000091
 - 	46	0.001468	0.000675	-0.000089
 - 	47	0.001480	0.000669	-0.000090
 - 	48	0.001469	0.000661	-0.000089
 - 	49	0.001480	0.000655	-0.000089
 - 	50	0.001492	0.000653	-0.000090
 - 	51	0.001499	0.000650	-0.000090
 - 	52	0.001514	0.000651	-0.000092
 - 	53	0.001532	0.000653	-0.000092
 - 	54	0.001542	0.000654	-0.000092
 - 	55	0.001549	0.000653	-0.000094
 - 	56	0.001566	0.000649	-0.000096
 - 	57	0.001573	0.000644	-0.000097
 - 	58	0.001577	0.000638	-0.000099
 - 	59	0.001584	0.000642	-0.000099
 - 	60	0.001570	0.000648	-0.000099
 - 	61	0.001548	0.000657	-0.000100
 - 	62	0.001539	0.000660	-0.000101
 - 	63	0.001531	0.000660	-0.000101
 - 	64	0.001533	0.000659	-0.000101
 - 	65	0.001540	0.000657	-0.000102
 - 	66	0.001543	0.000659	-0.000102
 - 	67	0.001547	0.000653	-0.000102
 - 	68	0.001550	0.000652	-0.000102
 - 	69	0.001545	0.000645	-0.000101
 - 	70	0.001542	0.000642	-0.000100
 - 	71	0.001524	0.000635	-0.000098
 - 	72	0.001509	0.000633	-0.000096
 - 	73	0.001492	0.000631	-0.000094
 - 	74	0.001479	0.000631	-0.000093
 - 	75	0.001477	0.000631	-0.000093
 - 	76	0.001481	0.000634	-0.000093
 - 	77	0.001490	0.000638	-0.000094
 - 	78	0.001501	0.000643	-0.000095
 - 	79	0.001508	0.000649	-0.000097
 - 	80	0.001524	0.000649	-0.000097
 - 	81	0.001520	0.000637	-0.000095
 - 	82	0.001512	0.000634	-0.000096
 - 	83	0.001504	0.000634	-0.000096
 - 	84	0.001507	0.000639	-0.000097
 - 	85	0.001510	0.000650	-0.000097
 - 	86	0.001512	0.000665	-0.000097
 - 	87	0.001510	0.000681	-0.000098
 - 	88	0.001509	0.000696	-0.000099
 - 	89	0.001508	0.000706	-0.000099
 - 	90	0.001500	0.000713	-0.000099
 - 	91	0.001506	0.000716	-0.000099
 - 	92	0.001502	0.000705	-0.000099
 - 	93	0.001502	0.000685	-0.000099
 - 	94	0.001510	0.000664	-0.000099
 - 	95	0.001516	0.000642	-0.000099
 - 	96	0.001529	0.000630	-0.000099
 - 	97	0.001545	0.000621	-0.000100
 - 	98	0.001554	0.000621	-0.000100
 - 	99	0.001548	0.000617	-0.000098
 - 	100	0.001548	0.000615	-0.000097
 - 	101	0.001541	0.000614	-0.000096
 - 	102	0.001541	0.000616	-0.000096
 - 	103	0.001541	0.000622	-0.000095
 - 	104	0.001533	0.000626	-0.000095
 - 	105	0.001544	0.000634	-0.000095
 - 	106	0.001527	0.000646	-0.000092
 - 	107	0.001537	0.000629	-0.000095
 - 	108	0.001543	0.000607	-0.000097
 - 	109	0.001519	0.000638	-0.000091
 - 	110	0.001527	0.000614	-0.000094
 - 	111	0.001532	0.000595	-0.000097
 - 	112	0.001526	0.000614	-0.000094
 - 	113	0.001539	0.000643	-0.000092
 - 	114	0.001542	0.000627	-0.000094
 - 	115	0.001541	0.000611	-0.000096
 - 	116	0.001532	0.000639	-0.000092
 - 	117	0.001525	0.000640	-0.000091
 - 	118	0.001515	0.000638	-0.000090
 - 	119	0.001511	0.000632	-0.000091
 - 	120	0.001504	0.000626	-0.000091
 - 	121	0.001514	0.000627	-0.000092
 - 	122	0.001515	0.000627	-0.000093
 - 	123	0.001521	0.000632	-0.000093
 - 	124	0.001545	0.000635	-0.000094
 - 	125	0.001549	0.000632	-0.000094
 - 	126	0.001573	0.000632	-0.000095
 - 	127	0.001567	0.000624	-0.000095
 - 	128	0.001571	0.000622	-0.000095
 - 	129	0.001581	0.000615	-0.000097
 - 	130	0.001585	0.000612	-0.000098
 - 	131	0.001579	0.000609	-0.000098
 - 	132	0.001576	0.000610	-0.000099
 - 	133	0.001567	0.000616	-0.000099
 - 	134	0.001536	0.000617	-0.000098
 - 	135	0.001526	0.000623	-0.000097
 - 	136	0.001509	0.000628	-0.000096
 - 	137	0.001513	0.000634	-0.000095
 - 	138	0.001512	0.000639	-0.000095
 - 	139	0.001518	0.000644	-0.000096
 - 	140	0.001521	0.000648	-0.000095
 - 	141	0.001532	0.000649	-0.000096
 - 	142	0.001536	0.000647	-0.000096
 - 	143	0.001537	0.000639	-0.000097
 - 	144	0.001546	0.000635	-0.000099
 - 	145	0.001539	0.000635	-0.000099
 - 	146	0.001546	0.000641	-0.000100
 - 	147	0.001550	0.000649	-0.000101
 - 	148	0.001543	0.000653	-0.000100
 - 	149	0.001537	0.000655	-0.000099
 - 	150	0.001511	0.000654	-0.000096
 - 	151	0.001487	0.000652	-0.000095
 - 	152	0.001461	0.000654	-0.000093
 - 	153	0.001455	0.000661	-0.000093
 - 	154	0.001458	0.000665	-0.000094
 - 	155	0.001479	0.000661	-0.000096
 - 	156	0.001504	0.000653	-0.000098
 - 	157	0.001530	0.000643	-0.000100
 - 	158	0.001567	0.000630	-0.000103
 - 	159	0.001588	0.000620	-0.000104
 - 	160	0.001608	0.000612	-0.000105
 - 	161	0.001622	0.000609	-0.000106
 - 	162	0.001630	0.000612	-0.000106
 - 	163	0.001636	0.000617	-0.000107
 - 	164	0.001631	0.000623	-0.000107
 - 	165	0.001633	0.000632	-0.000108
 - 	166	0.001601	0.000635	-0.000106
 - 	167	0.001553	0.000631	-0.000103
 - 	168	0.001518	0.000627	-0.000101
 - 	169	0.001463	0.000610	-0.000096
 - 	170	0.001436	0.000590	-0.000092
 - 	171	0.001423	0.000572	-0.000090
 - 	172	0.001395	0.000557	-0.000088
 - 	173	0.001383	0.000556	-0.000087
 - 	174	0.001379	0.000569	-0.000087
 - 	175	0.001394	0.000590	-0.000091
 - 	176	0.001429	0.000616	-0.000096
 - 	177	0.001473	0.000647	-0.000102
 - 	178	0.001525	0.000684	-0.000108
 - 	179	0.001568	0.000717	-0.000114
 - 	180	0.001611	0.000741	-0.000117
 - 	181	0.001607	0.000734	-0.000116
 - 	182	0.001578	0.000709	-0.000111
 - 	183	0.001528	0.000675	-0.000105
 - 	184	0.001498	0.000661	-0.000099
 - 	185	0.001470	0.000650	-0.000095
 - 	186	0.001439	0.000639	-0.000091
 - 	187	0.001386	0.000617	-0.000089
 - 	188	0.001348	0.000601	-0.000089
 - 	189	0.001335	0.000592	-0.000091
 - 	190	0.001331	0.000578	-0.000093
 - 	191	0.001366	0.000569	-0.000097
 - 	192	0.001377	0.000552	-0.000100
 - 	193	0.001398	0.000546	-0.000101
 - 	194	0.001407	0.000553	-0.000101
 - 	195	0.001417	0.000567	-0.000099
 - 	196	0.001410	0.000577	-0.000097
 - 	197	0.001423	0.000582	-0.000097
 - 	198	0.001424	0.000583	-0.000097
 - 	199	0.001430	0.000586	-0.000100
 - 	200	0.001444	0.000595	-0.000103
 - 	201	0.001455	0.000608	-0.000105
 - 	202	0.001465	0.000616	-0.000107
 - 	203	0.001449	0.000615	-0.000107
 - 	204	0.001426	0.000605	-0.000106
 - 	205	0.001416	0.000597	-0.000104
 - 	206	0.001397	0.000589	-0.000101
 - 	207	0.001360	0.000573	-0.000099
 - 	208	0.001323	0.000553	-0.000098
 - 	209	0.001289	0.000539	-0.000099
 - 	210	0.001296	0.000530	-0.000102
 - 	211	0.001321	0.000528	-0.000106
 - 	212	0.001323	0.000531	-0.000106
 - 	213	0.001362	0.000545	-0.000106
 - 	214	0.001380	0.000563	-0.000102
 - 	215	0.001412	0.000577	-0.000099
 - 	216	0.001429	0.000586	-0.000097
 - 	217	0.001424	0.000589	-0.000094
 - 	218	0.001417	0.000597	-0.000093
 - 	219	0.001361	0.000599	-0.000090
 - 	220	0.001339	0.000603	-0.000090
 - 	221	0.001303	0.000596	-0.000092
 - 	222	0.001293	0.000583	-0.000095
 - 	223	0.001287	0.000558	-0.000098
 - 	224	0.001286	0.000528	-0.000098
 - 	225	0.001294	0.000505	-0.000096
 - 	226	0.001299	0.000494	-0.000093
 - 	227	0.001312	0.000490	-0.000090
 - 	228	0.001323	0.000488	-0.000087
 - 	229	0.001308	0.000478	-0.000084
 - 	230	0.001305	0.000473	-0.000084
 - 	231	0.001277	0.000470	-0.000084
 - 	232	0.001248	0.000463	-0.000086
 - 	233	0.001216	0.000459	-0.000088
 - 	234	0.001186	0.000446	-0.000092
 - 	235	0.001155	0.000436	-0.000095
 - 	236	0.001137	0.000426	-0.000096
 - 	237	0.001132	0.000418	-0.000095
 - 	238	0.001160	0.000415	-0.000094
 - 	239	0.001198	0.000418	-0.000092
 - 	240	0.001235	0.000424	-0.000090
 - 	241	0.001260	0.000427	-0.000088
 - 	242	0.001269	0.000431	-0.000085
 - 	243	0.001279	0.000436	-0.000084
 - 	244	0.001271	0.000435	-0.000083
 - 	245	0.001244	0.000429	-0.000082
 - 	246	0.001200	0.000428	-0.000082
 - 	247	0.001107	0.000422	-0.000080
 - 	248	0.001013	0.000424	-0.000081
 - 	249	0.000903	0.000425	-0.000081
 - 	250	0.000812	0.000429	-0.000083
 - 	251	0.000769	0.000445	-0.000086
 - 	252	0.000755	0.000464	-0.000091
 - 	253	0.000779	0.000487	-0.000097
 - 	254	0.000789	0.000496	-0.000100
 - 	255	0.000776	0.000487	-0.000099
 - 	256	0.000785	0.000466	-0.000096
 - 	257	0.000770	0.000429	-0.000090
 - 	258	0.000774	0.000392	-0.000085
 - 	259	0.000773	0.000359	-0.000081
 - 	260	0.000764	0.000330	-0.000077
 - 	261	0.000752	0.000305	-0.000074
 - 	262	0.000755	0.000289	-0.000073
 - 	263	0.000737	0.000276	-0.000072
 - 	264	0.000738	0.000277	-0.000071
 - 	265	0.000722	0.000285	-0.000068
 - 	266	0.000713	0.000307	-0.000064
 - 	267	0.000703	0.000332	-0.000060
 - 	268	0.000699	0.000354	-0.000057
 - 	269	0.000710	0.000370	-0.000056
 - 	270	0.000711	0.000369	-0.000055
 - 	271	0.000718	0.000369	-0.000055
 - 	272	0.000708	0.000363	-0.000055
 - 	273	0.000713	0.000355	-0.000057
 - 	274	0.000715	0.000345	-0.000057
 - 	275	0.000723	0.000335	-0.000058
 - 	276	0.000725	0.000330	-0.000058
 - 	277	0.000721	0.000329	-0.000059
 - 	278	0.000726	0.000345	-0.000063
 - 	279	0.000716	0.000364	-0.000068
 - 	280	0.000718	0.000385	-0.000073
 - 	281	0.000682	0.000394	-0.000073
 - 	282	0.000664	0.000398	-0.000072
 - 	283	0.000618	0.000388	-0.000068
 - 	284	0.000599	0.000382	-0.000065
 - 	285	0.000566	0.000364	-0.000061
 - 	286	0.000542	0.000339	-0.000058
 - 	287	0.000538	0.000317	-0.000056
 - 	288	0.000515	0.000296	-0.000053
 - 	289	0.000489	0.000284	-0.000052
 - 	290	0.000464	0.000290	-0.000053
 - 	291	0.000452	0.000315	-0.000058
 - 	292	0.000463	0.000351	-0.000066
 - 	293	0.000473	0.000390	-0.000074
 - 	294	0.000502	0.000429	-0.000082
 - 	295	0.000520	0.000461	-0.000088
 - 	296	0.000539	0.000491	-0.000094
 - 	297	0.000559	0.000519	-0.000099
 - 	298	0.000576	0.000545	-0.000104
 - 	299	0.000602	0.000566	-0.000109
 - 	300	0.000643	0.000574	-0.000113
 - 	301	0.000683	0.000560	-0.000114
 - 	302	0.000715	0.000520	-0.000111
 - 	303	0.000748	0.000461	-0.000104
 - 	304	0.000763	0.000375	-0.000092
 - 	305	0.000757	0.000276	-0.000077
 - 	306	0.000710	0.000169	-0.000057
 - 	307	0.000652	0.000074	-0.000039
 - 	308	0.000578	0.000005	-0.000022
 - 	309	0.000515	-0.000020	-0.000011
 - 	310	0.000430	-0.000014	-0.000003
 - 	311	0.000332	0.000039	-0.000002
 - 	312	0.000226	0.000120	-0.000007
 - 	313	0.000112	0.000222	-0.000016
 - 	314	-0.000036	0.000322	-0.000024
 - 	315	-0.000181	0.000414	-0.000034
 - 	316	-0.000316	0.000489	-0.000043
 - 	317	-0.000406	0.000547	-0.000053
 - 	318	-0.000468	0.000584	-0.000063
 - 	319	-0.000509	0.000602	-0.000068
 - 	320	-0.000507	0.000595	-0.000070
 - 	321	-0.000459	0.000573	-0.000071
 - 	322	-0.000389	0.000522	-0.000068
 - 	323	-0.000298	0.000455	-0.000061
 - 	324	-0.000206	0.000376	-0.000051
 - 	325	-0.000133	0.000291	-0.000037
 - 	326	-0.000074	0.000194	-0.000021
 - 	327	-0.000060	0.000080	-0.000001
 - 	328	-0.000086	-0.000045	0.000020
 - 	329	-0.000124	-0.000160	0.000038
 - 	330	-0.000184	-0.000254	0.000053
 - 	331	-0.000265	-0.000318	0.000064
 - 	332	-0.000351	-0.000361	0.000073
 - 	333	-0.000426	-0.000374	0.000077
 - 	334	-0.000520	-0.000374	0.000079
 - 	335	-0.000578	-0.000357	0.000077
 - 	336	-0.000643	-0.000331	0.000075
 - 	337	-0.000661	-0.000306	0.000070
 - 	338	-0.000701	-0.000285	0.000068
 - 	339	-0.000724	-0.000271	0.000067
 - 	340	-0.000746	-0.000266	0.000068
 - 	341	-0.000734	-0.000271	0.000067
 - 	342	-0.000696	-0.000287	0.000067
 - 	343	-0.000672	-0.000316	0.000070
 - 	344	-0.000668	-0.000362	0.000077
 - 	345	-0.000672	-0.000406	0.000083
 - 	346	-0.000685	-0.000448	0.000088
 - 	347	-0.000694	-0.000482	0.000092
 - 	348	-0.000674	-0.000516	0.000094
 - 	349	-0.000647	-0.000552	0.000097
 - 	350	-0.000603	-0.000583	0.000099
 - 	351	-0.000559	-0.000614	0.000101
 - 	352	-0.000533	-0.000641	0.000105
 - 	353	-0.000538	-0.000666	0.000110
 - 	354	-0.000542	-0.000686	0.000114
 - 	355	-0.000540	-0.000695	0.000115
 - 	356	-0.000537	-0.000687	0.000112
 - 	357	-0.000534	-0.000660	0.000106
 - 	358	-0.000559	-0.000610	0.000096
 - 	359	-0.000602	-0.000554	0.000083
 - 	360	-0.000676	-0.000481	0.000069
 - 	361	-0.000756	-0.000416	0.000055
 - 	362	-0.000824	-0.000357	0.000043
 - 	363	-0.000872	-0.000300	0.000032
 - 	364	-0.000863	-0.000244	0.000021
 - 	365	-0.000843	-0.000183	0.000012
 - 	366	-0.000819	-0.000119	0.000004
 - 	367	-0.000819	-0.000051	-0.000001
 - 	368	-0.000843	0.000016	-0.000003
 - 	369	-0.000865	0.000068	-0.000002
 - 	370	-0.000892	0.000101	0.000001
 - 	371	-0.000909	0.000117	0.000004
 - 	372	-0.000906	0.000121	0.000007
 - 	373	-0.000877	0.000115	0.000008
 - 	374	-0.000850	0.000095	0.000009
 - 	375	-0.000823	0.000071	0.000010
 - 	376	-0.000788	0.000035	0.000011
 - 	377	-0.000795	-0.000012	0.000016
 - 	378	-0.000810	-0.000068	0.000022
 - 	379	-0.000844	-0.000135	0.000031
 - 	380	-0.000856	-0.000204	0.000039
 - 	381	-0.000835	-0.000281	0.000045
 - 	382	-0.000814	-0.000357	0.000051
 - 	383	-0.000786	-0.000433	0.000057
 - 	384	-0.000746	-0.000497	0.000061
 - 	385	-0.000719	-0.000549	0.000066
 - 	386	-0.000689	-0.000589	0.000069
 - 	387	-0.000671	-0.000608	0.000072
 - 	388	-0.000636	-0.000616	0.000072
 - 	389	-0.000592	-0.000618	0.000071
 - 	390	-0.000549	-0.000602	0.000068
 - 	391	-0.000506	-0.000580	0.000065
 - 	392	-0.000482	-0.000540	0.000059
 - 	393	-0.000466	-0.000486	0.000052
 - 	394	-0.000462	-0.000421	0.000045
 - 	395	-0.000462	-0.000349	0.000037
 - 	396	-0.000481	-0.000265	0.000028
 - 	397	-0.000484	-0.000182	0.000020
 - 	398	-0.000509	-0.000105	0.000014
 - 	399	-0.000504	-0.000040	0.000008
 - 	400	-0.000520	0.000001	0.000006
 - 	401	-0.000530	0.000018	0.000006
 - 	402	-0.000554	0.000009	0.000008
 - 	403	-0.000569	-0.000019	0.000011
 - 	404	-0.000590	-0.000066	0.000016
 - 	405	-0.000596	-0.000114	0.000020
 - 	406	-0.000600	-0.000168	0.000024
 - 	407	-0.000610	-0.000232	0.000030
 - 	408	-0.000641	-0.000299	0.000037
 - 	409	-0.000679	-0.000369	0.000046
 - 	410	-0.000707	-0.000432	0.000054
 - 	411	-0.000762	-0.000484	0.000062
 - 	412	-0.000793	-0.000533	0.000071
 - 	413	-0.000822	-0.000579	0.000079
 - 	414	-0.000816	-0.000619	0.000084
 - 	415	-0.000816	-0.000647	0.000088
 - 	416	-0.000804	-0.000664	0.000089
 - 	417	-0.000806	-0.000664	0.000089
 - 	418	-0.000809	-0.000648	0.000087
 - 	419	-0.000811	-0.000614	0.000082
 - 	420	-0.000812	-0.000566	0.000077
 - 	421	-0.000821	-0.000509	0.000072
 - 	422	-0.000830	-0.000439	0.000066
 - 	423	-0.000825	-0.000368	0.000060
 - 	424	-0.000842	-0.000287	0.000054
 - 	425	-0.000847	-0.000216	0.000048
 - 	426	-0.000882	-0.000152	0.000042
 - 	427	-0.000882	-0.000093	0.000035
 - 	428	-0.000901	-0.000056	0.000028
 - 	429	-0.000893	-0.000044	0.000023
 - 	430	-0.000870	-0.000062	0.000019
 - 	431	-0.000863	-0.000112	0.000022
 - 	432	-0.000880	-0.000186	0.000028
 - 	433	-0.000877	-0.000278	0.000038
 - 	434	-0.000907	-0.000380	0.000051
 - 	435	-0.000931	-0.000489	0.000065
 - 	436	-0.000946	-0.000604	0.000080
 - 	437	-0.000979	-0.000731	0.000098
 - 	438	-0.000996	-0.000843	0.000114
 - 	439	-0.001003	-0.000941	0.000128
 - 	440	-0.001004	-0.001008	0.000138
 - 	441	-0.000985	-0.001048	0.000143
 - 	442	-0.000971	-0.001043	0.000144
 - 	443	-0.000954	-0.000996	0.000141
 - 	444	-0.000939	-0.000907	0.000134
 - 	445	-0.000915	-0.000783	0.000120
 - 	446	-0.000908	-0.000633	0.000102
 - 	447	-0.000885	-0.000459	0.000079
 - 	448	-0.000864	-0.000262	0.000053
 - 	449	-0.000857	-0.000051	0.000027
 - 	450	-0.000841	0.000159	0.000002
 - 	451	-0.000829	0.000347	-0.000021
 - 	452	-0.000784	0.000486	-0.000041
 - 	453	-0.000735	0.000567	-0.000056
 - 	454	-0.000665	0.000577	-0.000065
 - 	455	-0.000614	0.000522	-0.000066
 - 	456	-0.000548	0.000398	-0.000058
 - 	457	-0.000504	0.000218	-0.000042
 - 	458	-0.000484	-0.000009	-0.000017
 - 	459	-0.000454	-0.000259	0.000013
 - 	460	-0.000460	-0.000508	0.000046
 - 	461	-0.000478	-0.000744	0.000080
 - 	462	-0.000526	-0.000944	0.000112
 - 	463	-0.000614	-0.001100	0.000143
 - 	464	-0.000716	-0.001213	0.000168
 - 	465	-0.000829	-0.001266	0.000185
 - 	466	-0.000925	-0.001268	0.000194
 - 	467	-0.001006	-0.001215	0.000193
 - 	468	-0.001042	-0.001124	0.000184
 - 	469	-0.001053	-0.000989	0.000166
 - 	470	-0.001012	-0.000814	0.000140
 - 	471	-0.000953	-0.000610	0.000109
 - 	472	-0.000868	-0.000392	0.000076
 - 	473	-0.000780	-0.000180	0.000043
 - 	474	-0.000699	0.000017	0.000013
 - 	475	-0.000642	0.000176	-0.000011
 - 	476	-0.000613	0.000296	-0.000029
 - 	477	-0.000562	0.000365	-0.000041
 - 	478	-0.000527	0.000387	-0.000045
 - 	479	-0.000488	0.000360	-0.000042
 - 	480	-0.000446	0.000290	-0.000032
 - 	481	-0.000434	0.000168	-0.000014
 - 	482	-0.000424	0.000010	0.000011
 - 	483	-0.000418	-0.000184	0.000041
 - 	484	-0.000426	-0.000404	0.000077
 - 	485	-0.000416	-0.000648	0.000116
 - 	486	-0.000393	-0.000898	0.000155
 - 	487	-0.000349	-0.001148	0.000193
 - 	488	-0.000269	-0.001383	0.000226
 - 	489	-0.000139	-0.001585	0.000248
 - 	490	0.000044	-0.001748	0.000259
 - 	491	0.000230	-0.001856	0.000259
 - 	492	0.000444	-0.001889	0.000246
 - 	493	0.000635	-0.001835	0.000221
 - 	494	0.000797	-0.001687	0.000184
 - 	495	0.000930	-0.001442	0.000135
 - 	496	0.000991	-0.001105	0.000079
 - 	497	0.000961	-0.000689	0.000018
 - 	498	0.000876	-0.000226	-0.000042
 - 	499	0.000724	0.000249	-0.000098
 - 	500	0.000529	0.000705	-0.000146
 - 	501	0.000292	0.001109	-0.000183
 - 	502	0.000055	0.001439	-0.000210
 - 	503	-0.000177	0.001679	-0.000224
 - 	504	-0.000358	0.001822	-0.000228
 - 	505	-0.000504	0.001855	-0.000219
 - 	506	-0.000622	0.001782	-0.000197
 - 	507	-0.000729	0.001615	-0.000163
 - 	508	-0.000785	0.001383	-0.000125
 - 	509	-0.000803	0.001120	-0.000085
 - 	510	-0.000783	0.000840	-0.000047
 - 	511	-0.000729	0.000563	-0.000014
 - 	512	-0.000650	0.000302	0.000016
 - 	513	-0.000532	0.000065	0.000039
 - 	514	-0.000396	-0.000151	0.000057
 - 	515	-0.000233	-0.000337	0.000069
 - 	516	-0.000096	-0.000491	0.000075
 - 	517	0.000060	-0.000606	0.000075
 - 	518	0.000173	-0.000694	0.000073
 - 	519	0.000285	-0.000759	0.000068
 - 	520	0.000385	-0.000807	0.000063
 - 	521	0.000478	-0.000834	0.000058
 - 	522	0.000570	-0.000835	0.000051
 - 	523	0.000655	-0.000809	0.000042
 - 	524	0.000730	-0.000767	0.000033
 - 	525	0.000778	-0.000712	0.000025
 - 	526	0.000777	-0.000655	0.000021
 - 	527	0.000749	-0.000585	0.000018
 - 	528	0.000710	-0.000511	0.000015
 - 	529	0.000665	-0.000437	0.000012
 - 	530	0.000603	-0.000372	0.000011
 - 	531	0.000561	-0.000307	0.000008
 - 	532	0.000492	-0.000259	0.000008
 - 	533	0.000451	-0.000206	0.000006
 - 	534	0.000420	-0.000160	0.000005
 - 	535	0.000426	-0.000111	0.000000
 - 	536	0.000438	-0.000066	-0.000004
 - 	537	0.000460	-0.000026	-0.000009
 - 	538	0.000481	0.000006	-0.000012
 - 	539	0.000472	0.000020	-0.000012
 - 	540	0.000491	0.000026	-0.000013
 - 	541	0.000502	0.000021	-0.000013
 - 	542	0.000545	0.000015	-0.000016
 - 	543	0.000577	0.000005	-0.000017
 - 	544	0.000628	-0.000005	-0.000018
 - 	545	0.000680	-0.000019	-0.000019
 - 	546	0.000719	-0.000021	-0.000019
 - 	547	0.000771	-0.000015	-0.000020
 - 	548	0.000805	0.000001	-0.000020
 - 	549	0.000849	0.000030	-0.000020
 - 	550	0.000904	0.000070	-0.000021
 - 	551	0.000950	0.000115	-0.000021
 - 	552	0.001011	0.000170	-0.000024
 - 	553	0.001066	0.000224	-0.000028
 - 	554	0.001126	0.000279	-0.000034
 - 	555	0.001166	0.000325	-0.000042
 - 	556	0.001181	0.000360	-0.000050
 - 	557	0.001196	0.000372	-0.000059
 - 	558	0.001191	0.000364	-0.000065
 - 	559	0.001207	0.000349	-0.000071
 - 	560	0.001250	0.000330	-0.000078
 - 	561	0.001281	0.000303	-0.000082
 - 	562	0.001331	0.000268	-0.000088
 - 	563	0.001381	0.000235	-0.000093
 - 	564	0.001417	0.000203	-0.000097
 - 	565	0.001468	0.000183	-0.000101
 - 	566	0.001513	0.000175	-0.000101
 - 	567	0.001575	0.000185	-0.000101
 - 	568	0.001634	0.000216	-0.000101
 - 	569	0.001689	0.000249	-0.000102
 - 	570	0.001719	0.000271	-0.000102
 - 	571	0.001750	0.000286	-0.000105
 - 	572	0.001752	0.000293	-0.000108
 - 	573	0.001762	0.000303	-0.000113
 - 	574	0.001748	0.000315	-0.000116
 - 	575	0.001750	0.000335	-0.000117
 - 	576	0.001738	0.000365	-0.000116
 - 	577	0.001721	0.000393	-0.000115
 - 	578	0.001701	0.000423	-0.000115
 - 	579	0.001683	0.000442	-0.000116
 - 	580	0.001662	0.000466	-0.000118
 - 	581	0.001660	0.000486	-0.000120
 - 	582	0.001646	0.000506	-0.000122
 - 	583	0.001633	0.000525	-0.000125
 - 	584	0.001621	0.000542	-0.000128
 - 	585	0.001625	0.000558	-0.000131
 - 	586	0.001628	0.000565	-0.000132
 - 	587	0.001637	0.000565	-0.000132
 - 	588	0.001651	0.000560	-0.000132
 - 	589	0.001658	0.000549	-0.000130
 - 	590	0.001666	0.000535	-0.000129
 - 	591	0.001666	0.000520	-0.000126
 - 	592	0.001668	0.000511	-0.000125
 - 	593	0.001674	0.000506	-0.000124
 - 	594	0.001672	0.000502	-0.000124
 - 	595	0.001689	0.000496	-0.000126
 - 	596	0.001708	0.000483	-0.000128
 - 	597	0.001734	0.000474	-0.000131
 - 	598	0.001759	0.000463	-0.000134
 - 	599	0.001769	0.000458	-0.000136
 - 	600	0.001769	0.000457	-0.000137
 - 	601	0.001774	0.000458	-0.000138
 - 	602	0.001759	0.000456	-0.000137
 - 	603	0.001757	0.000460	-0.000137
 - 	604	0.001756	0.000467	-0.000138
 - 	605	0.001749	0.000484	-0.000139
 - 	606	0.001760	0.000502	-0.000142
 - 	607	0.001773	0.000527	-0.000146
 - 	608	0.001785	0.000548	-0.000148
 - 	609	0.001777	0.000564	-0.000148
 - 	610	0.001787	0.000573	-0.000149
 - 	611	0.001784	0.000572	-0.000148
 - 	612	0.001801	0.000574	-0.000148
 - 	613	0.001806	0.000573	-0.000147
 - 	614	0.001817	0.000576	-0.000148
 - 	615	0.001828	0.000579	-0.000148
 - 	616	0.001831	0.000585	-0.000149
 - 	617	0.001829	0.000587	-0.000150
 - 	618	0.001843	0.000596	-0.000153
 - 	619	0.001841	0.000605	-0.000156
 - 	620	0.001852	0.000613	-0.000160
 - 	621	0.001838	0.000616	-0.000161
 - 	622	0.001828	0.000622	-0.000162
 - 	623	0.001805	0.000623	-0.000162
 - 	624	0.001791	0.000626	-0.000161
 - 	625	0.001775	0.000627	-0.000160
 - 	626	0.001762	0.000632	-0.000160
 - 	627	0.001756	0.000642	-0.000160
 - 	628	0.001737	0.000653	-0.000159
 - 	629	0.001725	0.000664	-0.000158
 - 	630	0.001714	0.000674	-0.000158
 - 	631	0.001705	0.000678	-0.000157
 - 	632	0.001707	0.000685	-0.000158
 - 	633	0.001703	0.000689	-0.000158
 - 	634	0.001691	0.000694	-0.000158
 - 	635	0.001671	0.000700	-0.000157
 - 	636	0.001663	0.000707	-0.000157
 - 	637	0.001633	0.000709	-0.000155
 - 	638	0.001613	0.000708	-0.000152
 - 	639	0.001586	0.000704	-0.000150
 - 	640	0.001574	0.000707	-0.000149
 - 	641	0.001577	0.000710	-0.000150
 - 	642	0.001561	0.000710	-0.000150
 - 	643	0.001561	0.000713	-0.000151
 - 	644	0.001553	0.000709	-0.000151
 - 	645	0.001553	0.000707	-0.000152
 - 	646	0.001557	0.000702	-0.000153
 - 	647	0.001563	0.000698	-0.000154
 - 	648	0.001581	0.000697	-0.000155
 - 	649	0.001584	0.000695	-0.000155
 - 	650	0.001595	0.000695	-0.000154
 - 	651	0.001595	0.000694	-0.000153
 - 	652	0.001597	0.000693	-0.000152
 - 	653	0.001595	0.000694	-0.000151
 - 	654	0.001595	0.000700	-0.000151
 - 	655	0.001611	0.000703	-0.000153
 - 	656	0.001596	0.000694	-0.000152
 - 	657	0.001608	0.000682	-0.000153
 - 	658	0.001612	0.000665	-0.000153
 - 	659	0.001646	0.000646	-0.000156
 - 	660	0.001665	0.000628	-0.000156
 - 	661	0.001675	0.000608	-0.000156
 - 	662	0.001670	0.000585	-0.000156
 - 	663	0.001659	0.000560	-0.000154
 - 	664	0.001654	0.000541	-0.000153
 - 	665	0.001643	0.000526	-0.000152
 - 	666	0.001650	0.000531	-0.000153
 - 	667	0.001645	0.000540	-0.000153
 - 	668	0.001640	0.000551	-0.000153
 - 	669	0.001635	0.000567	-0.000151
 - 	670	0.001634	0.000582	-0.000151
 - 	671	0.001626	0.000598	-0.000150
 - 	672	0.001607	0.000611	-0.000148
 - 	673	0.001591	0.000623	-0.000146
 - 	674	0.001557	0.000628	-0.000143
 - 	675	0.001541	0.000628	-0.000142
 - 	676	0.001543	0.000631	-0.000142
 - 	677	0.001519	0.000628	-0.000141
 - 	678	0.001520	0.000628	-0.000141
 - 	679	0.001522	0.000627	-0.000141
 - 	680	0.001500	0.000619	-0.000141
 - 	681	0.001475	0.000605	-0.000142
 - 	682	0.001459	0.000595	-0.000144
 - 	683	0.001449	0.000587	-0.000146
 - 	684	0.001443	0.000585	-0.000146
 - 	685	0.001463	0.000586	-0.000146
 - 	686	0.001493	0.000593	-0.000144
 - 	687	0.001521	0.000596	-0.000141
 - 	688	0.001559	0.000606	-0.000140
 - 	689	0.001561	0.000615	-0.000138
 - 	690	0.001539	0.000617	-0.000137
 - 	691	0.001508	0.000608	-0.000139
 - 	692	0.001440	0.000589	-0.000141
 - 	693	0.001356	0.000563	-0.000142
 - 	694	0.001290	0.000540	-0.000143
 - 	695	0.001230	0.000517	-0.000140
 - 	696	0.001213	0.000500	-0.000138
 - 	697	0.001207	0.000484	-0.000132
 - 	698	0.001225	0.000473	-0.000126
 - 	699	0.001277	0.000469	-0.000122
 - 	700	0.001328	0.000460	-0.000118
 - 	701	0.001367	0.000453	-0.000117
 - 	702	0.001394	0.000438	-0.000116
 - 	703	0.001422	0.000422	-0.000117
 - 	704	0.001433	0.000406	-0.000120
 - 	705	0.001444	0.000393	-0.000125
 - 	706	0.001430	0.000377	-0.000129
 - 	707	0.001429	0.000369	-0.000136
 - 	708	0.001397	0.000350	-0.000138
 - 	709	0.001373	0.000327	-0.000138
 - 	710	0.001358	0.000302	-0.000137
 - 	711	0.001343	0.000279	-0.000136
 - 	712	0.001329	0.000262	-0.000134
 - 	713	0.001299	0.000251	-0.000132
 - 	714	0.001280	0.000253	-0.000132
 - 	715	0.001240	0.000266	-0.000132
 - 	716	0.001185	0.000281	-0.000131
 - 	717	0.001139	0.000306	-0.000132
 - 	718	0.001086	0.000330	-0.000132
 - 	719	0.001020	0.000349	-0.000130
 - 	720	0.000956	0.000362	-0.000127
 - 	721	0.000911	0.000372	-0.000125
 - 	722	0.000873	0.000378	-0.000123
 - 	723	0.000828	0.000381	-0.000122
 - 	724	0.000775	0.000378	-0.000119
 - 	725	0.000717	0.000375	-0.000118
 - 	726	0.000648	0.000369	-0.000115
 - 	727	0.000571	0.000365	-0.000114
 - 	728	0.000495	0.000357	-0.000112
 - 	729	0.000408	0.000348	-0.000109
 - 	730	0.000327	0.000335	-0.000105
 - 	731	0.000261	0.000323	-0.000101
 - 	732	0.000202	0.000324	-0.000099
 - 	733	0.000137	0.000326	-0.000096
 - 	734	0.000084	0.000335	-0.000095
 - 	735	0.000001	0.000337	-0.000090
 - 	736	-0.000103	0.000335	-0.000082
 - 	737	-0.000205	0.000329	-0.000075
 - 	738	-0.000329	0.000314	-0.000065
 - 	739	-0.000425	0.000295	-0.000058
 - 	740	-0.000499	0.000287	-0.000055
 - 	741	-0.000560	0.000283	-0.000054
 - 	742	-0.000601	0.000287	-0.000056
 - 	743	-0.000623	0.000297	-0.000059
 - 	744	-0.000656	0.000316	-0.000064
 - 	745	-0.000671	0.000351	-0.000073
 - 	746	-0.000686	0.000393	-0.000085
 - 	747	-0.000732	0.000431	-0.000094
 - 	748	-0.000785	0.000466	-0.000101
 - 	749	-0.000835	0.000496	-0.000106
 - 	750	-0.000903	0.000514	-0.000105
 - 	751	-0.000942	0.000534	-0.000106
 - 	752	-0.000994	0.000538	-0.000101
 - 	753	-0.001043	0.000526	-0.000092
 - 	754	-0.001085	0.000498	-0.000079
 - 	755	-0.001100	0.000454	-0.000063
 - 	756	-0.001075	0.000407	-0.000051
 - 	757	-0.001032	0.000359	-0.000040
 - 	758	-0.000998	0.000300	-0.000025
 - 	759	-0.000958	0.000241	-0.000011
 - 	760	-0.000942	0.000170	0.000008
 - 	761	-0.000911	0.000098	0.000026
 - 	762	-0.000904	0.000021	0.000047
 - 	763	-0.000912	-0.000058	0.000070
 - 	764	-0.000930	-0.000132	0.000093
 - 	765	-0.000950	-0.000183	0.000109
 - 	766	-0.000987	-0.000211	0.000120
 - 	767	-0.001008	-0.000214	0.000123
 - 	768	-0.001007	-0.000186	0.000115
 - 	769	-0.001002	-0.000142	0.000103
 - 	770	-0.000977	-0.000077	0.000083
 - 	771	-0.000954	-0.000004	0.000063
 - 	772	-0.000913	0.000079	0.000041
 - 	773	-0.000876	0.000159	0.000021
 - 	774	-0.000854	0.000229	0.000005
 - 	775	-0.000856	0.000284	-0.000005
 - 	776	-0.000866	0.000326	-0.000013
 - 	777	-0.000882	0.000339	-0.000015
 - 	778	-0.000910	0.000322	-0.000008
 - 	779	-0.000932	0.000259	0.000011
 - 	780	-0.000953	0.000165	0.000039
 - 	781	-0.000977	0.000043	0.000073
 - 	782	-0.001020	-0.000101	0.000110
 - 	783	-0.001023	-0.000244	0.000142
 - 	784	-0.001027	-0.000388	0.000172
 - 	785	-0.001023	-0.000516	0.000197
 - 	786	-0.001008	-0.000621	0.000216
 - 	787	-0.001043	-0.000704	0.000234
 - 	788	-0.001088	-0.000749	0.000244
 - 	789	-0.001170	-0.000760	0.000250
 - 	790	-0.001273	-0.000746	0.000250
 - 	791	-0.001371	-0.000725	0.000249
 - 	792	-0.001461	-0.000706	0.000247
 - 	793	-0.001533	-0.000686	0.000243
 - 	794	-0.001588	-0.000658	0.000237
 - 	795	-0.001611	-0.000623	0.000228
 - 	796	-0.001587	-0.000591	0.000220
 - 	797	-0.001506	-0.000563	0.000209
 - 	798	-0.001408	-0.000551	0.000201
 - 	799	-0.001328	-0.000568	0.000197
 - 	800	-0.001262	-0.000606	0.000196
 - 	801	-0.001209	-0.000656	0.000198
 - 	802	-0.001174	-0.000704	0.000201
 - 	803	-0.001146	-0.000731	0.000202
 - 	804	-0.001131	-0.000743	0.000202
 - 	805	-0.001126	-0.000742	0.000200
 - 	806	-0.001128	-0.000738	0.000198
 - 	807	-0.001128	-0.000728	0.000194
 - 	808	-0.001127	-0.000720	0.000189
 - 	809	-0.001119	-0.000714	0.000183
 - 	810	-0.001115	-0.000714	0.000176
 - 	811	-0.001102	-0.000724	0.000169
 - 	812	-0.001096	-0.000751	0.000164
 - 	813	-0.001084	-0.000782	0.000159
 - 	814	-0.001055	-0.000812	0.000153
 - 	815	-0.001009	-0.000834	0.000148
 - 	816	-0.000919	-0.000849	0.000141
 - 	817	-0.000850	-0.000868	0.000136
 - 	818	-0.000777	-0.000896	0.000134
 - 	819	-0.000702	-0.000928	0.000134
 - 	820	-0.000657	-0.000966	0.000138
 - 	821	-0.000614	-0.000998	0.000141
 - 	822	-0.000602	-0.001021	0.000145
 - 	823	-0.000620	-0.001042	0.000150
 - 	824	-0.000655	-0.001056	0.000154
 - 	825	-0.000692	-0.001054	0.000157
 - 	826	-0.000758	-0.001043	0.000161
 - 	827	-0.000826	-0.001008	0.000161
 - 	828	-0.000933	-0.000961	0.000159
 - 	829	-0.001075	-0.000916	0.000159
 - 	830	-0.001221	-0.000867	0.000159
 - 	831	-0.001373	-0.000827	0.000161
 - 	832	-0.001534	-0.000791	0.000164
 - 	833	-0.001680	-0.000762	0.000169
 - 	834	-0.001811	-0.000737	0.000174
 - 	835	-0.001898	-0.000711	0.000178
 - 	836	-0.001961	-0.000675	0.000179
 - 	837	-0.002013	-0.000647	0.000180
 - 	838	-0.002049	-0.000626	0.000182
 - 	839	-0.002057	-0.000598	0.000180
 - 	840	-0.002053	-0.000564	0.000176
 - 	841	-0.002001	-0.000510	0.000166
 - 	842	-0.001947	-0.000443	0.000151
 - 	843	-0.001879	-0.000359	0.000132
 - 	844	-0.001817	-0.000255	0.000109
 - 	845	-0.001768	-0.000149	0.000086
 - 	846	-0.001729	-0.000041	0.000064
 - 	847	-0.001699	0.000057	0.000044
 - 	848	-0.001654	0.000143	0.000026
 - 	849	-0.001618	0.000218	0.000011
 - 	850	-0.001589	0.000275	-0.000001
 - 	851	-0.001564	0.000314	-0.000010
 - 	852	-0.001531	0.000331	-0.000016
 - 	853	-0.001476	0.000338	-0.000020
 - 	854	-0.001421	0.000332	-0.000021
 - 	855	-0.001359	0.000328	-0.000021
 - 	856	-0.001306	0.000320	-0.000017
 - 	857	-0.001284	0.000313	-0.000011
 - 	858	-0.001288	0.000293	0.000000
 - 	859	-0.001295	0.000265	0.000014
 - 	860	-0.001306	0.000236	0.000028
 - 	861	-0.001289	0.000216	0.000036
 - 	862	-0.001245	0.000195	0.000041
 - 	863	-0.001166	0.000179	0.000041
 - 	864	-0.001057	0.000174	0.000034
 - 	865	-0.000936	0.000181	0.000019
 - 	866	-0.000807	0.000194	-0.000002
 - 	867	-0.000669	0.000221	-0.000031
 - 	868	-0.000534	0.000257	-0.000066
 - 	869	-0.000363	0.000316	-0.000112
 - 	870	-0.000172	0.000398	-0.000169
 - 	871	0.000050	0.000484	-0.000232
 - 	872	0.000279	0.000571	-0.000298
 - 	873	0.000547	0.000647	-0.000364
 - 	874	0.000801	0.000694	-0.000419
 - 	875	0.001034	0.000716	-0.000460
 - 	876	0.001219	0.000695	-0.000477
 - 	877	0.001345	0.000636	-0.000469
 - 	878	0.001388	0.000535	-0.000429
 - 	879	0.001356	0.000384	-0.000351
 - 	880	0.001242	0.000199	-0.000239
 - 	881	0.001049	-0.000010	-0.000098
 - 	882	0.000770	-0.000226	0.000068
 - 	883	0.000455	-0.000433	0.000247
 - 	884	0.000115	-0.000623	0.000439
 - 	885	-0.000219	-0.000780	0.000634
 - 	886	-0.000524	-0.000897	0.000828
 - 	887	-0.000771	-0.000957	0.001004
 - 	888	-0.000955	-0.000965	0.001159
 - 	889	-0.001067	-0.000917	0.001281
 - 	890	-0.001132	-0.000826	0.001371
 - 	891	-0.001157	-0.000721	0.001445
 - 	892	-0.001155	-0.000624	0.001510
 - 	893	-0.001108	-0.000554	0.001571
 - 	894	-0.001031	-0.000519	0.001623
 - 	895	-0.000873	-0.000533	0.001657
 - 	896	-0.000627	-0.000585	0.001651
 - 	897	-0.000280	-0.000660	0.001589
 - 	898	0.000090	-0.000728	0.001470
 - 	899	0.000440	-0.000773	0.001302
 - 	900	0.000684	-0.000793	0.001122
 - 	901	0.000799	-0.000790	0.000950
 - 	902	0.000762	-0.000768	0.000804
 - 	903	0.000627	-0.000739	0.000695
 - 	904	0.000416	-0.000712	0.000626
 - 	905	0.000171	-0.000688	0.000592
 - 	906	-0.000084	-0.000667	0.000583
 - 	907	-0.000335	-0.000645	0.000591
 - 	908	-0.000567	-0.000610	0.000594
 - 	909	-0.000792	-0.000555	0.000578
 - 	910	-0.000994	-0.000473	0.000527
 - 	911	-0.001178	-0.000366	0.000441
 - 	912	-0.001328	-0.000233	0.000313
 - 	913	-0.001456	-0.000089	0.000168
 - 	914	-0.001547	0.000049	0.000027
 - 	915	-0.001620	0.000174	-0.000098
 - 	916	-0.001680	0.000275	-0.000194
 - 	917	-0.001753	0.000349	-0.000258
 - 	918	-0.001848	0.000384	-0.000271
 - 	919	-0.001974	0.000380	-0.000231
 - 	920	-0.002118	0.000353	-0.000165
 - 	921	-0.002254	0.000332	-0.000117
 - 	922	-0.002361	0.000323	-0.000093
 - 	923	-0.002435	0.000326	-0.000089
 - 	924	-0.002483	0.000334	-0.000095
 - 	925	-0.002497	0.000349	-0.000116
 - 	926	-0.002500	0.000371	-0.000149
 - 	927	-0.002497	0.000402	-0.000193
 - 	928	-0.002481	0.000438	-0.000245
 - 	929	-0.002466	0.000478	-0.000298
 - 	930	-0.002451	0.000517	-0.000344
 - 	931	-0.002467	0.000560	-0.000386
 - 	932	-0.002509	0.000599	-0.000413
 - 	933	-0.002559	0.000634	-0.000426
 - 	934	-0.002620	0.000661	-0.000418
 - 	935	-0.002686	0.000681	-0.000389
 - 	936	-0.002751	0.000698	-0.000348
 - 	937	-0.002816	0.000713	-0.000296
 - 	938	-0.002878	0.000730	-0.000241
 - 	939	-0.002972	0.000753	-0.000183
 - 	940	-0.003108	0.000776	-0.000122
 - 	941	-0.003313	0.000793	-0.000053
 - 	942	-0.003602	0.000803	0.000023
 - 	943	-0.003961	0.000799	0.000106
 - 	944	-0.004410	0.000775	0.000198
 - 	945	-0.004935	0.000725	0.000299
 - 	946	-0.005545	0.000648	0.000410
 - 	947	-0.006225	0.000548	0.000526
 - 	948	-0.006964	0.000436	0.000639
 - 	949	-0.007739	0.000318	0.000744
 - 	950	-0.008559	0.000187	0.000844
 - 	951	-0.009407	0.000038	0.000939
 - 	952	-0.010295	-0.000137	0.001029
 - 	953	-0.011198	-0.000331	0.001109
 - 	954	-0.012097	-0.000544	0.001179
 - 	955	-0.012961	-0.000751	0.001233
 - 	956	-0.013770	-0.000930	0.001268
 - 	957	-0.014512	-0.001060	0.001281
 - 	958	-0.015127	-0.001127	0.001269
 - 	959	-0.015581	-0.001135	0.001235
 - 	960	-0.015834	-0.001090	0.001181
 - 	961	-0.015841	-0.000995	0.001109
 - 	962	-0.015554	-0.000855	0.001023
 - 	963	-0.014919	-0.000681	0.000925
 - 	964	-0.013893	-0.000488	0.000817
 - 	965	-0.012442	-0.000298	0.000699
 - 	966	-0.010577	-0.000127	0.000571
 - 	967	-0.008378	0.000001	0.000430
 - 	968	-0.006048	0.000076	0.000283
 - 	969	-0.003814	0.000100	0.000137
 - 	970	-0.001908	0.000086	0.000006
 - 	971	-0.017384	-0.002972	0.003452
 - 	972	-0.022342	-0.003826	0.004115
 - 	973	-0.021403	-0.004414	0.004270
 - 	974	-0.015458	-0.004695	0.003953
 - 	975	-0.008555	-0.004546	0.003460
 - 	976	-0.003475	-0.004165	0.002988
 - 	977	-0.000815	-0.003567	0.002563
 - 	978	0.000166	-0.002777	0.002183
 - 	979	0.000953	-0.001967	0.001690
 - 	980	0.004048	-0.000980	0.000820
 - 	981	0.010005	0.000342	-0.000275
 - 	982	0.015667	0.001985	-0.001367
 - 	983	0.018217	0.004054	-0.002317
 - 	984	0.018505	0.005863	-0.003268
 - 	985	0.019276	0.007157	-0.004346
 - 	986	0.020475	0.008589	-0.005407
 - 	987	0.022082	0.010357	-0.006502
 - 	988	0.024609	0.012167	-0.007649
 - 	989	0.027371	0.013807	-0.008753
 - 	990	0.030006	0.014898	-0.009633
 - 	991	0.032320	0.015575	-0.010272
 - 	992	0.034105	0.016071	-0.010736
 - 	993	0.035345	0.016602	-0.011107
 - 	994	0.036371	0.016882	-0.011359
 - 	995	0.037299	0.017027	-0.011530
 - 	996	0.038195	0.017263	-0.011615
 - 	997	0.038939	0.017749	-0.011744
 - 	998	0.039444	0.018269	-0.011819
 - 	999	0.039771	0.018654	-0.011747
 - 	1000	0.039959	0.018860	-0.011576
 - 	1001	0.039519	0.019203	-0.011267
 - 	1002	0.038645	0.020062	-0.011147
 - 	1003	0.037961	0.020830	-0.011077
 - 	1004	0.037370	0.021202	-0.010831
 - 	1005	0.036585	0.021499	-0.010524
 - 	1006	0.035719	0.021919	-0.010194
 - 	1007	0.035001	0.022096	-0.009849
 - 	1008	0.034176	0.022062	-0.009470
 - 	1009	0.033312	0.021879	-0.008966
 - 	1010	0.032486	0.021381	-0.008353
 - 	1011	0.031672	0.020481	-0.007639
 - 	1012	0.031020	0.019568	-0.006924
 - 	1013	0.030272	0.018803	-0.006294
 - 	1014	0.029348	0.018160	-0.005881
 - 	1015	0.028611	0.017604	-0.005564
 - 	1016	0.027954	0.017024	-0.005242
 - 	1017	0.027126	0.016514	-0.004993
 - 	1018	0.026370	0.015954	-0.004725
 - 	1019	0.026059	0.015194	-0.004414
 - 	1020	0.025776	0.014364	-0.004088
 - 	1021	0.025129	0.013750	-0.003795
 - 	1022	0.024557	0.013199	-0.003482
 - 	1023	0.024253	0.012602	-0.003271
 - 	1024	0.023681	0.011980	-0.003159
 - 	1025	0.023167	0.011315	-0.003043
 - 	1026	0.022982	0.010790	-0.002949
 - 	1027	0.022502	0.010363	-0.002756
 - 	1028	0.021862	0.009996	-0.002520
 - 	1029	0.021435	0.009818	-0.002502
 - 	1030	0.021265	0.009602	-0.002509
 - 	1031	0.020946	0.009316	-0.002386
 - 	1032	0.020686	0.009023	-0.002256
 - 	1033	0.020547	0.008802	-0.002181
 - 	1034	0.020372	0.008724	-0.002062
 - 	1035	0.020172	0.008592	-0.001918
 - 	1036	0.019982	0.008165	-0.001766
 - 	1037	0.019726	0.007880	-0.001611
 - 	1038	0.019597	0.007886	-0.001450
 - 	1039	0.019636	0.007942	-0.001367
 - 	1040	0.019370	0.007989	-0.001253
 - 	1041	0.019221	0.007947	-0.001113
 - 	1042	0.019264	0.007967	-0.001051
 - 	1043	0.019283	0.008038	-0.000990
 - 	1044	0.019233	0.008211	-0.000939
 - 	1045	0.019272	0.008481	-0.000897
 - 	1046	0.019435	0.008588	-0.000818
 - 	1047	0.019329	0.008649	-0.000669
 - 	1048	0.019176	0.008725	-0.000498
 - 	1049	0.019154	0.008888	-0.000417
 - 	1050	0.019130	0.009225	-0.000448
 - 	1051	0.019133	0.009525	-0.000478
 - 	1052	0.019098	0.009621	-0.000444
 - 	1053	0.018849	0.009763	-0.000417
 - 	1054	0.018651	0.009979	-0.000350
 - 	1055	0.018771	0.010064	-0.000277
 - 	1056	0.019035	0.010304	-0.000214
 - 	1057	0.019296	0.010633	-0.000169
 - 	1058	0.019793	0.010881	-0.000187
 - 	1059	0.020220	0.010997	-0.000187
 - 	1060	0.020675	0.011157	-0.000245
 - 	1061	0.021082	0.011410	-0.000287
 - 	1062	0.021346	0.011620	-0.000296
 - 	1063	0.021777	0.011787	-0.000339
 - 	1064	0.022268	0.012193	-0.000468
 - 	1065	0.022885	0.012698	-0.000579
 - 	1066	0.023771	0.012985	-0.000640
 - 	1067	0.024674	0.013218	-0.000751
 - 	1068	0.025775	0.013476	-0.000925
 - 	1069	0.026780	0.013939	-0.001153
 - 	1070	0.027727	0.014321	-0.001361
 - 	1071	0.028831	0.014517	-0.001551
 - 	1072	0.029889	0.014897	-0.001787
 - 	1073	0.030778	0.015170	-0.002061
 - 	1074	0.031482	0.015244	-0.002294
 - 	1075	0.031974	0.015373	-0.002461
 - 	1076	0.032574	0.015587	-0.002613
 - 	1077	0.033141	0.015748	-0.002794
 - 	1078	0.033524	0.015655	-0.002868
 - 	1079	0.034055	0.015325	-0.002830
 - 	1080	0.034626	0.014758	-0.002780
 - 	1081	0.034970	0.014047	-0.002702
 - 	1082	0.035386	0.013275	-0.002528
 - 	1083	0.035725	0.012381	-0.002273
 - 	1084	0.035671	0.011403	-0.002026
 - 	1085	0.035302	0.010392	-0.001810
 - 	1086	0.035176	0.009292	-0.001536
 - 	1087	0.034866	0.008237	-0.001217
 - 	1088	0.033620	0.007273	-0.000956
 - 	1089	0.031705	0.006211	-0.000626
 - 	1090	0.029942	0.005035	-0.000248
 - 	1091	0.028132	0.003799	0.000099
 - 	1092	0.026131	0.002610	0.000419
 - 	1093	0.023732	0.001584	0.000743
 - 	1094	0.021238	0.000714	0.001077
 - 	1095	0.019145	-0.000079	0.001417
 - 	1096	0.017042	-0.000614	0.001633
 - 	1097	0.015190	-0.000992	0.001771
 - 	1098	0.013884	-0.001520	0.002097
 - 	1099	0.012416	-0.002059	0.002364
 - 	1100	0.010146	-0.002427	0.002532
 - 	1101	-0.002776	-0.000995	0.001708
 - 	1102	-0.002859	-0.000983	0.001834
 - 	1103	-0.002858	-0.000936	0.001911
 - 	1104	-0.002782	-0.000868	0.001946
 - 	1105	-0.002632	-0.000797	0.001953
 - 	1106	-0.002418	-0.000738	0.001941
 - 	1107	-0.002153	-0.000694	0.001914
 - 	1108	-0.001836	-0.000674	0.001872
 - 	1109	-0.001480	-0.000678	0.001813
 - 	1110	-0.001095	-0.000698	0.001724
 - 	1111	-0.000689	-0.000712	0.001588
 - 	1112	-0.000302	-0.000695	0.001386
 - 	1113	0.000015	-0.000645	0.001141
 - 	1114	0.000202	-0.000564	0.000880
 - 	1115	0.000249	-0.000463	0.000624
 - 	1116	0.000169	-0.000354	0.000394
 - 	1117	0.000001	-0.000249	0.000200
 - 	1118	-0.000206	-0.000148	0.000037
 - 	1119	-0.000409	-0.000053	-0.000101
 - 	1120	-0.000573	0.000044	-0.000235
 - 	1121	-0.000699	0.000143	-0.000364
 - 	1122	-0.000791	0.000245	-0.000486
 - 	1123	-0.000870	0.000346	-0.000598
 - 	1124	-0.000951	0.000453	-0.000711
 - 	1125	-0.001046	0.000559	-0.000818
 - 	1126	-0.001168	0.000659	-0.000914
 - 	1127	-0.001335	0.000741	-0.000973
 - 	1128	-0.001545	0.000792	-0.000975
 - 	1129	-0.001772	0.000813	-0.000922
 - 	1130	-0.001998	0.000811	-0.000832
 - 	1131	-0.002223	0.000795	-0.000727
 - 	1132	-0.002466	0.000772	-0.000613
 - 	1133	-0.002750	0.000742	-0.000488
 - 	1134	-0.003084	0.000708	-0.000352
 - 	1135	-0.003462	0.000676	-0.000219
 - 	1136	-0.003878	0.000654	-0.000095
 - 	1137	-0.004325	0.000633	0.000026
 - 	1138	-0.004816	0.000612	0.000153
 - 	1139	-0.005329	0.000576	0.000299
 - 	1140	-0.005857	0.000526	0.000463
 - 	1141	-0.006385	0.000463	0.000635
 - 	1142	-0.006929	0.000390	0.000814
 - 	1143	-0.007508	0.000306	0.000998
 - 	1144	-0.008149	0.000198	0.001196
 - 	1145	-0.008894	0.000048	0.001425
 - 	1146	-0.009766	-0.000145	0.001676
 - 	1147	-0.010737	-0.000372	0.001931
 - 	1148	-0.011774	-0.000606	0.002163
 - 	1149	-0.012842	-0.000828	0.002357
 - 	1150	-0.013930	-0.001029	0.002509
 - 	1151	-0.015023	-0.001205	0.002623
 - 	1152	-0.016121	-0.001357	0.002707
 - 	1153	-0.017199	-0.001471	0.002757
 - 	1154	-0.018204	-0.001523	0.002764
 - 	1155	-0.019068	-0.001491	0.002724
 - 	1156	-0.019726	-0.001370	0.002642
 - 	1157	-0.020064	-0.001162	0.002518
 - 	1158	-0.019941	-0.000880	0.002350
 - 	1159	-0.019220	-0.000547	0.002132
 - 	1160	-0.017792	-0.000189	0.001857
 - 	1161	-0.015661	0.000170	0.001527
 - 	1162	-0.012971	0.000501	0.001158
 - 	1163	-0.010000	0.000774	0.000785
 - 	1164	-0.007069	0.000995	0.000436
 - 	1165	-0.004493	0.001160	0.000139
 - 	1166	-0.002478	0.001278	-0.000091
 - 	1167	-0.001091	0.001335	-0.000244
 - 	1168	-0.000271	0.001348	-0.000328
 - 	1169	0.000126	0.001323	-0.000357
 - 	1170	0.000249	0.001268	-0.000350
 - 	1171	0.000223	0.001198	-0.000323
 - 	1172	0.000103	0.001103	-0.000281
 - 	1173	-0.000076	0.000981	-0.000227
 - 	1174	-0.000270	0.000835	-0.000167
 - 	1175	-0.000450	0.000673	-0.000108
 - 	1176	-0.000612	0.000503	-0.000052
 - 	1177	-0.000739	0.000341	-0.000004
 - 	1178	-0.000823	0.000199	0.000033
 - 	1179	-0.000874	0.000078	0.000063
 - 	1180	-0.000913	-0.000017	0.000085
 - 	1181	-0.000932	-0.000080	0.000098
 - 	1182	-0.000912	-0.000097	0.000095
 - 	1183	-0.000852	-0.000081	0.000081
 - 	1184	-0.000763	-0.000048	0.000063
 - 	1185	-0.000658	-0.000010	0.000044
 - 	1186	-0.000537	0.000021	0.000027
 - 	1187	-0.000401	0.000043	0.000010
 - 	1188	-0.000256	0.000055	-0.000003
 - 	1189	-0.000129	0.000060	-0.000013
 - 	1190	-0.000032	0.000045	-0.000017
 - 	1191	0.000043	0.000013	-0.000014
 - 	1192	0.000107	-0.000030	-0.000009
 - 	1193	0.000157	-0.000079	-0.000000
 - 	1194	0.000167	-0.000139	0.000013
 - 	1195	0.000166	-0.000201	0.000026
 - 	1196	0.000160	-0.000255	0.000036
 - 	1197	0.000160	-0.000300	0.000042
 - 	1198	0.000157	-0.000340	0.000046
 - 	1199	0.000146	-0.000378	0.000047
 - 	1200	0.000126	-0.000414	0.000047
 - 	1201	0.000129	-0.000432	0.000042
 - 	1202	0.000186	-0.000425	0.000031
 - 	1203	0.000276	-0.000403	0.000016
 - 	1204	0.000360	-0.000388	0.000004
 - 	1205	0.000413	-0.000379	-0.000003
 - 	1206	0.000434	-0.000385	-0.000005
 - 	1207	0.000444	-0.000387	-0.000004
 - 	1208	0.000448	-0.000384	-0.000004
 - 	1209	0.000445	-0.000379	-0.000003
 - 	1210	0.000409	-0.000377	0.000001
 - 	1211	0.000356	-0.000379	0.000004
 - 	1212	0.000286	-0.000381	0.000007
 - 	1213	0.000210	-0.000378	0.000010
 - 	1214	0.000119	-0.000370	0.000014
 - 	1215	0.000017	-0.000360	0.000019
 - 	1216	-0.000090	-0.000348	0.000024
 - 	1217	-0.000188	-0.000330	0.000030
 - 	1218	-0.000277	-0.000307	0.000035
 - 	1219	-0.000348	-0.000291	0.000038
 - 	1220	-0.000405	-0.000272	0.000041
 - 	1221	-0.000441	-0.000257	0.000042
 - 	1222	-0.000459	-0.000248	0.000042
 - 	1223	-0.000450	-0.000239	0.000040
 - 	1224	-0.000420	-0.000230	0.000037
 - 	1225	-0.000375	-0.000223	0.000033
 - 	1226	-0.000317	-0.000216	0.000027
 - 	1227	-0.000258	-0.000207	0.000022
 - 	1228	-0.000199	-0.000213	0.000017
 - 	1229	-0.000141	-0.000225	0.000013
 - 	1230	-0.000092	-0.000249	0.000010
 - 	1231	-0.000050	-0.000285	0.000009
 - 	1232	-0.000019	-0.000327	0.000008
 - 	1233	-0.000010	-0.000375	0.000009
 - 	1234	-0.000014	-0.000416	0.000011
 - 	1235	-0.000037	-0.000451	0.000013
 - 	1236	-0.000068	-0.000479	0.000015
 - 	1237	-0.000102	-0.000492	0.000018
 - 	1238	-0.000141	-0.000493	0.000021
 - 	1239	-0.000187	-0.000481	0.000024
 - 	1240	-0.000241	-0.000464	0.000028
 - 	1241	-0.000301	-0.000444	0.000032
 - 	1242	-0.000353	-0.000419	0.000035
 - 	1243	-0.000394	-0.000396	0.000037
 - 	1244	-0.000418	-0.000369	0.000038
 - 	1245	-0.000422	-0.000346	0.000037
 - 	1246	-0.000410	-0.000324	0.000036
 - 	1247	-0.000387	-0.000307	0.000034
 - 	1248	-0.000353	-0.000296	0.000032
 - 	1249	-0.000308	-0.000290	0.000028
 - 	1250	-0.000265	-0.000289	0.000025
 - 	1251	-0.000218	-0.000298	0.000022
 - 	1252	-0.000168	-0.000308	0.000019
 - 	1253	-0.000126	-0.000322	0.000016
 - 	1254	-0.000087	-0.000336	0.000014
 - 	1255	-0.000060	-0.000357	0.000012
 - 	1256	-0.000042	-0.000378	0.000011
 - 	1257	-0.000031	-0.000401	0.000010
 - 	1258	-0.000034	-0.000428	0.000010
 - 	1259	-0.000045	-0.000453	0.000012
 - 	1260	-0.000063	-0.000477	0.000013
 - 	1261	-0.000088	-0.000496	0.000016
 - 	1262	-0.000121	-0.000506	0.000018
 - 	1263	-0.000162	-0.000510	0.000020
 - 	1264	-0.000204	-0.000502	0.000023
 - 	1265	-0.000251	-0.000486	0.000025
 - 	1266	-0.000295	-0.000464	0.000027
 - 	1267	-0.000338	-0.000437	0.000029
 - 	1268	-0.000371	-0.000405	0.000031
 - 	1269	-0.000394	-0.000381	0.000032
 - 	1270	-0.000406	-0.000354	0.000032
 - 	1271	-0.000409	-0.000330	0.000032
 - 	1272	-0.000401	-0.000312	0.000031
 - 	1273	-0.000385	-0.000299	0.000030
 - 	1274	-0.000362	-0.000291	0.000029
 - 	1275	-0.000336	-0.000287	0.000028
 - 	1276	-0.000313	-0.000291	0.000026
 - 	1277	-0.000291	-0.000301	0.000025
 - 	1278	-0.000265	-0.000316	0.000023
 - 	1279	-0.000240	-0.000328	0.000021
 - 	1280	-0.000215	-0.000347	0.000020
 - 	1281	-0.000195	-0.000365	0.000019
 - 	1282	-0.000175	-0.000383	0.000018
 - 	1283	-0.000168	-0.000401	0.000017
 - 	1284	-0.000167	-0.000426	0.000017
 - 	1285	-0.000177	-0.000448	0.000018
 - 	1286	-0.000191	-0.000471	0.000018
 - 	1287	-0.000203	-0.000485	0.000019
 - 	1288	-0.000212	-0.000490	0.000019
 - 	1289	-0.000221	-0.000481	0.000019
 - 	1290	-0.000239	-0.000464	0.000020
 - 	1291	-0.000259	-0.000442	0.000021
 - 	1292	-0.000278	-0.000414	0.000022
 - 	1293	-0.000290	-0.000390	0.000023
 - 	1294	-0.000295	-0.000364	0.000023
 - 	1295	-0.000289	-0.000339	0.000022
 - 	1296	-0.000289	-0.000321	0.000021
 - 	1297	-0.000280	-0.000306	0.000019
 - 	1298	-0.000285	-0.000300	0.000020
 - 	1299	-0.000289	-0.000297	0.000020
 - 	1300	-0.000299	-0.000297	0.000021
 - 	1301	-0.000308	-0.000296	0.000022
 - 	1302	-0.000315	-0.000303	0.000022
 - 	1303	-0.000322	-0.000303	0.000023
 - 	1304	-0.000326	-0.000312	0.000023
 - 	1305	-0.000340	-0.000319	0.000024
 - 	1306	-0.000346	-0.000335	0.000026
 - 	1307	-0.000355	-0.000348	0.000028
 - 	1308	-0.000354	-0.000362	0.000029
 - 	1309	-0.000354	-0.000379	0.000030
 - 	1310	-0.000356	-0.000394	0.000031
 - 	1311	-0.000361	-0.000413	0.000032
 - 	1312	-0.000366	-0.000426	0.000033
 - 	1313	-0.000381	-0.000445	0.000035
 - 	1314	-0.000396	-0.000464	0.000036
 - 	1315	-0.000415	-0.000480	0.000038
 - 	1316	-0.000428	-0.000491	0.000040
 - 	1317	-0.000437	-0.000495	0.000041
 - 	1318	-0.000438	-0.000495	0.000042
 - 	1319	-0.000435	-0.000489	0.000043
 - 	1320	-0.000433	-0.000487	0.000045
 - 	1321	-0.000432	-0.000487	0.000047
 - 	1322	-0.000431	-0.000483	0.000049
 - 	1323	-0.000433	-0.000486	0.000051
 - 	1324	-0.000435	-0.000491	0.000053
 - 	1325	-0.000439	-0.000503	0.000054
 - 	1326	-0.000446	-0.000519	0.000055
 - 	1327	-0.000453	-0.000544	0.000056
 - 	1328	-0.000457	-0.000570	0.000057
 - 	1329	-0.000471	-0.000601	0.000059
 - 	1330	-0.000486	-0.000624	0.000061
 - 	1331	-0.000502	-0.000648	0.000063
 - 	1332	-0.000519	-0.000662	0.000064
 - 	1333	-0.000530	-0.000668	0.000065
 - 	1334	-0.000532	-0.000674	0.000066
 - 	1335	-0.000520	-0.000670	0.000065
 - 	1336	-0.000500	-0.000663	0.000065
 - 	1337	-0.000470	-0.000659	0.000064
 - 	1338	-0.000451	-0.000652	0.000063
 - 	1339	-0.000427	-0.000649	0.000061
 - 	1340	-0.000404	-0.000639	0.000058
 - 	1341	-0.000379	-0.000622	0.000054
 - 	1342	-0.000364	-0.000595	0.000050
 - 	1343			
 - 	1344			
