RKNE_MOMENT
File	Frame	X 	Y 	Z 
Trial_1.filtered_40.c3d	1			
 - 	2			
 - 	3	-0.001838	-0.000022	-0.000136
 - 	4	-0.001845	-0.000022	-0.000137
 - 	5	-0.001852	-0.000028	-0.000142
 - 	6	-0.001867	-0.000044	-0.000148
 - 	7	-0.001878	-0.000065	-0.000155
 - 	8	-0.001885	-0.000084	-0.000160
 - 	9	-0.001902	-0.000090	-0.000164
 - 	10	-0.001907	-0.000097	-0.000166
 - 	11	-0.001909	-0.000102	-0.000167
 - 	12	-0.001903	-0.000104	-0.000167
 - 	13	-0.001894	-0.000093	-0.000166
 - 	14	-0.001877	-0.000076	-0.000164
 - 	15	-0.001865	-0.000052	-0.000160
 - 	16	-0.001844	-0.000031	-0.000155
 - 	17	-0.001832	-0.000019	-0.000151
 - 	18	-0.001812	-0.000021	-0.000148
 - 	19	-0.001802	-0.000032	-0.000146
 - 	20	-0.001779	-0.000049	-0.000145
 - 	21	-0.001783	-0.000065	-0.000146
 - 	22	-0.001785	-0.000083	-0.000147
 - 	23	-0.001801	-0.000100	-0.000150
 - 	24	-0.001825	-0.000106	-0.000153
 - 	25	-0.001844	-0.000107	-0.000155
 - 	26	-0.001858	-0.000101	-0.000156
 - 	27	-0.001877	-0.000089	-0.000158
 - 	28	-0.001885	-0.000076	-0.000157
 - 	29	-0.001890	-0.000064	-0.000157
 - 	30	-0.001892	-0.000051	-0.000156
 - 	31	-0.001898	-0.000039	-0.000155
 - 	32	-0.001903	-0.000026	-0.000155
 - 	33	-0.001900	-0.000016	-0.000154
 - 	34	-0.001891	-0.000010	-0.000154
 - 	35	-0.001883	-0.000008	-0.000154
 - 	36	-0.001869	-0.000012	-0.000154
 - 	37	-0.001865	-0.000022	-0.000154
 - 	38	-0.001860	-0.000041	-0.000154
 - 	39	-0.001857	-0.000065	-0.000155
 - 	40	-0.001862	-0.000083	-0.000155
 - 	41	-0.001860	-0.000096	-0.000154
 - 	42	-0.001862	-0.000096	-0.000154
 - 	43	-0.001850	-0.000076	-0.000147
 - 	44	-0.001860	-0.000089	-0.000152
 - 	45	-0.001872	-0.000104	-0.000158
 - 	46	-0.001864	-0.000081	-0.000153
 - 	47	-0.001869	-0.000075	-0.000154
 - 	48	-0.001871	-0.000071	-0.000156
 - 	49	-0.001875	-0.000070	-0.000157
 - 	50	-0.001866	-0.000069	-0.000158
 - 	51	-0.001864	-0.000064	-0.000159
 - 	52	-0.001871	-0.000059	-0.000158
 - 	53	-0.001858	-0.000062	-0.000156
 - 	54	-0.001863	-0.000063	-0.000156
 - 	55	-0.001855	-0.000052	-0.000149
 - 	56	-0.001855	-0.000065	-0.000152
 - 	57	-0.001851	-0.000077	-0.000156
 - 	58	-0.001846	-0.000054	-0.000148
 - 	59	-0.001838	-0.000050	-0.000148
 - 	60	-0.001845	-0.000045	-0.000150
 - 	61	-0.001839	-0.000049	-0.000149
 - 	62	-0.001835	-0.000053	-0.000148
 - 	63	-0.001843	-0.000053	-0.000149
 - 	64	-0.001842	-0.000055	-0.000148
 - 	65	-0.001851	-0.000058	-0.000150
 - 	66	-0.001858	-0.000063	-0.000153
 - 	67	-0.001871	-0.000063	-0.000157
 - 	68	-0.001881	-0.000064	-0.000160
 - 	69	-0.001885	-0.000065	-0.000162
 - 	70	-0.001893	-0.000065	-0.000162
 - 	71	-0.001884	-0.000069	-0.000161
 - 	72	-0.001881	-0.000071	-0.000161
 - 	73	-0.001872	-0.000082	-0.000160
 - 	74	-0.001876	-0.000087	-0.000160
 - 	75	-0.001856	-0.000099	-0.000158
 - 	76	-0.001861	-0.000095	-0.000156
 - 	77	-0.001845	-0.000098	-0.000153
 - 	78	-0.001848	-0.000095	-0.000151
 - 	79	-0.001848	-0.000096	-0.000151
 - 	80	-0.001862	-0.000094	-0.000151
 - 	81	-0.001876	-0.000091	-0.000153
 - 	82	-0.001882	-0.000089	-0.000154
 - 	83	-0.001881	-0.000084	-0.000155
 - 	84	-0.001879	-0.000077	-0.000156
 - 	85	-0.001871	-0.000068	-0.000156
 - 	86	-0.001872	-0.000058	-0.000156
 - 	87	-0.001873	-0.000053	-0.000156
 - 	88	-0.001864	-0.000053	-0.000156
 - 	89	-0.001860	-0.000059	-0.000155
 - 	90	-0.001846	-0.000066	-0.000156
 - 	91	-0.001838	-0.000074	-0.000157
 - 	92	-0.001835	-0.000080	-0.000155
 - 	93	-0.001831	-0.000082	-0.000154
 - 	94	-0.001832	-0.000079	-0.000154
 - 	95	-0.001839	-0.000073	-0.000153
 - 	96	-0.001848	-0.000062	-0.000153
 - 	97	-0.001854	-0.000051	-0.000152
 - 	98	-0.001866	-0.000042	-0.000151
 - 	99	-0.001860	-0.000046	-0.000149
 - 	100	-0.001879	-0.000050	-0.000149
 - 	101	-0.001883	-0.000062	-0.000149
 - 	102	-0.001889	-0.000076	-0.000150
 - 	103	-0.001889	-0.000092	-0.000152
 - 	104	-0.001892	-0.000106	-0.000157
 - 	105	-0.001895	-0.000115	-0.000162
 - 	106	-0.001881	-0.000126	-0.000166
 - 	107	-0.001892	-0.000121	-0.000169
 - 	108	-0.001896	-0.000109	-0.000171
 - 	109	-0.001895	-0.000096	-0.000170
 - 	110	-0.001912	-0.000082	-0.000169
 - 	111	-0.001921	-0.000076	-0.000166
 - 	112	-0.001937	-0.000065	-0.000163
 - 	113	-0.001939	-0.000059	-0.000158
 - 	114	-0.001949	-0.000048	-0.000158
 - 	115	-0.001955	-0.000039	-0.000158
 - 	116	-0.001950	-0.000043	-0.000155
 - 	117	-0.001962	-0.000042	-0.000155
 - 	118	-0.001952	-0.000051	-0.000155
 - 	119	-0.001943	-0.000057	-0.000155
 - 	120	-0.001949	-0.000058	-0.000157
 - 	121	-0.001931	-0.000063	-0.000157
 - 	122	-0.001939	-0.000055	-0.000159
 - 	123	-0.001921	-0.000048	-0.000161
 - 	124	-0.001918	-0.000039	-0.000163
 - 	125	-0.001906	-0.000043	-0.000164
 - 	126	-0.001898	-0.000056	-0.000164
 - 	127	-0.001910	-0.000054	-0.000160
 - 	128	-0.001902	-0.000091	-0.000164
 - 	129	-0.001902	-0.000121	-0.000168
 - 	130	-0.001908	-0.000111	-0.000163
 - 	131	-0.001917	-0.000111	-0.000164
 - 	132	-0.001917	-0.000110	-0.000164
 - 	133	-0.001908	-0.000110	-0.000163
 - 	134	-0.001910	-0.000108	-0.000164
 - 	135	-0.001908	-0.000106	-0.000167
 - 	136	-0.001907	-0.000098	-0.000167
 - 	137	-0.001897	-0.000088	-0.000165
 - 	138	-0.001903	-0.000076	-0.000165
 - 	139	-0.001889	-0.000070	-0.000163
 - 	140	-0.001875	-0.000064	-0.000161
 - 	141	-0.001875	-0.000057	-0.000160
 - 	142	-0.001870	-0.000058	-0.000159
 - 	143	-0.001867	-0.000062	-0.000159
 - 	144	-0.001881	-0.000063	-0.000159
 - 	145	-0.001880	-0.000070	-0.000159
 - 	146	-0.001895	-0.000071	-0.000159
 - 	147	-0.001895	-0.000077	-0.000159
 - 	148	-0.001902	-0.000080	-0.000158
 - 	149	-0.001904	-0.000085	-0.000158
 - 	150	-0.001907	-0.000093	-0.000158
 - 	151	-0.001905	-0.000106	-0.000158
 - 	152	-0.001914	-0.000117	-0.000160
 - 	153	-0.001915	-0.000131	-0.000163
 - 	154	-0.001923	-0.000140	-0.000166
 - 	155	-0.001919	-0.000149	-0.000168
 - 	156	-0.001932	-0.000147	-0.000170
 - 	157	-0.001935	-0.000144	-0.000171
 - 	158	-0.001951	-0.000133	-0.000172
 - 	159	-0.001961	-0.000121	-0.000172
 - 	160	-0.001953	-0.000112	-0.000170
 - 	161	-0.001961	-0.000099	-0.000169
 - 	162	-0.001958	-0.000090	-0.000168
 - 	163	-0.001941	-0.000083	-0.000167
 - 	164	-0.001933	-0.000077	-0.000166
 - 	165	-0.001924	-0.000076	-0.000165
 - 	166	-0.001930	-0.000076	-0.000164
 - 	167	-0.001926	-0.000081	-0.000164
 - 	168	-0.001899	-0.000068	-0.000154
 - 	169	-0.001928	-0.000101	-0.000163
 - 	170	-0.001941	-0.000139	-0.000171
 - 	171	-0.001905	-0.000131	-0.000163
 - 	172	-0.001894	-0.000145	-0.000162
 - 	173	-0.001886	-0.000159	-0.000165
 - 	174	-0.001883	-0.000168	-0.000167
 - 	175	-0.001887	-0.000167	-0.000168
 - 	176	-0.001888	-0.000165	-0.000169
 - 	177	-0.001888	-0.000158	-0.000167
 - 	178	-0.001900	-0.000142	-0.000166
 - 	179	-0.001907	-0.000124	-0.000163
 - 	180	-0.001918	-0.000091	-0.000164
 - 	181	-0.001934	-0.000089	-0.000161
 - 	182	-0.001983	-0.000085	-0.000161
 - 	183	-0.001978	-0.000080	-0.000167
 - 	184	-0.001986	-0.000090	-0.000173
 - 	185	-0.001989	-0.000106	-0.000178
 - 	186	-0.001995	-0.000117	-0.000180
 - 	187	-0.001986	-0.000130	-0.000181
 - 	188	-0.001986	-0.000140	-0.000179
 - 	189	-0.001977	-0.000152	-0.000177
 - 	190	-0.001976	-0.000159	-0.000176
 - 	191	-0.001965	-0.000163	-0.000175
 - 	192	-0.001960	-0.000158	-0.000173
 - 	193	-0.001949	-0.000152	-0.000172
 - 	194	-0.001945	-0.000145	-0.000169
 - 	195	-0.001941	-0.000135	-0.000168
 - 	196	-0.001929	-0.000125	-0.000166
 - 	197	-0.001922	-0.000112	-0.000166
 - 	198	-0.001913	-0.000101	-0.000164
 - 	199	-0.001908	-0.000092	-0.000161
 - 	200	-0.001913	-0.000083	-0.000164
 - 	201	-0.001911	-0.000081	-0.000164
 - 	202	-0.001920	-0.000082	-0.000166
 - 	203	-0.001925	-0.000088	-0.000167
 - 	204	-0.001931	-0.000094	-0.000169
 - 	205	-0.001937	-0.000094	-0.000172
 - 	206	-0.001935	-0.000098	-0.000172
 - 	207	-0.001939	-0.000098	-0.000173
 - 	208	-0.001941	-0.000103	-0.000173
 - 	209	-0.001938	-0.000110	-0.000172
 - 	210	-0.001937	-0.000119	-0.000171
 - 	211	-0.001935	-0.000128	-0.000169
 - 	212	-0.001935	-0.000141	-0.000167
 - 	213	-0.001933	-0.000154	-0.000165
 - 	214	-0.001923	-0.000169	-0.000163
 - 	215	-0.001930	-0.000172	-0.000162
 - 	216	-0.001923	-0.000171	-0.000161
 - 	217	-0.001931	-0.000164	-0.000162
 - 	218	-0.001931	-0.000158	-0.000162
 - 	219	-0.001936	-0.000147	-0.000162
 - 	220	-0.001930	-0.000132	-0.000162
 - 	221	-0.001937	-0.000108	-0.000162
 - 	222	-0.001944	-0.000077	-0.000161
 - 	223	-0.001960	-0.000046	-0.000160
 - 	224	-0.001964	-0.000023	-0.000158
 - 	225	-0.001980	-0.000006	-0.000155
 - 	226	-0.001989	-0.000000	-0.000153
 - 	227	-0.001985	-0.000007	-0.000151
 - 	228	-0.001998	-0.000019	-0.000152
 - 	229	-0.001995	-0.000052	-0.000156
 - 	230	-0.002005	-0.000093	-0.000164
 - 	231	-0.002002	-0.000139	-0.000171
 - 	232	-0.001996	-0.000179	-0.000177
 - 	233	-0.001985	-0.000210	-0.000181
 - 	234	-0.001976	-0.000225	-0.000182
 - 	235	-0.001982	-0.000225	-0.000180
 - 	236	-0.001972	-0.000221	-0.000177
 - 	237	-0.001955	-0.000217	-0.000175
 - 	238	-0.001932	-0.000215	-0.000173
 - 	239	-0.001914	-0.000214	-0.000171
 - 	240	-0.001891	-0.000219	-0.000170
 - 	241	-0.001868	-0.000220	-0.000168
 - 	242	-0.001837	-0.000217	-0.000165
 - 	243	-0.001817	-0.000209	-0.000160
 - 	244	-0.001791	-0.000207	-0.000156
 - 	245	-0.001755	-0.000212	-0.000152
 - 	246	-0.001728	-0.000222	-0.000151
 - 	247	-0.001709	-0.000237	-0.000151
 - 	248	-0.001700	-0.000254	-0.000151
 - 	249	-0.001682	-0.000277	-0.000151
 - 	250	-0.001681	-0.000290	-0.000151
 - 	251	-0.001666	-0.000295	-0.000151
 - 	252	-0.001666	-0.000278	-0.000150
 - 	253	-0.001670	-0.000245	-0.000147
 - 	254	-0.001671	-0.000203	-0.000143
 - 	255	-0.001705	-0.000148	-0.000139
 - 	256	-0.001727	-0.000100	-0.000135
 - 	257	-0.001731	-0.000071	-0.000131
 - 	258	-0.001758	-0.000050	-0.000130
 - 	259	-0.001744	-0.000055	-0.000128
 - 	260	-0.001750	-0.000062	-0.000130
 - 	261	-0.001741	-0.000084	-0.000134
 - 	262	-0.001737	-0.000116	-0.000140
 - 	263	-0.001739	-0.000152	-0.000147
 - 	264	-0.001737	-0.000187	-0.000152
 - 	265	-0.001737	-0.000208	-0.000155
 - 	266	-0.001750	-0.000218	-0.000156
 - 	267	-0.001761	-0.000221	-0.000155
 - 	268	-0.001761	-0.000213	-0.000154
 - 	269	-0.001784	-0.000186	-0.000153
 - 	270	-0.001789	-0.000161	-0.000151
 - 	271	-0.001798	-0.000140	-0.000149
 - 	272	-0.001803	-0.000129	-0.000148
 - 	273	-0.001796	-0.000142	-0.000147
 - 	274	-0.001786	-0.000163	-0.000147
 - 	275	-0.001782	-0.000185	-0.000147
 - 	276	-0.001770	-0.000203	-0.000146
 - 	277	-0.001768	-0.000219	-0.000145
 - 	278	-0.001762	-0.000234	-0.000144
 - 	279	-0.001754	-0.000247	-0.000145
 - 	280	-0.001737	-0.000262	-0.000145
 - 	281	-0.001729	-0.000271	-0.000147
 - 	282	-0.001714	-0.000275	-0.000148
 - 	283	-0.001692	-0.000277	-0.000149
 - 	284	-0.001691	-0.000272	-0.000150
 - 	285	-0.001692	-0.000270	-0.000150
 - 	286	-0.001696	-0.000272	-0.000150
 - 	287	-0.001700	-0.000274	-0.000149
 - 	288	-0.001717	-0.000272	-0.000149
 - 	289	-0.001718	-0.000273	-0.000149
 - 	290	-0.001734	-0.000263	-0.000149
 - 	291	-0.001737	-0.000253	-0.000149
 - 	292	-0.001752	-0.000235	-0.000149
 - 	293	-0.001756	-0.000221	-0.000147
 - 	294	-0.001761	-0.000211	-0.000146
 - 	295	-0.001760	-0.000200	-0.000144
 - 	296	-0.001742	-0.000188	-0.000142
 - 	297	-0.001751	-0.000161	-0.000141
 - 	298	-0.001751	-0.000131	-0.000139
 - 	299	-0.001758	-0.000095	-0.000138
 - 	300	-0.001754	-0.000065	-0.000135
 - 	301	-0.001760	-0.000038	-0.000134
 - 	302	-0.001757	-0.000021	-0.000134
 - 	303	-0.001754	-0.000008	-0.000134
 - 	304	-0.001741	-0.000007	-0.000134
 - 	305	-0.001720	-0.000020	-0.000132
 - 	306	-0.001718	-0.000038	-0.000130
 - 	307	-0.001706	-0.000067	-0.000129
 - 	308	-0.001711	-0.000096	-0.000129
 - 	309	-0.001711	-0.000129	-0.000132
 - 	310	-0.001716	-0.000158	-0.000137
 - 	311	-0.001725	-0.000185	-0.000143
 - 	312	-0.001735	-0.000200	-0.000150
 - 	313	-0.001760	-0.000204	-0.000157
 - 	314	-0.001765	-0.000206	-0.000161
 - 	315	-0.001787	-0.000201	-0.000162
 - 	316	-0.001804	-0.000190	-0.000159
 - 	317	-0.001811	-0.000176	-0.000155
 - 	318	-0.001805	-0.000164	-0.000150
 - 	319	-0.001832	-0.000145	-0.000148
 - 	320	-0.001854	-0.000134	-0.000149
 - 	321	-0.001894	-0.000112	-0.000151
 - 	322	-0.001943	-0.000082	-0.000154
 - 	323	-0.001992	-0.000044	-0.000157
 - 	324	-0.002041	0.000002	-0.000160
 - 	325	-0.002091	0.000055	-0.000163
 - 	326	-0.002132	0.000108	-0.000166
 - 	327	-0.002175	0.000163	-0.000169
 - 	328	-0.002204	0.000212	-0.000170
 - 	329	-0.002212	0.000250	-0.000170
 - 	330	-0.002200	0.000280	-0.000165
 - 	331	-0.002171	0.000309	-0.000156
 - 	332	-0.002129	0.000346	-0.000142
 - 	333	-0.002107	0.000390	-0.000126
 - 	334	-0.002088	0.000426	-0.000111
 - 	335	-0.002105	0.000452	-0.000100
 - 	336	-0.002123	0.000458	-0.000094
 - 	337	-0.002119	0.000437	-0.000092
 - 	338	-0.002114	0.000402	-0.000094
 - 	339	-0.002076	0.000364	-0.000097
 - 	340	-0.002072	0.000347	-0.000106
 - 	341	-0.002066	0.000339	-0.000115
 - 	342	-0.002081	0.000346	-0.000124
 - 	343	-0.002097	0.000363	-0.000130
 - 	344	-0.002117	0.000386	-0.000134
 - 	345	-0.002145	0.000415	-0.000138
 - 	346	-0.002178	0.000445	-0.000139
 - 	347	-0.002203	0.000476	-0.000138
 - 	348	-0.002243	0.000511	-0.000135
 - 	349	-0.002279	0.000540	-0.000129
 - 	350	-0.002331	0.000573	-0.000122
 - 	351	-0.002391	0.000614	-0.000111
 - 	352	-0.002460	0.000656	-0.000100
 - 	353	-0.002506	0.000678	-0.000091
 - 	354	-0.002513	0.000678	-0.000085
 - 	355	-0.002487	0.000660	-0.000083
 - 	356	-0.002450	0.000640	-0.000084
 - 	357	-0.002395	0.000616	-0.000087
 - 	358	-0.002368	0.000602	-0.000093
 - 	359	-0.002344	0.000584	-0.000101
 - 	360	-0.002328	0.000564	-0.000110
 - 	361	-0.002317	0.000544	-0.000119
 - 	362	-0.002295	0.000516	-0.000127
 - 	363	-0.002285	0.000496	-0.000130
 - 	364	-0.002287	0.000479	-0.000130
 - 	365	-0.002299	0.000465	-0.000128
 - 	366	-0.002318	0.000458	-0.000125
 - 	367	-0.002356	0.000478	-0.000120
 - 	368	-0.002416	0.000536	-0.000112
 - 	369	-0.002486	0.000609	-0.000104
 - 	370	-0.002568	0.000680	-0.000099
 - 	371	-0.002631	0.000731	-0.000097
 - 	372	-0.002686	0.000762	-0.000098
 - 	373	-0.002731	0.000771	-0.000101
 - 	374	-0.002759	0.000756	-0.000106
 - 	375	-0.002780	0.000725	-0.000111
 - 	376	-0.002787	0.000680	-0.000119
 - 	377	-0.002796	0.000634	-0.000128
 - 	378	-0.002794	0.000585	-0.000141
 - 	379	-0.002812	0.000539	-0.000155
 - 	380	-0.002827	0.000495	-0.000170
 - 	381	-0.002848	0.000464	-0.000182
 - 	382	-0.002868	0.000450	-0.000190
 - 	383	-0.002865	0.000436	-0.000196
 - 	384	-0.002871	0.000430	-0.000199
 - 	385	-0.002865	0.000413	-0.000202
 - 	386	-0.002869	0.000405	-0.000203
 - 	387	-0.002864	0.000401	-0.000202
 - 	388	-0.002871	0.000417	-0.000197
 - 	389	-0.002885	0.000448	-0.000189
 - 	390	-0.002898	0.000485	-0.000179
 - 	391	-0.002918	0.000529	-0.000169
 - 	392	-0.002936	0.000579	-0.000157
 - 	393	-0.002923	0.000624	-0.000142
 - 	394	-0.002923	0.000677	-0.000128
 - 	395	-0.002901	0.000722	-0.000115
 - 	396	-0.002898	0.000772	-0.000108
 - 	397	-0.002872	0.000809	-0.000104
 - 	398	-0.002863	0.000844	-0.000102
 - 	399	-0.002856	0.000869	-0.000100
 - 	400	-0.002826	0.000874	-0.000099
 - 	401	-0.002788	0.000864	-0.000098
 - 	402	-0.002764	0.000859	-0.000097
 - 	403	-0.002720	0.000846	-0.000095
 - 	404	-0.002706	0.000850	-0.000092
 - 	405	-0.002688	0.000840	-0.000088
 - 	406	-0.002678	0.000820	-0.000086
 - 	407	-0.002656	0.000779	-0.000089
 - 	408	-0.002640	0.000737	-0.000094
 - 	409	-0.002633	0.000700	-0.000104
 - 	410	-0.002623	0.000665	-0.000114
 - 	411	-0.002605	0.000626	-0.000126
 - 	412	-0.002585	0.000583	-0.000135
 - 	413	-0.002590	0.000544	-0.000143
 - 	414	-0.002605	0.000501	-0.000149
 - 	415	-0.002628	0.000463	-0.000152
 - 	416	-0.002674	0.000456	-0.000148
 - 	417	-0.002728	0.000498	-0.000133
 - 	418	-0.002778	0.000578	-0.000112
 - 	419	-0.002805	0.000669	-0.000088
 - 	420	-0.002813	0.000759	-0.000065
 - 	421	-0.002808	0.000848	-0.000043
 - 	422	-0.002801	0.000953	-0.000018
 - 	423	-0.002778	0.001057	0.000007
 - 	424	-0.002764	0.001163	0.000031
 - 	425	-0.002747	0.001246	0.000052
 - 	426	-0.002737	0.001306	0.000069
 - 	427	-0.002742	0.001346	0.000081
 - 	428	-0.002761	0.001369	0.000088
 - 	429	-0.002818	0.001387	0.000093
 - 	430	-0.002913	0.001399	0.000095
 - 	431	-0.003019	0.001393	0.000093
 - 	432	-0.003154	0.001388	0.000090
 - 	433	-0.003273	0.001375	0.000086
 - 	434	-0.003367	0.001353	0.000080
 - 	435	-0.003465	0.001334	0.000072
 - 	436	-0.003547	0.001308	0.000062
 - 	437	-0.003629	0.001283	0.000051
 - 	438	-0.003691	0.001257	0.000038
 - 	439	-0.003752	0.001250	0.000030
 - 	440	-0.003787	0.001252	0.000025
 - 	441	-0.003855	0.001279	0.000024
 - 	442	-0.003914	0.001298	0.000023
 - 	443	-0.003978	0.001309	0.000019
 - 	444	-0.004020	0.001301	0.000009
 - 	445	-0.004036	0.001274	-0.000003
 - 	446	-0.004052	0.001243	-0.000016
 - 	447	-0.004075	0.001220	-0.000027
 - 	448	-0.004109	0.001211	-0.000033
 - 	449	-0.004171	0.001225	-0.000031
 - 	450	-0.004250	0.001250	-0.000027
 - 	451	-0.004315	0.001264	-0.000024
 - 	452	-0.004362	0.001273	-0.000022
 - 	453	-0.004379	0.001274	-0.000022
 - 	454	-0.004377	0.001280	-0.000021
 - 	455	-0.004373	0.001289	-0.000019
 - 	456	-0.004362	0.001287	-0.000019
 - 	457	-0.004350	0.001276	-0.000022
 - 	458	-0.004341	0.001260	-0.000026
 - 	459	-0.004307	0.001237	-0.000033
 - 	460	-0.004286	0.001221	-0.000040
 - 	461	-0.004253	0.001195	-0.000050
 - 	462	-0.004223	0.001166	-0.000062
 - 	463	-0.004189	0.001135	-0.000073
 - 	464	-0.004153	0.001112	-0.000079
 - 	465	-0.004125	0.001101	-0.000082
 - 	466	-0.004104	0.001101	-0.000080
 - 	467	-0.004087	0.001115	-0.000074
 - 	468	-0.004090	0.001143	-0.000064
 - 	469	-0.004125	0.001192	-0.000050
 - 	470	-0.004172	0.001245	-0.000035
 - 	471	-0.004231	0.001294	-0.000021
 - 	472	-0.004302	0.001337	-0.000011
 - 	473	-0.004359	0.001368	-0.000005
 - 	474	-0.004413	0.001390	-0.000002
 - 	475	-0.004460	0.001406	0.000001
 - 	476	-0.004481	0.001407	0.000001
 - 	477	-0.004517	0.001409	0.000003
 - 	478	-0.004523	0.001403	0.000006
 - 	479	-0.004531	0.001405	0.000012
 - 	480	-0.004509	0.001407	0.000020
 - 	481	-0.004496	0.001417	0.000029
 - 	482	-0.004462	0.001420	0.000038
 - 	483	-0.004444	0.001430	0.000046
 - 	484	-0.004417	0.001430	0.000049
 - 	485	-0.004392	0.001426	0.000049
 - 	486	-0.004386	0.001425	0.000046
 - 	487	-0.004375	0.001422	0.000044
 - 	488	-0.004392	0.001431	0.000042
 - 	489	-0.004402	0.001440	0.000041
 - 	490	-0.004414	0.001458	0.000044
 - 	491	-0.004416	0.001472	0.000046
 - 	492	-0.004424	0.001484	0.000048
 - 	493	-0.004421	0.001485	0.000046
 - 	494	-0.004418	0.001480	0.000043
 - 	495	-0.004426	0.001468	0.000038
 - 	496	-0.004443	0.001451	0.000030
 - 	497	-0.004451	0.001426	0.000021
 - 	498	-0.004474	0.001410	0.000013
 - 	499	-0.004479	0.001400	0.000007
 - 	500	-0.004476	0.001403	0.000005
 - 	501	-0.004456	0.001406	0.000006
 - 	502	-0.004438	0.001412	0.000009
 - 	503	-0.004420	0.001419	0.000013
 - 	504	-0.004393	0.001420	0.000015
 - 	505	-0.004374	0.001421	0.000016
 - 	506	-0.004352	0.001417	0.000018
 - 	507	-0.004326	0.001406	0.000018
 - 	508	-0.004284	0.001381	0.000016
 - 	509	-0.004237	0.001351	0.000014
 - 	510	-0.004182	0.001317	0.000008
 - 	511	-0.004128	0.001283	0.000002
 - 	512	-0.004066	0.001253	-0.000002
 - 	513	-0.004027	0.001240	-0.000001
 - 	514	-0.004003	0.001237	0.000003
 - 	515	-0.003979	0.001232	0.000005
 - 	516	-0.003964	0.001224	0.000005
 - 	517	-0.003956	0.001210	0.000001
 - 	518	-0.003954	0.001194	-0.000005
 - 	519	-0.003963	0.001178	-0.000014
 - 	520	-0.003976	0.001161	-0.000023
 - 	521	-0.004010	0.001148	-0.000032
 - 	522	-0.004051	0.001131	-0.000043
 - 	523	-0.004089	0.001105	-0.000056
 - 	524	-0.004127	0.001074	-0.000070
 - 	525	-0.004160	0.001035	-0.000085
 - 	526	-0.004205	0.000996	-0.000102
 - 	527	-0.004244	0.000963	-0.000118
 - 	528	-0.004297	0.000961	-0.000129
 - 	529	-0.004326	0.000982	-0.000136
 - 	530	-0.004337	0.001024	-0.000136
 - 	531	-0.004312	0.001062	-0.000132
 - 	532	-0.004281	0.001095	-0.000125
 - 	533	-0.004251	0.001126	-0.000114
 - 	534	-0.004199	0.001154	-0.000101
 - 	535	-0.004151	0.001186	-0.000083
 - 	536	-0.004059	0.001204	-0.000063
 - 	537	-0.003968	0.001224	-0.000041
 - 	538	-0.003862	0.001234	-0.000017
 - 	539	-0.003764	0.001241	0.000006
 - 	540	-0.003692	0.001256	0.000028
 - 	541	-0.003636	0.001274	0.000048
 - 	542	-0.003617	0.001302	0.000064
 - 	543	-0.003611	0.001325	0.000073
 - 	544	-0.003620	0.001334	0.000073
 - 	545	-0.003641	0.001324	0.000061
 - 	546	-0.003664	0.001286	0.000036
 - 	547	-0.003690	0.001227	-0.000001
 - 	548	-0.003719	0.001160	-0.000042
 - 	549	-0.003719	0.001079	-0.000085
 - 	550	-0.003715	0.001015	-0.000123
 - 	551	-0.003685	0.000966	-0.000151
 - 	552	-0.003622	0.000931	-0.000168
 - 	553	-0.003556	0.000922	-0.000172
 - 	554	-0.003480	0.000932	-0.000162
 - 	555	-0.003392	0.000959	-0.000140
 - 	556	-0.003319	0.001006	-0.000106
 - 	557	-0.003271	0.001065	-0.000066
 - 	558	-0.003257	0.001130	-0.000025
 - 	559	-0.003263	0.001197	0.000014
 - 	560	-0.003266	0.001260	0.000048
 - 	561	-0.003248	0.001314	0.000075
 - 	562	-0.003227	0.001353	0.000092
 - 	563	-0.003201	0.001358	0.000095
 - 	564	-0.003160	0.001317	0.000083
 - 	565	-0.003123	0.001239	0.000057
 - 	566	-0.003074	0.001124	0.000019
 - 	567	-0.003023	0.000986	-0.000026
 - 	568	-0.002963	0.000836	-0.000074
 - 	569	-0.002894	0.000691	-0.000118
 - 	570	-0.002824	0.000574	-0.000151
 - 	571	-0.002744	0.000494	-0.000173
 - 	572	-0.002671	0.000457	-0.000182
 - 	573	-0.002604	0.000460	-0.000181
 - 	574	-0.002551	0.000502	-0.000171
 - 	575	-0.002531	0.000586	-0.000152
 - 	576	-0.002539	0.000697	-0.000128
 - 	577	-0.002560	0.000817	-0.000100
 - 	578	-0.002607	0.000929	-0.000075
 - 	579	-0.002668	0.001020	-0.000053
 - 	580	-0.002746	0.001093	-0.000036
 - 	581	-0.002833	0.001159	-0.000024
 - 	582	-0.002916	0.001222	-0.000016
 - 	583	-0.002956	0.001262	-0.000010
 - 	584	-0.002967	0.001275	-0.000010
 - 	585	-0.002950	0.001258	-0.000015
 - 	586	-0.002890	0.001212	-0.000025
 - 	587	-0.002819	0.001151	-0.000039
 - 	588	-0.002707	0.001052	-0.000057
 - 	589	-0.002581	0.000929	-0.000077
 - 	590	-0.002438	0.000784	-0.000098
 - 	591	-0.002307	0.000641	-0.000118
 - 	592	-0.002208	0.000508	-0.000137
 - 	593	-0.002161	0.000403	-0.000155
 - 	594	-0.002148	0.000320	-0.000170
 - 	595	-0.002188	0.000274	-0.000180
 - 	596	-0.002241	0.000257	-0.000186
 - 	597	-0.002309	0.000276	-0.000184
 - 	598	-0.002357	0.000325	-0.000177
 - 	599	-0.002411	0.000406	-0.000165
 - 	600	-0.002439	0.000496	-0.000150
 - 	601	-0.002476	0.000608	-0.000136
 - 	602	-0.002484	0.000725	-0.000121
 - 	603	-0.002478	0.000849	-0.000108
 - 	604	-0.002446	0.000961	-0.000093
 - 	605	-0.002408	0.001060	-0.000080
 - 	606	-0.002356	0.001125	-0.000071
 - 	607	-0.002293	0.001148	-0.000067
 - 	608	-0.002193	0.001121	-0.000065
 - 	609	-0.002062	0.001060	-0.000064
 - 	610	-0.001925	0.000980	-0.000062
 - 	611	-0.001793	0.000877	-0.000060
 - 	612	-0.001693	0.000764	-0.000060
 - 	613	-0.001625	0.000644	-0.000065
 - 	614	-0.001597	0.000526	-0.000072
 - 	615	-0.001612	0.000414	-0.000086
 - 	616	-0.001677	0.000320	-0.000103
 - 	617	-0.001785	0.000257	-0.000121
 - 	618	-0.001889	0.000218	-0.000134
 - 	619	-0.001995	0.000211	-0.000141
 - 	620	-0.002070	0.000221	-0.000143
 - 	621	-0.002113	0.000251	-0.000142
 - 	622	-0.002155	0.000309	-0.000142
 - 	623	-0.002185	0.000388	-0.000141
 - 	624	-0.002205	0.000482	-0.000139
 - 	625	-0.002212	0.000577	-0.000135
 - 	626	-0.002216	0.000671	-0.000129
 - 	627	-0.002172	0.000736	-0.000121
 - 	628	-0.002131	0.000785	-0.000113
 - 	629	-0.002071	0.000804	-0.000103
 - 	630	-0.002038	0.000810	-0.000095
 - 	631	-0.002008	0.000791	-0.000088
 - 	632	-0.001969	0.000750	-0.000082
 - 	633	-0.001910	0.000695	-0.000077
 - 	634	-0.001833	0.000632	-0.000074
 - 	635	-0.001766	0.000567	-0.000075
 - 	636	-0.001693	0.000489	-0.000079
 - 	637	-0.001653	0.000420	-0.000086
 - 	638	-0.001606	0.000349	-0.000094
 - 	639	-0.001600	0.000289	-0.000102
 - 	640	-0.001618	0.000230	-0.000108
 - 	641	-0.001649	0.000169	-0.000114
 - 	642	-0.001719	0.000130	-0.000120
 - 	643	-0.001790	0.000107	-0.000125
 - 	644	-0.001835	0.000086	-0.000127
 - 	645	-0.001874	0.000075	-0.000130
 - 	646	-0.001878	0.000059	-0.000131
 - 	647	-0.001876	0.000047	-0.000132
 - 	648	-0.001866	0.000040	-0.000131
 - 	649	-0.001842	0.000030	-0.000128
 - 	650	-0.001817	0.000022	-0.000124
 - 	651	-0.001778	0.000002	-0.000119
 - 	652	-0.001743	-0.000019	-0.000114
 - 	653	-0.001711	-0.000043	-0.000109
 - 	654	-0.001685	-0.000065	-0.000106
 - 	655	-0.001639	-0.000087	-0.000103
 - 	656	-0.001599	-0.000099	-0.000100
 - 	657	-0.001557	-0.000099	-0.000099
 - 	658	-0.001509	-0.000096	-0.000098
 - 	659	-0.001483	-0.000086	-0.000098
 - 	660	-0.001480	-0.000078	-0.000099
 - 	661	-0.001476	-0.000084	-0.000100
 - 	662	-0.001498	-0.000087	-0.000101
 - 	663	-0.001517	-0.000098	-0.000104
 - 	664	-0.001552	-0.000109	-0.000108
 - 	665	-0.001590	-0.000126	-0.000112
 - 	666	-0.001629	-0.000138	-0.000116
 - 	667	-0.001678	-0.000143	-0.000120
 - 	668	-0.001718	-0.000144	-0.000122
 - 	669	-0.001766	-0.000138	-0.000125
 - 	670	-0.001788	-0.000140	-0.000128
 - 	671	-0.001811	-0.000135	-0.000133
 - 	672	-0.001799	-0.000146	-0.000137
 - 	673	-0.001793	-0.000159	-0.000142
 - 	674	-0.001769	-0.000182	-0.000145
 - 	675	-0.001733	-0.000209	-0.000145
 - 	676	-0.001707	-0.000229	-0.000143
 - 	677	-0.001677	-0.000243	-0.000138
 - 	678	-0.001664	-0.000242	-0.000132
 - 	679	-0.001656	-0.000225	-0.000125
 - 	680	-0.001641	-0.000199	-0.000118
 - 	681	-0.001623	-0.000167	-0.000114
 - 	682	-0.001598	-0.000138	-0.000110
 - 	683	-0.001599	-0.000105	-0.000110
 - 	684	-0.001581	-0.000088	-0.000109
 - 	685	-0.001591	-0.000073	-0.000110
 - 	686	-0.001601	-0.000071	-0.000110
 - 	687	-0.001615	-0.000085	-0.000108
 - 	688	-0.001650	-0.000112	-0.000105
 - 	689	-0.001664	-0.000156	-0.000102
 - 	690	-0.001685	-0.000193	-0.000102
 - 	691	-0.001678	-0.000225	-0.000102
 - 	692	-0.001683	-0.000247	-0.000104
 - 	693	-0.001663	-0.000261	-0.000108
 - 	694	-0.001631	-0.000266	-0.000110
 - 	695	-0.001614	-0.000254	-0.000113
 - 	696	-0.001575	-0.000246	-0.000114
 - 	697	-0.001546	-0.000232	-0.000113
 - 	698	-0.001506	-0.000225	-0.000111
 - 	699	-0.001495	-0.000214	-0.000110
 - 	700	-0.001478	-0.000201	-0.000108
 - 	701	-0.001459	-0.000175	-0.000104
 - 	702	-0.001456	-0.000142	-0.000101
 - 	703	-0.001448	-0.000118	-0.000099
 - 	704	-0.001447	-0.000116	-0.000099
 - 	705	-0.001468	-0.000128	-0.000103
 - 	706	-0.001497	-0.000146	-0.000109
 - 	707	-0.001532	-0.000150	-0.000114
 - 	708	-0.001575	-0.000139	-0.000116
 - 	709	-0.001610	-0.000124	-0.000115
 - 	710	-0.001646	-0.000111	-0.000112
 - 	711	-0.001660	-0.000106	-0.000108
 - 	712	-0.001678	-0.000099	-0.000107
 - 	713	-0.001675	-0.000103	-0.000106
 - 	714	-0.001665	-0.000111	-0.000106
 - 	715	-0.001649	-0.000124	-0.000105
 - 	716	-0.001634	-0.000142	-0.000105
 - 	717	-0.001612	-0.000164	-0.000105
 - 	718	-0.001595	-0.000186	-0.000106
 - 	719	-0.001582	-0.000201	-0.000108
 - 	720	-0.001565	-0.000214	-0.000109
 - 	721	-0.001561	-0.000224	-0.000112
 - 	722	-0.001562	-0.000235	-0.000115
 - 	723	-0.001557	-0.000253	-0.000118
 - 	724	-0.001565	-0.000269	-0.000122
 - 	725	-0.001580	-0.000274	-0.000125
 - 	726	-0.001591	-0.000270	-0.000124
 - 	727	-0.001607	-0.000254	-0.000121
 - 	728	-0.001633	-0.000225	-0.000117
 - 	729	-0.001649	-0.000193	-0.000113
 - 	730	-0.001651	-0.000171	-0.000111
 - 	731	-0.001647	-0.000154	-0.000111
 - 	732	-0.001636	-0.000144	-0.000112
 - 	733	-0.001617	-0.000141	-0.000113
 - 	734	-0.001617	-0.000135	-0.000116
 - 	735	-0.001607	-0.000133	-0.000116
 - 	736	-0.001600	-0.000127	-0.000116
 - 	737	-0.001611	-0.000117	-0.000116
 - 	738	-0.001602	-0.000116	-0.000115
 - 	739	-0.001607	-0.000124	-0.000116
 - 	740	-0.001600	-0.000144	-0.000117
 - 	741	-0.001609	-0.000165	-0.000119
 - 	742	-0.001623	-0.000184	-0.000119
 - 	743	-0.001638	-0.000202	-0.000118
 - 	744	-0.001662	-0.000208	-0.000116
 - 	745	-0.001677	-0.000205	-0.000115
 - 	746	-0.001702	-0.000189	-0.000114
 - 	747	-0.001724	-0.000170	-0.000117
 - 	748	-0.001748	-0.000150	-0.000121
 - 	749	-0.001761	-0.000135	-0.000121
 - 	750	-0.001766	-0.000124	-0.000122
 - 	751	-0.001766	-0.000118	-0.000121
 - 	752	-0.001772	-0.000114	-0.000120
 - 	753	-0.001763	-0.000110	-0.000117
 - 	754	-0.001774	-0.000097	-0.000114
 - 	755	-0.001770	-0.000087	-0.000110
 - 	756	-0.001771	-0.000071	-0.000107
 - 	757	-0.001770	-0.000056	-0.000106
 - 	758	-0.001767	-0.000039	-0.000105
 - 	759	-0.001726	-0.000039	-0.000104
 - 	760	-0.001715	-0.000039	-0.000108
 - 	761	-0.001689	-0.000053	-0.000112
 - 	762	-0.001649	-0.000083	-0.000115
 - 	763	-0.001640	-0.000112	-0.000120
 - 	764	-0.001622	-0.000152	-0.000124
 - 	765	-0.001608	-0.000190	-0.000126
 - 	766	-0.001601	-0.000229	-0.000130
 - 	767	-0.001572	-0.000268	-0.000132
 - 	768	-0.001573	-0.000293	-0.000134
 - 	769	-0.001577	-0.000305	-0.000135
 - 	770	-0.001598	-0.000301	-0.000135
 - 	771	-0.001628	-0.000279	-0.000132
 - 	772	-0.001672	-0.000243	-0.000128
 - 	773	-0.001711	-0.000207	-0.000122
 - 	774	-0.001748	-0.000176	-0.000118
 - 	775	-0.001768	-0.000158	-0.000116
 - 	776	-0.001774	-0.000152	-0.000115
 - 	777	-0.001772	-0.000158	-0.000116
 - 	778	-0.001760	-0.000175	-0.000118
 - 	779	-0.001743	-0.000196	-0.000119
 - 	780	-0.001733	-0.000211	-0.000122
 - 	781	-0.001712	-0.000220	-0.000123
 - 	782	-0.001711	-0.000216	-0.000125
 - 	783	-0.001689	-0.000214	-0.000125
 - 	784	-0.001687	-0.000204	-0.000125
 - 	785	-0.001688	-0.000189	-0.000124
 - 	786	-0.001680	-0.000173	-0.000122
 - 	787	-0.001678	-0.000157	-0.000120
 - 	788	-0.001671	-0.000145	-0.000119
 - 	789	-0.001685	-0.000129	-0.000118
 - 	790	-0.001685	-0.000121	-0.000117
 - 	791	-0.001696	-0.000112	-0.000116
 - 	792	-0.001711	-0.000104	-0.000115
 - 	793	-0.001724	-0.000099	-0.000115
 - 	794	-0.001727	-0.000094	-0.000114
 - 	795	-0.001737	-0.000082	-0.000113
 - 	796	-0.001743	-0.000068	-0.000112
 - 	797	-0.001752	-0.000053	-0.000111
 - 	798	-0.001755	-0.000044	-0.000110
 - 	799	-0.001747	-0.000041	-0.000108
 - 	800	-0.001743	-0.000035	-0.000106
 - 	801	-0.001727	-0.000033	-0.000104
 - 	802	-0.001719	-0.000034	-0.000102
 - 	803	-0.001709	-0.000046	-0.000101
 - 	804	-0.001695	-0.000066	-0.000100
 - 	805	-0.001682	-0.000094	-0.000100
 - 	806	-0.001656	-0.000134	-0.000101
 - 	807	-0.001653	-0.000165	-0.000105
 - 	808	-0.001651	-0.000186	-0.000109
 - 	809	-0.001655	-0.000190	-0.000113
 - 	810	-0.001669	-0.000179	-0.000118
 - 	811	-0.001693	-0.000150	-0.000124
 - 	812	-0.001699	-0.000113	-0.000127
 - 	813	-0.001715	-0.000058	-0.000129
 - 	814	-0.001725	0.000004	-0.000128
 - 	815	-0.001738	0.000071	-0.000126
 - 	816	-0.001735	0.000127	-0.000125
 - 	817	-0.001744	0.000164	-0.000125
 - 	818	-0.001714	0.000163	-0.000124
 - 	819	-0.001696	0.000145	-0.000123
 - 	820	-0.001651	0.000105	-0.000121
 - 	821	-0.001627	0.000070	-0.000119
 - 	822	-0.001597	0.000040	-0.000115
 - 	823	-0.001580	0.000023	-0.000112
 - 	824	-0.001549	0.000004	-0.000110
 - 	825	-0.001513	-0.000010	-0.000107
 - 	826	-0.001473	-0.000012	-0.000104
 - 	827	-0.001422	-0.000007	-0.000099
 - 	828	-0.001360	0.000001	-0.000092
 - 	829	-0.001272	0.000002	-0.000083
 - 	830	-0.001183	0.000001	-0.000075
 - 	831	-0.001116	-0.000003	-0.000073
 - 	832	-0.001053	-0.000011	-0.000075
 - 	833	-0.000996	-0.000018	-0.000080
 - 	834	-0.000970	-0.000011	-0.000085
 - 	835	-0.000936	-0.000005	-0.000089
 - 	836	-0.000913	0.000006	-0.000094
 - 	837	-0.000883	0.000021	-0.000097
 - 	838	-0.000856	0.000046	-0.000099
 - 	839	-0.000850	0.000089	-0.000100
 - 	840	-0.000896	0.000163	-0.000100
 - 	841	-0.000912	0.000243	-0.000094
 - 	842	-0.000962	0.000349	-0.000084
 - 	843	-0.000971	0.000448	-0.000068
 - 	844	-0.000967	0.000537	-0.000047
 - 	845	-0.000944	0.000613	-0.000024
 - 	846	-0.000905	0.000669	0.000001
 - 	847	-0.000890	0.000716	0.000025
 - 	848	-0.000873	0.000742	0.000048
 - 	849	-0.000873	0.000765	0.000070
 - 	850	-0.000874	0.000791	0.000095
 - 	851	-0.000876	0.000828	0.000124
 - 	852	-0.000867	0.000869	0.000156
 - 	853	-0.000829	0.000896	0.000189
 - 	854	-0.000794	0.000916	0.000219
 - 	855	-0.000737	0.000910	0.000241
 - 	856	-0.000712	0.000884	0.000249
 - 	857	-0.000683	0.000815	0.000239
 - 	858	-0.000707	0.000714	0.000207
 - 	859	-0.000808	0.000588	0.000153
 - 	860	-0.000954	0.000425	0.000073
 - 	861	-0.001163	0.000242	-0.000032
 - 	862	-0.001392	0.000042	-0.000156
 - 	863	-0.001640	-0.000159	-0.000290
 - 	864	-0.001884	-0.000349	-0.000425
 - 	865	-0.002101	-0.000526	-0.000555
 - 	866	-0.002257	-0.000692	-0.000676
 - 	867	-0.002338	-0.000847	-0.000787
 - 	868	-0.002309	-0.001007	-0.000894
 - 	869	-0.002178	-0.001168	-0.000997
 - 	870	-0.001945	-0.001311	-0.001087
 - 	871	-0.001620	-0.001421	-0.001158
 - 	872	-0.001223	-0.001501	-0.001214
 - 	873	-0.000771	-0.001556	-0.001262
 - 	874	-0.000316	-0.001575	-0.001298
 - 	875	0.000139	-0.001560	-0.001317
 - 	876	0.000562	-0.001511	-0.001317
 - 	877	0.000950	-0.001433	-0.001293
 - 	878	0.001305	-0.001335	-0.001242
 - 	879	0.001616	-0.001223	-0.001167
 - 	880	0.001904	-0.001109	-0.001072
 - 	881	0.002124	-0.000987	-0.000958
 - 	882	0.002301	-0.000872	-0.000839
 - 	883	0.002407	-0.000763	-0.000724
 - 	884	0.002457	-0.000665	-0.000617
 - 	885	0.002467	-0.000585	-0.000521
 - 	886	0.002436	-0.000522	-0.000443
 - 	887	0.002362	-0.000477	-0.000384
 - 	888	0.002237	-0.000446	-0.000347
 - 	889	0.002074	-0.000429	-0.000323
 - 	890	0.001870	-0.000421	-0.000309
 - 	891	0.001650	-0.000423	-0.000300
 - 	892	0.001418	-0.000434	-0.000296
 - 	893	0.001166	-0.000447	-0.000298
 - 	894	0.000887	-0.000456	-0.000300
 - 	895	0.000592	-0.000460	-0.000304
 - 	896	0.000291	-0.000461	-0.000311
 - 	897	-0.000022	-0.000458	-0.000323
 - 	898	-0.000337	-0.000446	-0.000332
 - 	899	-0.000634	-0.000422	-0.000334
 - 	900	-0.000918	-0.000387	-0.000330
 - 	901	-0.001170	-0.000349	-0.000321
 - 	902	-0.001373	-0.000303	-0.000301
 - 	903	-0.001557	-0.000242	-0.000271
 - 	904	-0.001728	-0.000161	-0.000230
 - 	905	-0.001887	-0.000065	-0.000183
 - 	906	-0.002027	0.000030	-0.000147
 - 	907	-0.002158	0.000112	-0.000131
 - 	908	-0.002250	0.000178	-0.000133
 - 	909	-0.002323	0.000241	-0.000138
 - 	910	-0.002386	0.000306	-0.000144
 - 	911	-0.002424	0.000369	-0.000150
 - 	912	-0.002463	0.000428	-0.000161
 - 	913	-0.002512	0.000488	-0.000171
 - 	914	-0.002564	0.000555	-0.000169
 - 	915	-0.002636	0.000642	-0.000142
 - 	916	-0.002722	0.000743	-0.000098
 - 	917	-0.002807	0.000844	-0.000049
 - 	918	-0.002917	0.000935	-0.000010
 - 	919	-0.003017	0.001012	0.000020
 - 	920	-0.003120	0.001075	0.000039
 - 	921	-0.003219	0.001122	0.000048
 - 	922	-0.003318	0.001160	0.000055
 - 	923	-0.003405	0.001191	0.000063
 - 	924	-0.003479	0.001209	0.000070
 - 	925	-0.003544	0.001209	0.000072
 - 	926	-0.003621	0.001182	0.000064
 - 	927	-0.003712	0.001141	0.000052
 - 	928	-0.003848	0.001104	0.000041
 - 	929	-0.004054	0.001085	0.000028
 - 	930	-0.004255	0.001077	0.000015
 - 	931	-0.004479	0.001082	-0.000005
 - 	932	-0.004690	0.001101	-0.000030
 - 	933	-0.004935	0.001140	-0.000064
 - 	934	-0.005239	0.001194	-0.000108
 - 	935	-0.005606	0.001272	-0.000161
 - 	936	-0.006017	0.001363	-0.000222
 - 	937	-0.006460	0.001447	-0.000294
 - 	938	-0.006868	0.001490	-0.000376
 - 	939	-0.007273	0.001497	-0.000466
 - 	940	-0.007679	0.001482	-0.000557
 - 	941	-0.008071	0.001441	-0.000645
 - 	942	-0.008487	0.001388	-0.000726
 - 	943	-0.008875	0.001323	-0.000794
 - 	944	-0.009227	0.001247	-0.000848
 - 	945	-0.009483	0.001151	-0.000883
 - 	946	-0.009601	0.001028	-0.000897
 - 	947	-0.009551	0.000874	-0.000886
 - 	948	-0.009316	0.000686	-0.000847
 - 	949	-0.008897	0.000467	-0.000783
 - 	950	-0.008275	0.000228	-0.000696
 - 	951	-0.007437	-0.000022	-0.000592
 - 	952	-0.006318	-0.000271	-0.000470
 - 	953	-0.004976	-0.000513	-0.000337
 - 	954	-0.003468	-0.000726	-0.000193
 - 	955	-0.001947	-0.000884	-0.000050
 - 	956	-0.000551	-0.000951	0.000081
 - 	957	0.000590	-0.000908	0.000189
 - 	958	0.001381	-0.000749	0.000264
 - 	959	0.001758	-0.000485	0.000300
 - 	960	-0.012789	0.003695	0.000550
 - 	961	-0.011004	0.002482	0.000462
 - 	962	-0.007926	0.001079	0.000530
 - 	963	-0.004173	-0.000153	0.000740
 - 	964	-0.000691	-0.000715	0.001004
 - 	965	0.002203	-0.000590	0.001303
 - 	966	0.004513	0.000131	0.001673
 - 	967	0.006985	0.000956	0.002054
 - 	968	0.009679	0.001841	0.002519
 - 	969	0.011363	0.002817	0.002983
 - 	970	0.012239	0.003577	0.003372
 - 	971	0.013520	0.004056	0.003758
 - 	972	0.015425	0.004923	0.004273
 - 	973	0.017448	0.006912	0.004961
 - 	974	0.019858	0.009602	0.005904
 - 	975	0.022787	0.012010	0.006982
 - 	976	0.025770	0.013944	0.007909
 - 	977	0.028107	0.015778	0.008557
 - 	978	0.030092	0.017269	0.009213
 - 	979	0.031789	0.018018	0.009786
 - 	980	0.033214	0.018444	0.010158
 - 	981	0.034535	0.019062	0.010460
 - 	982	0.035764	0.019595	0.010764
 - 	983	0.036961	0.019695	0.011009
 - 	984	0.037922	0.019983	0.011267
 - 	985	0.038573	0.020696	0.011430
 - 	986	0.039132	0.021473	0.011558
 - 	987	0.039740	0.022177	0.011660
 - 	988	0.040376	0.022775	0.011697
 - 	989	0.040639	0.023100	0.011671
 - 	990	0.040843	0.023553	0.011672
 - 	991	0.041276	0.024172	0.011536
 - 	992	0.041517	0.024464	0.011277
 - 	993	0.041446	0.024410	0.011026
 - 	994	0.041268	0.024536	0.010854
 - 	995	0.040782	0.024696	0.010718
 - 	996	0.040393	0.024828	0.010615
 - 	997	0.040039	0.024957	0.010509
 - 	998	0.039637	0.024983	0.010367
 - 	999	0.039135	0.024594	0.010152
 - 	1000	0.038245	0.024026	0.009883
 - 	1001	0.037285	0.023555	0.009567
 - 	1002	0.036557	0.023554	0.009316
 - 	1003	0.035608	0.023304	0.009063
 - 	1004	0.034529	0.022867	0.008825
 - 	1005	0.033406	0.022338	0.008502
 - 	1006	0.032151	0.021646	0.008120
 - 	1007	0.030944	0.021263	0.007831
 - 	1008	0.029801	0.020748	0.007499
 - 	1009	0.028811	0.020065	0.007084
 - 	1010	0.027893	0.019545	0.006722
 - 	1011	0.026937	0.019000	0.006394
 - 	1012	0.026090	0.018459	0.006117
 - 	1013	0.025240	0.018019	0.005845
 - 	1014	0.024149	0.017898	0.005561
 - 	1015	0.023291	0.017893	0.005377
 - 	1016	0.022473	0.017561	0.005215
 - 	1017	0.021500	0.017081	0.004891
 - 	1018	0.020698	0.016895	0.004581
 - 	1019	0.020185	0.016817	0.004408
 - 	1020	0.019519	0.016570	0.004114
 - 	1021	0.018526	0.015988	0.003837
 - 	1022	0.017524	0.015662	0.003539
 - 	1023	0.016965	0.015390	0.003177
 - 	1024	0.016680	0.015557	0.002984
 - 	1025	0.016391	0.015807	0.002851
 - 	1026	0.015795	0.015581	0.002707
 - 	1027	0.015226	0.015137	0.002503
 - 	1028	0.014953	0.014996	0.002259
 - 	1029	0.014690	0.014938	0.001998
 - 	1030	0.014532	0.014715	0.001738
 - 	1031	0.014228	0.014764	0.001539
 - 	1032	0.013893	0.015125	0.001386
 - 	1033	0.013871	0.015023	0.001298
 - 	1034	0.013856	0.014628	0.001219
 - 	1035	0.013563	0.014633	0.001116
 - 	1036	0.013202	0.014770	0.000920
 - 	1037	0.012996	0.014812	0.000632
 - 	1038	0.013094	0.014956	0.000415
 - 	1039	0.013175	0.015146	0.000315
 - 	1040	0.013208	0.015548	0.000374
 - 	1041	0.013228	0.015944	0.000474
 - 	1042	0.013144	0.015855	0.000460
 - 	1043	0.013288	0.015618	0.000344
 - 	1044	0.013587	0.015570	0.000140
 - 	1045	0.014075	0.015743	0.000070
 - 	1046	0.014356	0.015661	0.000096
 - 	1047	0.014450	0.015508	0.000089
 - 	1048	0.014613	0.015806	-0.000030
 - 	1049	0.014893	0.016038	-0.000133
 - 	1050	0.015255	0.015945	-0.000208
 - 	1051	0.015606	0.015788	-0.000204
 - 	1052	0.015976	0.015658	-0.000178
 - 	1053	0.016325	0.015709	-0.000237
 - 	1054	0.016613	0.015790	-0.000312
 - 	1055	0.017143	0.015968	-0.000262
 - 	1056	0.017733	0.016123	-0.000091
 - 	1057	0.018029	0.016318	0.000060
 - 	1058	0.018327	0.016780	0.000255
 - 	1059	0.018510	0.017166	0.000394
 - 	1060	0.018481	0.017338	0.000513
 - 	1061	0.018818	0.017673	0.000646
 - 	1062	0.019242	0.018084	0.000823
 - 	1063	0.019893	0.017867	0.000945
 - 	1064	0.020751	0.017444	0.000973
 - 	1065	0.021093	0.016967	0.000863
 - 	1066	0.021233	0.016923	0.001117
 - 	1067	0.021417	0.017044	0.001571
 - 	1068	0.021586	0.016880	0.001577
 - 	1069	0.021784	0.016443	0.001556
 - 	1070	0.021966	0.015775	0.001818
 - 	1071	0.022209	0.015234	0.002056
 - 	1072	0.022173	0.014920	0.002035
 - 	1073	0.022046	0.014414	0.002080
 - 	1074	0.022123	0.013590	0.002230
 - 	1075	0.022205	0.012682	0.002402
 - 	1076	0.022268	0.011736	0.002502
 - 	1077	0.022466	0.010370	0.002525
 - 	1078	0.022264	0.008720	0.002480
 - 	1079	0.021751	0.007369	0.002353
 - 	1080	0.020649	0.006263	0.002252
 - 	1081	0.019281	0.005107	0.002078
 - 	1082	0.017604	0.003919	0.001916
 - 	1083	0.015964	0.002889	0.001716
 - 	1084	0.014541	0.002199	0.001428
 - 	1085	0.013558	0.001757	0.001316
 - 	1086	0.012992	0.001325	0.001272
 - 	1087	0.012089	0.000782	0.001099
 - 	1088	0.010514	0.000353	0.000830
 - 	1089	0.008719	0.000146	0.000590
 - 	1090	0.006797	0.000180	0.000546
 - 	1091	0.000381	-0.001286	-0.001124
 - 	1092	0.000072	-0.001290	-0.001245
 - 	1093	-0.000366	-0.001243	-0.001358
 - 	1094	-0.000869	-0.001158	-0.001460
 - 	1095	-0.001356	-0.001044	-0.001537
 - 	1096	-0.001774	-0.000898	-0.001562
 - 	1097	-0.002087	-0.000724	-0.001519
 - 	1098	-0.002276	-0.000539	-0.001414
 - 	1099	-0.002310	-0.000365	-0.001255
 - 	1100	-0.002173	-0.000225	-0.001064
 - 	1101	-0.001879	-0.000136	-0.000868
 - 	1102	-0.001469	-0.000103	-0.000693
 - 	1103	-0.001017	-0.000111	-0.000553
 - 	1104	-0.000584	-0.000141	-0.000447
 - 	1105	-0.000219	-0.000173	-0.000367
 - 	1106	0.000035	-0.000196	-0.000311
 - 	1107	0.000177	-0.000209	-0.000282
 - 	1108	0.000206	-0.000205	-0.000270
 - 	1109	0.000157	-0.000188	-0.000269
 - 	1110	0.000074	-0.000157	-0.000264
 - 	1111	-0.000020	-0.000116	-0.000251
 - 	1112	-0.000084	-0.000074	-0.000228
 - 	1113	-0.000115	-0.000033	-0.000198
 - 	1114	-0.000107	0.000005	-0.000163
 - 	1115	-0.000071	0.000033	-0.000131
 - 	1116	-0.000016	0.000047	-0.000106
 - 	1117	0.000042	0.000043	-0.000095
 - 	1118	0.000063	0.000025	-0.000102
 - 	1119	0.000008	0.000005	-0.000126
 - 	1120	-0.000129	-0.000006	-0.000159
 - 	1121	-0.000342	0.000007	-0.000181
 - 	1122	-0.000587	0.000028	-0.000203
 - 	1123	-0.000836	0.000045	-0.000231
 - 	1124	-0.001063	0.000059	-0.000256
 - 	1125	-0.001269	0.000074	-0.000272
 - 	1126	-0.001454	0.000091	-0.000279
 - 	1127	-0.001623	0.000104	-0.000286
 - 	1128	-0.001762	0.000112	-0.000294
 - 	1129	-0.001878	0.000113	-0.000302
 - 	1130	-0.001975	0.000107	-0.000313
 - 	1131	-0.002057	0.000094	-0.000325
 - 	1132	-0.002128	0.000082	-0.000334
 - 	1133	-0.002192	0.000076	-0.000338
 - 	1134	-0.002254	0.000076	-0.000341
 - 	1135	-0.002306	0.000081	-0.000342
 - 	1136	-0.002346	0.000089	-0.000342
 - 	1137	-0.002373	0.000102	-0.000339
 - 	1138	-0.002392	0.000121	-0.000332
 - 	1139	-0.002404	0.000145	-0.000318
 - 	1140	-0.002408	0.000170	-0.000303
 - 	1141	-0.002414	0.000194	-0.000288
 - 	1142	-0.002430	0.000220	-0.000275
 - 	1143	-0.002458	0.000250	-0.000262
 - 	1144	-0.002508	0.000287	-0.000253
 - 	1145	-0.002578	0.000323	-0.000252
 - 	1146	-0.002665	0.000357	-0.000258
 - 	1147	-0.002767	0.000390	-0.000264
 - 	1148	-0.002891	0.000435	-0.000261
 - 	1149	-0.003049	0.000496	-0.000247
 - 	1150	-0.003264	0.000572	-0.000232
 - 	1151	-0.003548	0.000658	-0.000223
 - 	1152	-0.003906	0.000748	-0.000227
 - 	1153	-0.004325	0.000824	-0.000251
 - 	1154	-0.004794	0.000871	-0.000302
 - 	1155	-0.005307	0.000896	-0.000374
 - 	1156	-0.005857	0.000918	-0.000454
 - 	1157	-0.006439	0.000946	-0.000539
 - 	1158	-0.007050	0.000982	-0.000625
 - 	1159	-0.007696	0.001027	-0.000711
 - 	1160	-0.008382	0.001085	-0.000794
 - 	1161	-0.009103	0.001153	-0.000871
 - 	1162	-0.009853	0.001224	-0.000941
 - 	1163	-0.010632	0.001287	-0.001004
 - 	1164	-0.011427	0.001333	-0.001060
 - 	1165	-0.012207	0.001360	-0.001107
 - 	1166	-0.012915	0.001362	-0.001141
 - 	1167	-0.013490	0.001319	-0.001154
 - 	1168	-0.013853	0.001217	-0.001141
 - 	1169	-0.013922	0.001040	-0.001099
 - 	1170	-0.013647	0.000797	-0.001025
 - 	1171	-0.012998	0.000512	-0.000923
 - 	1172	-0.011965	0.000215	-0.000796
 - 	1173	-0.010575	-0.000066	-0.000652
 - 	1174	-0.008888	-0.000314	-0.000494
 - 	1175	-0.006981	-0.000518	-0.000323
 - 	1176	-0.004953	-0.000689	-0.000143
 - 	1177	-0.002954	-0.000831	0.000034
 - 	1178	-0.001149	-0.000939	0.000192
 - 	1179	0.000322	-0.000981	0.000313
 - 	1180	0.001370	-0.000914	0.000385
 - 	1181	0.001972	-0.000721	0.000402
 - 	1182	0.002154	-0.000430	0.000366
 - 	1183	0.002010	-0.000085	0.000290
 - 	1184	0.001665	0.000278	0.000193
 - 	1185	0.001235	0.000622	0.000098
 - 	1186	0.000807	0.000911	0.000017
 - 	1187	0.000408	0.001121	-0.000041
 - 	1188	0.000041	0.001242	-0.000078
 - 	1189	-0.000307	0.001273	-0.000099
 - 	1190	-0.000638	0.001204	-0.000112
 - 	1191	-0.000957	0.001044	-0.000124
 - 	1192	-0.001244	0.000836	-0.000138
 - 	1193	-0.001486	0.000633	-0.000155
 - 	1194	-0.001665	0.000468	-0.000173
 - 	1195	-0.001754	0.000347	-0.000185
 - 	1196	-0.001752	0.000274	-0.000187
 - 	1197	-0.001690	0.000225	-0.000177
 - 	1198			
 - 	1199			
 - 	1200			
 - 	1201			
 - 	1202			
 - 	1203			
 - 	1204			
 - 	1205			
 - 	1206			
 - 	1207			
 - 	1208			
 - 	1209			
 - 	1210			
 - 	1211			
 - 	1212			
 - 	1213			
 - 	1214			
 - 	1215			
 - 	1216			
 - 	1217			
 - 	1218			
 - 	1219			
 - 	1220			
 - 	1221			
 - 	1222			
 - 	1223			
 - 	1224			
 - 	1225			
 - 	1226			
 - 	1227			
 - 	1228			
 - 	1229			
 - 	1230			
 - 	1231			
 - 	1232			
 - 	1233			
 - 	1234			
 - 	1235			
 - 	1236			
 - 	1237			
 - 	1238			
 - 	1239			
 - 	1240			
 - 	1241			
 - 	1242			
 - 	1243			
 - 	1244			
 - 	1245			
 - 	1246			
 - 	1247			
 - 	1248			
 - 	1249			
 - 	1250			
 - 	1251			
 - 	1252			
 - 	1253			
 - 	1254			
 - 	1255			
 - 	1256			
 - 	1257			
 - 	1258			
 - 	1259			
 - 	1260			
 - 	1261			
 - 	1262			
 - 	1263			
 - 	1264			
 - 	1265			
 - 	1266			
 - 	1267			
 - 	1268			
 - 	1269			
 - 	1270			
 - 	1271			
 - 	1272			
 - 	1273			
 - 	1274			
 - 	1275			
 - 	1276			
 - 	1277			
 - 	1278			
 - 	1279			
 - 	1280			
 - 	1281			
 - 	1282			
 - 	1283			
 - 	1284			
 - 	1285			
 - 	1286			
 - 	1287			
 - 	1288			
 - 	1289			
 - 	1290			
 - 	1291			
 - 	1292			
 - 	1293			
 - 	1294			
 - 	1295			
 - 	1296			
 - 	1297			
 - 	1298			
 - 	1299			
 - 	1300			
 - 	1301			
 - 	1302			
 - 	1303			
 - 	1304			
 - 	1305			
 - 	1306			
 - 	1307			
 - 	1308			
 - 	1309			
 - 	1310			
 - 	1311			
 - 	1312			
 - 	1313			
 - 	1314			
 - 	1315			
 - 	1316			
 - 	1317			
 - 	1318			
 - 	1319			
 - 	1320			
 - 	1321			
 - 	1322			
 - 	1323			
 - 	1324			
 - 	1325			
 - 	1326			
 - 	1327			
 - 	1328			
 - 	1329			
 - 	1330			
 - 	1331			
 - 	1332			
 - 	1333			
 - 	1334			
 - 	1335			
 - 	1336			
 - 	1337			
 - 	1338			
 - 	1339			
 - 	1340			
 - 	1341			
 - 	1342			
 - 	1343			
 - 	1344			
 - 	1345			
 - 	1346			
 - 	1347			
 - 	1348			
 - 	1349			
 - 	1350			
 - 	1351			
 - 	1352			
 - 	1353			
 - 	1354			
 - 	1355			
 - 	1356			
 - 	1357			
 - 	1358			
 - 	1359			
 - 	1360			
 - 	1361			
 - 	1362			
 - 	1363			
 - 	1364			
 - 	1365			
 - 	1366			
 - 	1367			
 - 	1368			
 - 	1369			
 - 	1370			
 - 	1371			
 - 	1372			
 - 	1373			
 - 	1374			
 - 	1375			
 - 	1376			
 - 	1377			
 - 	1378			
 - 	1379			
 - 	1380			
 - 	1381			
 - 	1382			
 - 	1383			
 - 	1384			
 - 	1385			
 - 	1386			
 - 	1387			
 - 	1388			
 - 	1389			
 - 	1390			
 - 	1391			
 - 	1392			
 - 	1393			
 - 	1394			
 - 	1395			
 - 	1396			
 - 	1397			
 - 	1398			
 - 	1399			
 - 	1400			
 - 	1401			
 - 	1402			
 - 	1403			
 - 	1404			
 - 	1405			
 - 	1406			
 - 	1407			
 - 	1408			
 - 	1409			
 - 	1410			
 - 	1411			
 - 	1412			
 - 	1413			
 - 	1414			
 - 	1415			
 - 	1416			
 - 	1417			
 - 	1418			
 - 	1419			
 - 	1420			
 - 	1421			
 - 	1422			
 - 	1423			
 - 	1424			
 - 	1425			
 - 	1426			
 - 	1427			
 - 	1428			
 - 	1429			
 - 	1430			
 - 	1431			
 - 	1432			
 - 	1433			
 - 	1434			
 - 	1435			
 - 	1436			
 - 	1437			
 - 	1438			
 - 	1439			
 - 	1440			
 - 	1441			
 - 	1442			
 - 	1443			
 - 	1444			
 - 	1445			
 - 	1446			
 - 	1447			
 - 	1448			
 - 	1449			
 - 	1450			
 - 	1451			
 - 	1452			
 - 	1453			
 - 	1454			
 - 	1455			
 - 	1456			
 - 	1457			
 - 	1458			
 - 	1459			
 - 	1460			
 - 	1461			
 - 	1462			
 - 	1463			
 - 	1464			
 - 	1465			
 - 	1466			
 - 	1467			
 - 	1468			
 - 	1469			
 - 	1470			
 - 	1471			
 - 	1472			
 - 	1473			
 - 	1474			
 - 	1475			
 - 	1476			
 - 	1477			
 - 	1478			
 - 	1479			
 - 	1480			
 - 	1481			
 - 	1482			
 - 	1483			
 - 	1484			
 - 	1485			
 - 	1486			
 - 	1487			
 - 	1488			
 - 	1489			
 - 	1490			
 - 	1491			
 - 	1492			
 - 	1493			
 - 	1494			
 - 	1495			
 - 	1496			
 - 	1497			
 - 	1498			
 - 	1499			
 - 	1500			
 - 	1501			
 - 	1502			
 - 	1503			
 - 	1504			
 - 	1505			
 - 	1506			
 - 	1507			
 - 	1508			
 - 	1509			
 - 	1510			
 - 	1511			
 - 	1512			
 - 	1513			
 - 	1514			
 - 	1515			
 - 	1516			
 - 	1517			
 - 	1518			
