RKNE_MOMENT
File	Frame	X 	Y 	Z 
Trial_11.filtered_40.c3d	1			
 - 	2			
 - 	3	0.002148	0.000211	0.000443
 - 	4	0.002146	0.000189	0.000443
 - 	5	0.002129	0.000174	0.000443
 - 	6	0.002108	0.000170	0.000443
 - 	7	0.002088	0.000175	0.000442
 - 	8	0.002090	0.000183	0.000443
 - 	9	0.002102	0.000200	0.000444
 - 	10	0.002120	0.000224	0.000444
 - 	11	0.002129	0.000249	0.000441
 - 	12	0.002128	0.000267	0.000439
 - 	13	0.002125	0.000269	0.000439
 - 	14	0.002124	0.000261	0.000442
 - 	15	0.002123	0.000251	0.000447
 - 	16	0.002120	0.000248	0.000448
 - 	17	0.002119	0.000246	0.000446
 - 	18	0.002116	0.000237	0.000443
 - 	19	0.002116	0.000220	0.000443
 - 	20	0.002121	0.000205	0.000445
 - 	21	0.002114	0.000208	0.000448
 - 	22	0.002102	0.000232	0.000450
 - 	23	0.002099	0.000264	0.000451
 - 	24	0.002099	0.000293	0.000453
 - 	25	0.002092	0.000320	0.000454
 - 	26	0.002098	0.000332	0.000456
 - 	27	0.002141	0.000307	0.000457
 - 	28	0.002203	0.000258	0.000456
 - 	29	0.002226	0.000225	0.000452
 - 	30	0.002204	0.000217	0.000446
 - 	31	0.002191	0.000210	0.000444
 - 	32	0.002201	0.000203	0.000445
 - 	33	0.002215	0.000214	0.000450
 - 	34	0.002183	0.000253	0.000454
 - 	35	0.002115	0.000305	0.000458
 - 	36	0.002053	0.000346	0.000458
 - 	37	0.002073	0.000350	0.000458
 - 	38	0.002157	0.000325	0.000457
 - 	39	0.002229	0.000300	0.000452
 - 	40	0.002240	0.000295	0.000449
 - 	41	0.002208	0.000301	0.000448
 - 	42	0.002159	0.000309	0.000448
 - 	43	0.002132	0.000305	0.000447
 - 	44	0.002158	0.000283	0.000447
 - 	45	0.002181	0.000265	0.000445
 - 	46	0.002149	0.000270	0.000441
 - 	47	0.002082	0.000285	0.000439
 - 	48	0.002039	0.000281	0.000440
 - 	49	0.002053	0.000258	0.000443
 - 	50	0.002081	0.000257	0.000445
 - 	51	0.002118	0.000275	0.000447
 - 	52	0.002158	0.000285	0.000449
 - 	53	0.002184	0.000275	0.000448
 - 	54	0.002184	0.000254	0.000446
 - 	55	0.002158	0.000230	0.000443
 - 	56	0.002132	0.000205	0.000441
 - 	57	0.002115	0.000183	0.000441
 - 	58	0.002113	0.000175	0.000441
 - 	59	0.002116	0.000185	0.000440
 - 	60	0.002104	0.000210	0.000441
 - 	61	0.002085	0.000234	0.000442
 - 	62	0.002081	0.000251	0.000442
 - 	63	0.002117	0.000255	0.000442
 - 	64	0.002186	0.000244	0.000441
 - 	65	0.002223	0.000236	0.000439
 - 	66	0.002172	0.000254	0.000435
 - 	67	0.002074	0.000283	0.000432
 - 	68	0.002028	0.000288	0.000433
 - 	69	0.002049	0.000263	0.000434
 - 	70	0.002120	0.000226	0.000437
 - 	71	0.002162	0.000212	0.000438
 - 	72	0.002146	0.000227	0.000438
 - 	73	0.002120	0.000245	0.000437
 - 	74	0.002147	0.000240	0.000439
 - 	75	0.002196	0.000230	0.000443
 - 	76	0.002210	0.000240	0.000447
 - 	77	0.002193	0.000261	0.000451
 - 	78	0.002161	0.000274	0.000453
 - 	79	0.002141	0.000267	0.000457
 - 	80	0.002136	0.000250	0.000459
 - 	81	0.002143	0.000233	0.000463
 - 	82	0.002118	0.000233	0.000465
 - 	83	0.002043	0.000255	0.000464
 - 	84	0.002013	0.000268	0.000464
 - 	85	0.002079	0.000259	0.000466
 - 	86	0.002237	0.000229	0.000469
 - 	87	0.002435	0.000192	0.000474
 - 	88	0.002622	0.000157	0.000481
 - 	89	0.002753	0.000130	0.000489
 - 	90	0.002835	0.000017	0.000491
 - 	91	0.002535	0.001094	0.000616
 - 	92	0.002669	-0.000743	0.000444
 - 	93	0.002144	0.000416	0.000572
 - 	94	0.001985	0.000390	0.000557
 - 	95	0.001936	0.000404	0.000554
 - 	96	0.001975	0.000382	0.000551
 - 	97	0.002015	0.000348	0.000542
 - 	98	0.002018	0.000314	0.000529
 - 	99	0.001977	0.000286	0.000514
 - 	100	0.001901	0.000267	0.000500
 - 	101	0.001803	0.000268	0.000488
 - 	102	0.001694	0.000295	0.000478
 - 	103	0.001583	0.000341	0.000468
 - 	104	0.001461	0.000394	0.000459
 - 	105	0.001324	0.000439	0.000450
 - 	106	0.001189	0.000463	0.000444
 - 	107	0.001055	0.000477	0.000438
 - 	108	0.000946	0.000492	0.000430
 - 	109	0.000899	0.000513	0.000419
 - 	110	0.000951	0.000549	0.000418
 - 	111	0.001031	0.000602	0.000429
 - 	112	0.000996	0.000651	0.000435
 - 	113	0.000775	0.000691	0.000421
 - 	114	0.000538	0.000733	0.000404
 - 	115	0.000440	0.000787	0.000403
 - 	116	0.000454	0.000835	0.000406
 - 	117	0.000454	0.000836	0.000394
 - 	118	0.000359	0.000779	0.000361
 - 	119	0.000172	0.000686	0.000308
 - 	120	-0.000003	0.000580	0.000246
 - 	121	-0.000091	0.000472	0.000182
 - 	122	-0.000128	0.000354	0.000111
 - 	123	-0.000173	0.000218	0.000028
 - 	124	-0.000241	0.000066	-0.000059
 - 	125	-0.000323	-0.000073	-0.000135
 - 	126	-0.000430	-0.000152	-0.000187
 - 	127	-0.000566	-0.000143	-0.000207
 - 	128	-0.000713	-0.000045	-0.000196
 - 	129	-0.000830	0.000122	-0.000160
 - 	130	-0.000849	0.000322	-0.000107
 - 	131	-0.000747	0.000503	-0.000044
 - 	132	-0.000570	0.000618	0.000013
 - 	133	-0.000379	0.000639	0.000054
 - 	134	-0.000204	0.000573	0.000075
 - 	135	-0.000069	0.000446	0.000074
 - 	136	0.000010	0.000299	0.000048
 - 	137	0.000036	0.000152	0.000004
 - 	138	0.000021	-0.000012	-0.000047
 - 	139	-0.000025	-0.000214	-0.000099
 - 	140	-0.000094	-0.000428	-0.000144
 - 	141	-0.000187	-0.000591	-0.000175
 - 	142	-0.000305	-0.000653	-0.000190
 - 	143	-0.000426	-0.000620	-0.000192
 - 	144	-0.000521	-0.000547	-0.000187
 - 	145	-0.000576	-0.000498	-0.000184
 - 	146	-0.000592	-0.000517	-0.000187
 - 	147	-0.000578	-0.000599	-0.000192
 - 	148	-0.000552	-0.000704	-0.000198
 - 	149	-0.000522	-0.000783	-0.000197
 - 	150	-0.000488	-0.000813	-0.000188
 - 	151	-0.000475	-0.000781	-0.000176
 - 	152	-0.000477	-0.000698	-0.000164
 - 	153	-0.000480	-0.000595	-0.000154
 - 	154	-0.000493	-0.000495	-0.000147
 - 	155	-0.000499	-0.000404	-0.000138
 - 	156	-0.000511	-0.000315	-0.000129
 - 	157	-0.000513	-0.000226	-0.000118
 - 	158	-0.000512	-0.000122	-0.000110
 - 	159	-0.000513	0.000008	-0.000106
 - 	160	-0.000531	0.000140	-0.000107
 - 	161	-0.000576	0.000229	-0.000113
 - 	162	-0.000669	0.000252	-0.000131
 - 	163	-0.000796	0.000226	-0.000159
 - 	164	-0.000913	0.000199	-0.000186
 - 	165	-0.000997	0.000196	-0.000205
 - 	166	-0.001056	0.000215	-0.000219
 - 	167	-0.001085	0.000254	-0.000227
 - 	168	-0.001092	0.000310	-0.000231
 - 	169	-0.001106	0.000347	-0.000233
 - 	170	-0.001167	0.000322	-0.000242
 - 	171	-0.001272	0.000246	-0.000262
 - 	172	-0.001381	0.000164	-0.000289
 - 	173	-0.001463	0.000109	-0.000318
 - 	174	-0.001530	0.000071	-0.000351
 - 	175	-0.001610	0.000018	-0.000390
 - 	176	-0.001704	-0.000073	-0.000428
 - 	177	-0.001793	-0.000178	-0.000462
 - 	178	-0.001864	-0.000249	-0.000490
 - 	179	-0.001935	-0.000276	-0.000516
 - 	180	-0.002021	-0.000272	-0.000542
 - 	181	-0.002095	-0.000232	-0.000554
 - 	182	-0.002144	-0.000135	-0.000549
 - 	183	-0.002179	0.000031	-0.000533
 - 	184	-0.002200	0.000270	-0.000509
 - 	185	-0.002205	0.000584	-0.000472
 - 	186	-0.002186	0.000946	-0.000422
 - 	187	-0.002116	0.001316	-0.000352
 - 	188	-0.001951	0.001647	-0.000252
 - 	189	-0.001679	0.001887	-0.000125
 - 	190	-0.001299	0.001994	0.000020
 - 	191	-0.000794	0.001940	0.000173
 - 	192	-0.000197	0.001713	0.000316
 - 	193	0.000364	0.001324	0.000406
 - 	194	0.000716	0.000821	0.000393
 - 	195	0.000731	0.000306	0.000253
 - 	196	0.000338	-0.000090	0.000005
 - 	197	-0.000439	-0.000286	-0.000306
 - 	198	-0.001453	-0.000294	-0.000631
 - 	199	-0.002447	-0.000186	-0.000921
 - 	200	-0.003107	-0.000050	-0.001135
 - 	201	-0.003215	0.000057	-0.001237
 - 	202	-0.002735	0.000084	-0.001229
 - 	203	-0.001873	-0.000012	-0.001150
 - 	204	-0.000980	-0.000221	-0.001044
 - 	205	-0.000215	-0.000483	-0.000899
 - 	206	0.000541	-0.000734	-0.000661
 - 	207	0.001358	-0.000950	-0.000346
 - 	208	0.002065	-0.001119	-0.000055
 - 	209	0.002501	-0.001223	0.000135
 - 	210	0.002653	-0.001262	0.000217
 - 	211	0.002513	-0.001244	0.000215
 - 	212	0.002119	-0.001182	0.000166
 - 	213	0.001655	-0.001082	0.000120
 - 	214	0.001278	-0.000939	0.000113
 - 	215	0.001012	-0.000743	0.000149
 - 	216	0.000804	-0.000495	0.000217
 - 	217	0.000583	-0.000209	0.000300
 - 	218	0.000311	0.000081	0.000368
 - 	219	-0.000001	0.000335	0.000392
 - 	220	-0.000330	0.000526	0.000362
 - 	221	-0.000662	0.000661	0.000306
 - 	222	-0.001003	0.000762	0.000262
 - 	223	-0.001359	0.000847	0.000239
 - 	224	-0.001720	0.000917	0.000226
 - 	225	-0.002076	0.000982	0.000210
 - 	226	-0.002425	0.001044	0.000170
 - 	227	-0.002791	0.001108	0.000083
 - 	228	-0.003199	0.001185	-0.000058
 - 	229	-0.003673	0.001288	-0.000253
 - 	230	-0.004251	0.001419	-0.000506
 - 	231	-0.004892	0.001533	-0.000809
 - 	232	-0.005538	0.001544	-0.001138
 - 	233	-0.006269	0.001419	-0.001471
 - 	234	-0.007229	0.001242	-0.001791
 - 	235	-0.008410	0.001136	-0.002085
 - 	236	-0.009676	0.001194	-0.002346
 - 	237	-0.010854	0.001453	-0.002559
 - 	238	-0.011739	0.001884	-0.002701
 - 	239	-0.012103	0.002382	-0.002740
 - 	240	-0.011752	0.002843	-0.002655
 - 	241	-0.010492	0.003230	-0.002422
 - 	242	-0.008188	0.003556	-0.002014
 - 	243	-0.004987	0.003816	-0.001418
 - 	244	-0.001534	0.003951	-0.000687
 - 	245	0.001131	0.003901	0.000004
 - 	246	-0.011205	-0.000666	-0.003091
 - 	247	-0.013535	-0.003756	-0.004308
 - 	248	-0.005747	-0.006337	-0.003009
 - 	249	0.000981	-0.007364	-0.001597
 - 	250	0.001940	-0.007435	-0.001423
 - 	251	0.001144	-0.006898	-0.001593
 - 	252	0.003053	-0.004742	-0.000849
 - 	253	0.008258	-0.001981	0.001134
 - 	254	0.011169	-0.000985	0.002460
 - 	255	0.012531	0.000211	0.003633
 - 	256	0.014275	0.002699	0.005264
 - 	257	0.016505	0.004269	0.006899
 - 	258	0.016838	0.004165	0.007478
 - 	259	0.016930	0.003778	0.007785
 - 	260	0.017069	0.004128	0.008159
 - 	261	0.017979	0.005036	0.008882
 - 	262	0.018893	0.006310	0.009453
 - 	263	0.019551	0.007649	0.009918
 - 	264	0.019285	0.009078	0.010034
 - 	265	0.019031	0.010169	0.010199
 - 	266	0.019066	0.010789	0.010305
 - 	267	0.018959	0.010527	0.010055
 - 	268	0.018179	0.009984	0.009603
 - 	269	0.017513	0.009662	0.009287
 - 	270	0.017620	0.009412	0.008972
 - 	271	0.017779	0.009033	0.008580
 - 	272	0.017885	0.008949	0.008067
 - 	273	0.018428	0.008837	0.007950
 - 	274	0.018360	0.008912	0.007593
 - 	275	0.017858	0.008804	0.007033
 - 	276	0.016617	0.008893	0.006286
 - 	277	0.015290	0.008731	0.005761
 - 	278	0.014330	0.008811	0.005220
 - 	279	0.013942	0.009402	0.004690
 - 	280	0.013020	0.010014	0.004032
 - 	281	0.012443	0.011073	0.003555
 - 	282	0.011188	0.011969	0.002875
 - 	283	0.009929	0.012548	0.002258
 - 	284	0.009121	0.012704	0.001529
 - 	285	0.008303	0.012737	0.000952
 - 	286	0.007408	0.012085	0.000351
 - 	287	0.007073	0.011237	-0.000032
 - 	288	0.006879	0.010581	-0.000455
 - 	289	0.006424	0.010651	-0.000731
 - 	290	0.006194	0.010779	-0.000927
 - 	291	0.006229	0.011226	-0.001129
 - 	292	0.006402	0.011529	-0.001293
 - 	293	0.006945	0.012758	-0.001258
 - 	294	0.007543	0.013499	-0.001251
 - 	295	0.007991	0.013877	-0.001309
 - 	296	0.008483	0.013731	-0.001341
 - 	297	0.009122	0.013398	-0.001221
 - 	298	0.009438	0.012669	-0.001236
 - 	299	0.009651	0.012301	-0.001331
 - 	300	0.010182	0.012374	-0.001396
 - 	301	0.010575	0.012756	-0.001363
 - 	302	0.010764	0.012994	-0.001389
 - 	303	0.011076	0.013366	-0.001425
 - 	304	0.010980	0.013338	-0.001513
 - 	305	0.011376	0.013429	-0.001447
 - 	306	0.011796	0.013570	-0.001478
 - 	307	0.012542	0.013674	-0.001407
 - 	308	0.013351	0.013698	-0.001389
 - 	309	0.014336	0.013747	-0.001249
 - 	310	0.014870	0.013541	-0.001324
 - 	311	0.015477	0.012925	-0.001362
 - 	312	0.015851	0.012104	-0.001420
 - 	313	0.015951	0.011587	-0.001529
 - 	314	0.015694	0.011065	-0.001625
 - 	315	0.015234	0.009979	-0.001495
 - 	316	0.014954	0.008338	-0.001246
 - 	317	0.014365	0.006336	-0.000797
 - 	318	0.013744	0.004019	-0.000343
 - 	319	0.013269	0.002589	0.000148
 - 	320	0.012997	0.001142	0.000520
 - 	321	0.012671	-0.000128	0.000865
 - 	322	0.012112	-0.001895	0.001075
 - 	323	0.011172	-0.003206	0.000906
 - 	324	0.010177	-0.004172	0.000635
 - 	325	0.008481	-0.003825	0.000439
 - 	326	0.006292	-0.003141	0.000044
 - 	327	0.005504	-0.002616	0.000124
 - 	328	-0.003663	0.000362	-0.000778
 - 	329	-0.004422	0.000464	-0.000916
 - 	330	-0.005139	0.000634	-0.001000
 - 	331	-0.005518	0.000801	-0.001038
 - 	332	-0.005174	0.000890	-0.001017
 - 	333	-0.004149	0.000899	-0.000932
 - 	334	-0.002865	0.000858	-0.000802
 - 	335	-0.001591	0.000748	-0.000648
 - 	336	-0.000443	0.000559	-0.000487
 - 	337	0.000437	0.000346	-0.000307
 - 	338	0.000955	0.000169	-0.000085
 - 	339	0.000971	0.000058	0.000158
 - 	340	0.000314	0.000036	0.000355
 - 	341	-0.000780	0.000101	0.000482
 - 	342	-0.001676	0.000199	0.000573
 - 	343	-0.002010	0.000280	0.000646
 - 	344	-0.001927	0.000331	0.000682
 - 	345	-0.001738	0.000376	0.000678
 - 	346	-0.001655	0.000461	0.000652
 - 	347	-0.001730	0.000600	0.000613
 - 	348	-0.001939	0.000787	0.000567
 - 	349	-0.002263	0.001022	0.000538
 - 	350	-0.002660	0.001301	0.000552
 - 	351	-0.003073	0.001581	0.000584
 - 	352	-0.003488	0.001807	0.000573
 - 	353	-0.003907	0.001945	0.000482
 - 	354	-0.004282	0.001985	0.000319
 - 	355	-0.004551	0.001915	0.000100
 - 	356	-0.004713	0.001734	-0.000162
 - 	357	-0.004825	0.001451	-0.000458
 - 	358	-0.004960	0.001092	-0.000771
 - 	359	-0.005201	0.000709	-0.001078
 - 	360	-0.005688	0.000395	-0.001369
 - 	361	-0.006647	0.000267	-0.001671
 - 	362	-0.008300	0.000425	-0.002046
 - 	363	-0.010678	0.000927	-0.002543
 - 	364	-0.013342	0.001750	-0.003125
 - 	365	-0.015262	0.002805	-0.003605
 - 	366	-0.015304	0.003936	-0.003713
 - 	367	-0.013128	0.004866	-0.003277
 - 	368	-0.009482	0.005231	-0.002364
 - 	369	-0.005621	0.004856	-0.001263
 - 	370	-0.002582	0.003971	-0.000335
 - 	371	-0.000833	0.002986	0.000191
 - 	372	-0.000239	0.002126	0.000323
 - 	373	-0.000320	0.001409	0.000224
 - 	374	-0.000600	0.000858	0.000070
 - 	375	-0.000777	0.000537	-0.000034
 - 	376	-0.000729	0.000430	-0.000060
 - 	377	-0.000484	0.000441	-0.000035
 - 	378	-0.000168	0.000504	0.000004
 - 	379	0.000101	0.000583	0.000031
 - 	380	0.000294	0.000630	0.000044
 - 	381	0.000438	0.000594	0.000053
 - 	382	0.000548	0.000469	0.000064
 - 	383	0.000616	0.000293	0.000077
 - 	384	0.000637	0.000112	0.000087
 - 	385	0.000629	-0.000027	0.000093
 - 	386	0.000612	-0.000092	0.000098
 - 	387	0.000593	-0.000075	0.000102
 - 	388	0.000557	0.000012	0.000099
 - 	389	0.000484	0.000147	0.000085
 - 	390	0.000366	0.000297	0.000057
 - 	391	0.000227	0.000421	0.000022
 - 	392	0.000102	0.000496	-0.000011
 - 	393	-0.000002	0.000524	-0.000037
 - 	394	-0.000102	0.000529	-0.000058
 - 	395	-0.000213	0.000534	-0.000076
 - 	396	-0.000332	0.000542	-0.000091
 - 	397	-0.000438	0.000539	-0.000101
 - 	398	-0.000502	0.000515	-0.000105
 - 	399	-0.000509	0.000471	-0.000103
 - 	400	-0.000479	0.000424	-0.000097
 - 	401	-0.000435	0.000386	-0.000091
 - 	402	-0.000386	0.000347	-0.000084
 - 	403	-0.000337	0.000303	-0.000076
 - 	404	-0.000295	0.000266	-0.000070
 - 	405	-0.000273	0.000252	-0.000067
 - 	406	-0.000269	0.000266	-0.000068
 - 	407	-0.000276	0.000295	-0.000069
 - 	408	-0.000294	0.000331	-0.000071
 - 	409	-0.000322	0.000372	-0.000076
 - 	410	-0.000354	0.000412	-0.000083
 - 	411	-0.000381	0.000444	-0.000091
 - 	412	-0.000401	0.000461	-0.000096
 - 	413	-0.000415	0.000465	-0.000100
 - 	414	-0.000429	0.000457	-0.000101
 - 	415	-0.000444	0.000444	-0.000102
 - 	416	-0.000449	0.000423	-0.000101
 - 	417	-0.000429	0.000395	-0.000097
 - 	418	-0.000387	0.000371	-0.000090
 - 	419	-0.000336	0.000354	-0.000081
 - 	420	-0.000292	0.000343	-0.000074
 - 	421	-0.000271	0.000333	-0.000071
 - 	422	-0.000281	0.000325	-0.000073
 - 	423	-0.000308	0.000322	-0.000078
 - 	424	-0.000333	0.000326	-0.000083
 - 	425	-0.000350	0.000337	-0.000086
 - 	426	-0.000369	0.000350	-0.000089
 - 	427	-0.000392	0.000366	-0.000093
 - 	428	-0.000413	0.000380	-0.000096
 - 	429	-0.000426	0.000391	-0.000098
 - 	430	-0.000430	0.000387	-0.000098
 - 	431	-0.000422	0.000370	-0.000096
 - 	432	-0.000402	0.000352	-0.000092
 - 	433	-0.000381	0.000343	-0.000088
 - 	434	-0.000366	0.000345	-0.000085
 - 	435	-0.000354	0.000354	-0.000085
 - 	436	-0.000342	0.000365	-0.000086
 - 	437	-0.000334	0.000368	-0.000086
 - 	438	-0.000337	0.000360	-0.000086
 - 	439	-0.000351	0.000349	-0.000087
 - 	440	-0.000366	0.000343	-0.000088
 - 	441	-0.000373	0.000343	-0.000087
 - 	442	-0.000369	0.000351	-0.000085
 - 	443	-0.000356	0.000358	-0.000082
 - 	444	-0.000340	0.000357	-0.000079
 - 	445	-0.000328	0.000348	-0.000078
 - 	446	-0.000322	0.000345	-0.000079
 - 	447	-0.000313	0.000355	-0.000079
 - 	448	-0.000300	0.000368	-0.000078
 - 	449	-0.000291	0.000378	-0.000076
 - 	450	-0.000298	0.000381	-0.000077
 - 	451	-0.000324	0.000382	-0.000081
 - 	452	-0.000354	0.000379	-0.000086
 - 	453	-0.000376	0.000372	-0.000089
 - 	454	-0.000387	0.000368	-0.000090
 - 	455	-0.000391	0.000372	-0.000091
 - 	456	-0.000388	0.000382	-0.000090
 - 	457	-0.000391	0.000388	-0.000093
 - 	458	-0.000373	0.000398	-0.000089
 - 	459	-0.000352	0.000408	-0.000086
 - 	460	-0.000347	0.000410	-0.000088
 - 	461	-0.000327	0.000404	-0.000086
 - 	462	-0.000313	0.000388	-0.000083
 - 	463	-0.000310	0.000372	-0.000082
 - 	464	-0.000320	0.000359	-0.000083
 - 	465	-0.000340	0.000353	-0.000084
 - 	466	-0.000360	0.000358	-0.000084
 - 	467	-0.000367	0.000366	-0.000084
 - 	468	-0.000361	0.000368	-0.000083
 - 	469	-0.000348	0.000362	-0.000082
 - 	470	-0.000336	0.000359	-0.000081
 - 	471	-0.000327	0.000370	-0.000080
 - 	472	-0.000323	0.000396	-0.000081
 - 	473	-0.000322	0.000427	-0.000082
 - 	474	-0.000326	0.000447	-0.000084
 - 	475	-0.000336	0.000448	-0.000085
 - 	476	-0.000351	0.000433	-0.000087
 - 	477	-0.000369	0.000414	-0.000088
 - 	478	-0.000385	0.000406	-0.000090
 - 	479	-0.000391	0.000411	-0.000090
 - 	480	-0.000388	0.000421	-0.000090
 - 	481	-0.000379	0.000430	-0.000090
 - 	482			
 - 	483			
