LLACx	LLACy	LLACz	LLGYx	LLGYy	LLGYz	LMACx	LMACy	LMACz	LMGYx	LMGYy	LMGYz	RLACx	RLACy	RLACz	RLGYx	RLGYy	RLGYz	RMACx	RMACy	RMACz	RMGYx	RMGYy	RMGYz
70.00	-1050.00	390.00	11.89	-8.84	20.85	140.00	-890.00	190.00	20.67	-13.66	27.44	-20.00	-1150.00	-120.00	-11.89	-5.49	-27.62	610.00	-1260.00	230.00	41.65	-12.38	-32.56
70.00	-1010.00	310.00	-0.73	-1.89	1.52	140.00	-910.00	110.00	-2.62	3.35	-1.83	-110.00	-1020.00	-70.00	0.30	0.30	0.43	190.00	-980.00	240.00	-0.67	0.24	1.52
50.00	-1010.00	320.00	-0.55	-2.56	1.65	150.00	-910.00	110.00	-2.26	2.99	-1.40	-110.00	-1020.00	-70.00	0.18	0.85	-0.12	180.00	-990.00	240.00	-0.49	0.30	2.01
50.00	-1000.00	310.00	-0.73	-2.87	1.83	150.00	-910.00	110.00	-1.71	2.44	-0.67	-110.00	-1020.00	-70.00	0.12	1.04	-0.30	180.00	-990.00	220.00	-0.30	0.18	2.56
40.00	-1010.00	310.00	-0.91	-2.93	2.01	140.00	-910.00	110.00	-1.52	2.07	-0.12	-100.00	-1030.00	-70.00	-0.12	1.46	-0.06	180.00	-990.00	220.00	0.00	0.12	2.80
50.00	-1000.00	310.00	-0.91	-2.93	2.20	150.00	-910.00	110.00	-1.77	2.01	0.24	-100.00	-1030.00	-60.00	-0.43	1.71	0.30	170.00	-990.00	230.00	0.18	-0.18	2.68
50.00	-1010.00	310.00	-0.79	-2.80	2.38	150.00	-910.00	110.00	-1.95	1.95	0.43	-110.00	-1020.00	-70.00	-1.16	2.44	0.73	180.00	-990.00	230.00	0.37	-0.67	2.13
40.00	-1010.00	310.00	-0.55	-2.93	2.50	150.00	-910.00	110.00	-1.95	1.83	0.61	-110.00	-1020.00	-80.00	-2.13	3.66	1.34	180.00	-990.00	230.00	0.67	-1.10	1.77
50.00	-1010.00	310.00	-0.24	-2.93	2.68	150.00	-910.00	110.00	-1.83	1.46	0.91	-120.00	-1020.00	-70.00	-3.23	4.76	1.77	180.00	-990.00	230.00	0.98	-1.28	1.46
50.00	-1010.00	310.00	-0.06	-2.87	2.80	150.00	-910.00	110.00	-0.49	0.12	2.26	-120.00	-1020.00	-70.00	-4.15	5.79	1.83	180.00	-980.00	240.00	0.91	-1.59	1.16
50.00	-1010.00	310.00	-0.12	-2.07	3.29	150.00	-910.00	110.00	-0.30	-0.06	2.44	-110.00	-1020.00	-80.00	-4.45	6.28	1.77	170.00	-980.00	240.00	0.67	-1.59	0.91
50.00	-1010.00	320.00	-0.30	-1.04	3.60	150.00	-910.00	100.00	-0.30	-0.06	2.44	-120.00	-1020.00	-70.00	-4.70	6.77	1.52	170.00	-980.00	240.00	0.00	-1.34	0.73
60.00	-1010.00	320.00	-0.12	-0.79	3.48	150.00	-910.00	110.00	-0.24	-0.12	2.93	-110.00	-1020.00	-70.00	-4.70	7.13	1.22	170.00	-980.00	230.00	0.00	-1.34	0.73
60.00	-1010.00	310.00	-0.12	-0.79	3.48	150.00	-910.00	100.00	-0.24	-0.12	2.93	-110.00	-1020.00	-70.00	-4.15	7.07	1.16	170.00	-990.00	230.00	-0.30	-1.22	0.73
60.00	-1010.00	310.00	0.00	-0.67	3.23	150.00	-910.00	110.00	-0.24	-0.12	2.93	-110.00	-1020.00	-60.00	-3.84	7.01	1.16	170.00	-990.00	220.00	-1.16	-1.16	0.79
50.00	-1010.00	310.00	0.12	-0.67	3.05	150.00	-910.00	100.00	-0.24	-0.18	3.11	-110.00	-1020.00	-60.00	-3.84	7.13	1.10	170.00	-990.00	220.00	-1.16	-1.16	0.79
60.00	-1010.00	310.00	0.12	-0.67	3.05	150.00	-910.00	100.00	-0.12	-0.24	3.17	-110.00	-1020.00	-70.00	-3.54	7.13	1.04	180.00	-990.00	220.00	-1.16	-1.16	0.79
60.00	-1010.00	310.00	0.37	-0.79	2.80	150.00	-910.00	100.00	-0.12	-0.24	3.17	-110.00	-1020.00	-70.00	-3.29	6.95	1.10	170.00	-990.00	220.00	-1.34	-0.79	0.79
50.00	-1010.00	310.00	0.37	-0.85	2.74	150.00	-910.00	100.00	-0.12	-0.24	3.17	-120.00	-1020.00	-80.00	-3.17	6.95	1.22	170.00	-990.00	220.00	-1.34	-0.79	0.79
60.00	-1000.00	310.00	0.37	-0.85	2.74	150.00	-910.00	110.00	-0.18	-0.30	3.05	-120.00	-1020.00	-80.00	-2.87	6.59	1.28	180.00	-990.00	220.00	-1.34	-0.79	0.79
60.00	-1000.00	310.00	0.37	-0.85	2.74	150.00	-910.00	110.00	0.06	-0.37	3.05	-120.00	-1020.00	-90.00	-2.32	5.98	1.40	180.00	-990.00	220.00	-1.52	-0.79	0.85
60.00	-1010.00	300.00	0.24	-0.85	2.20	150.00	-910.00	100.00	0.06	-0.37	3.05	-120.00	-1020.00	-90.00	-1.83	5.61	1.40	180.00	-990.00	220.00	-1.59	-0.67	0.91
60.00	-1010.00	300.00	0.12	-0.85	2.07	150.00	-910.00	110.00	0.49	-0.73	3.05	-120.00	-1020.00	-80.00	-1.52	4.88	1.34	180.00	-990.00	230.00	-1.59	-0.67	0.91
60.00	-1010.00	310.00	0.12	-0.85	2.07	150.00	-910.00	110.00	0.85	-0.91	3.11	-120.00	-1020.00	-90.00	-1.34	3.84	1.28	170.00	-990.00	220.00	-1.59	-0.67	0.91
50.00	-1010.00	310.00	0.24	-0.79	2.01	150.00	-910.00	110.00	0.85	-0.91	3.11	-120.00	-1020.00	-80.00	-1.22	3.05	1.22	170.00	-990.00	220.00	-1.71	-0.37	1.10
60.00	-1010.00	310.00	0.24	-0.79	2.01	150.00	-910.00	110.00	0.85	-0.91	3.11	-110.00	-1020.00	-80.00	-1.16	2.26	1.04	180.00	-990.00	220.00	-1.71	-0.37	1.10
50.00	-1010.00	310.00	0.43	-0.91	1.83	150.00	-910.00	100.00	1.16	-1.10	3.11	-110.00	-1020.00	-90.00	-1.04	1.40	0.98	170.00	-990.00	230.00	-1.71	-0.37	1.10
50.00	-1010.00	300.00	0.55	-1.10	1.71	150.00	-910.00	100.00	0.98	-1.10	2.93	-110.00	-1020.00	-80.00	-0.85	0.85	0.91	170.00	-990.00	230.00	-1.65	-0.18	1.16
50.00	-1010.00	300.00	0.55	-1.10	1.71	150.00	-910.00	110.00	0.98	-1.10	2.93	-110.00	-1020.00	-90.00	-0.85	1.10	0.85	170.00	-990.00	230.00	-1.65	-0.18	1.16
50.00	-1010.00	300.00	0.55	-1.04	1.46	150.00	-910.00	110.00	0.55	-0.73	2.74	-120.00	-1020.00	-80.00	-0.43	1.16	1.10	170.00	-990.00	220.00	-1.65	-0.18	1.16
40.00	-1010.00	310.00	0.67	-1.10	1.34	150.00	-910.00	110.00	0.55	-0.73	2.74	-110.00	-1020.00	-90.00	-0.43	1.16	1.10	170.00	-990.00	220.00	-1.46	-0.30	1.04
40.00	-1010.00	310.00	0.67	-1.10	1.34	150.00	-910.00	110.00	0.37	-0.55	2.44	-110.00	-1020.00	-90.00	-0.43	1.16	1.10	170.00	-990.00	220.00	-1.10	-0.18	0.79
40.00	-1010.00	310.00	0.61	-1.04	1.22	140.00	-910.00	100.00	0.18	-0.37	2.20	-120.00	-1010.00	-80.00	-0.24	1.22	1.10	180.00	-990.00	230.00	-1.10	-0.18	0.79
50.00	-1010.00	310.00	0.61	-1.04	1.22	140.00	-910.00	110.00	0.06	-0.30	2.01	-110.00	-1020.00	-90.00	0.00	1.04	1.22	180.00	-990.00	230.00	-0.98	-0.18	0.61
40.00	-1010.00	310.00	0.67	-1.10	0.98	140.00	-910.00	110.00	0.00	-0.24	1.83	-110.00	-1020.00	-90.00	0.00	1.04	1.22	180.00	-990.00	230.00	-1.04	-0.12	0.73
40.00	-1010.00	310.00	0.67	-1.10	0.98	140.00	-910.00	110.00	0.00	-0.24	1.71	-120.00	-1020.00	-90.00	0.06	0.98	1.04	170.00	-980.00	220.00	-1.04	-0.12	0.73
50.00	-1010.00	300.00	0.73	-1.10	0.91	140.00	-910.00	110.00	-0.12	-0.06	1.71	-110.00	-1020.00	-90.00	0.18	1.10	0.98	170.00	-990.00	220.00	-1.10	-0.12	0.79
50.00	-1010.00	310.00	0.73	-1.10	0.91	140.00	-910.00	110.00	-0.24	0.00	1.52	-110.00	-1020.00	-80.00	0.18	1.10	0.98	170.00	-990.00	220.00	-0.98	-0.12	0.49
50.00	-1010.00	310.00	0.79	-1.16	0.91	140.00	-910.00	110.00	-0.30	0.06	1.40	-110.00	-1020.00	-90.00	0.24	0.98	1.10	170.00	-990.00	220.00	-0.85	-0.18	0.37
50.00	-1010.00	310.00	0.79	-1.16	0.91	140.00	-910.00	110.00	-0.24	0.00	1.34	-120.00	-1020.00	-80.00	0.43	0.85	1.22	170.00	-990.00	220.00	-0.85	-0.18	0.37
40.00	-1010.00	310.00	0.55	-0.98	0.91	140.00	-910.00	100.00	-0.12	0.06	1.22	-120.00	-1020.00	-80.00	0.49	0.85	1.28	170.00	-990.00	220.00	-1.10	-0.18	0.37
40.00	-1010.00	300.00	0.55	-0.91	1.04	140.00	-910.00	110.00	-0.18	0.00	1.16	-110.00	-1020.00	-90.00	0.67	0.67	1.22	170.00	-990.00	220.00	-1.04	-0.24	0.73
40.00	-1010.00	310.00	0.55	-0.91	1.04	140.00	-910.00	110.00	-0.18	0.06	0.98	-120.00	-1020.00	-80.00	0.55	0.91	1.16	170.00	-990.00	230.00	-1.04	-0.24	0.73
40.00	-1010.00	300.00	0.43	-0.91	1.04	140.00	-910.00	100.00	-0.30	0.12	0.85	-120.00	-1020.00	-80.00	0.49	0.98	1.10	170.00	-990.00	230.00	-1.04	-0.24	0.73
40.00	-1010.00	300.00	0.43	-0.91	1.04	140.00	-910.00	110.00	-0.24	0.06	0.85	-120.00	-1020.00	-80.00	0.61	0.73	0.85	170.00	-990.00	230.00	-1.16	-0.30	1.04
40.00	-1010.00	310.00	0.30	-0.91	1.16	140.00	-910.00	110.00	-0.18	0.00	0.67	-120.00	-1010.00	-90.00	0.61	0.85	0.79	170.00	-980.00	220.00	-1.16	-0.24	1.04
40.00	-1010.00	300.00	0.30	-0.91	1.16	140.00	-910.00	110.00	-0.37	0.06	0.55	-110.00	-1020.00	-80.00	0.67	0.85	0.91	170.00	-980.00	220.00	-0.79	-0.61	0.55
40.00	-1010.00	300.00	0.30	-0.85	1.40	140.00	-910.00	110.00	-0.49	0.12	0.37	-110.00	-1020.00	-80.00	0.61	0.79	0.79	170.00	-980.00	220.00	-0.79	-0.61	0.55
40.00	-1010.00	310.00	0.30	-0.85	1.40	140.00	-910.00	110.00	-0.61	0.24	0.24	-110.00	-1020.00	-90.00	0.55	0.91	0.55	170.00	-990.00	220.00	-0.67	-0.67	0.43
40.00	-1010.00	300.00	0.12	-0.73	1.40	140.00	-910.00	100.00	-0.61	0.37	0.12	-120.00	-1020.00	-90.00	0.55	1.04	0.49	160.00	-990.00	220.00	-0.73	-0.55	0.55
40.00	-1010.00	310.00	0.37	-0.73	1.59	140.00	-910.00	110.00	-0.55	0.18	0.06	-120.00	-1020.00	-90.00	0.43	0.79	0.43	170.00	-990.00	220.00	-0.73	-0.55	0.55
40.00	-1010.00	310.00	0.37	-0.73	1.59	140.00	-910.00	110.00	-0.49	0.12	0.06	-120.00	-1010.00	-80.00	0.49	0.67	0.49	170.00	-990.00	220.00	-0.55	-0.49	0.24
50.00	-1010.00	300.00	0.49	-0.85	1.52	140.00	-910.00	110.00	-0.55	0.18	0.18	-120.00	-1020.00	-80.00	0.49	0.67	0.61	170.00	-990.00	220.00	-0.55	-0.49	0.24
40.00	-1010.00	310.00	0.49	-0.85	1.52	140.00	-910.00	110.00	-0.61	0.30	0.18	-120.00	-1020.00	-80.00	0.24	0.85	0.67	170.00	-990.00	220.00	-0.61	-0.55	0.30
40.00	-1010.00	310.00	0.43	-0.98	1.22	130.00	-910.00	110.00	-0.67	0.37	0.18	-120.00	-1020.00	-80.00	-0.55	0.79	0.18	170.00	-990.00	220.00	-0.55	-0.55	0.18
50.00	-1010.00	310.00	0.43	-0.98	1.22	140.00	-910.00	110.00	-0.67	0.18	0.24	-120.00	-1020.00	-80.00	-0.55	0.79	0.18	170.00	-990.00	220.00	-0.37	-0.43	0.06
50.00	-1010.00	310.00	0.49	-0.85	1.10	140.00	-910.00	110.00	-0.61	0.24	0.43	-120.00	-1020.00	-90.00	-0.49	0.85	0.30	160.00	-990.00	220.00	-0.43	-0.43	0.12
40.00	-1010.00	300.00	0.30	-0.98	1.40	140.00	-910.00	110.00	-0.49	0.12	0.49	-120.00	-1020.00	-80.00	-0.61	0.85	0.12	170.00	-990.00	230.00	-0.43	-0.43	0.12
40.00	-1010.00	300.00	0.30	-0.98	1.40	140.00	-910.00	110.00	-0.61	0.12	0.67	-120.00	-1010.00	-80.00	-0.61	0.85	0.12	160.00	-990.00	220.00	-0.37	-0.37	0.24
40.00	-1010.00	310.00	0.24	-0.91	1.52	140.00	-920.00	110.00	-0.43	0.12	0.73	-120.00	-1020.00	-80.00	-0.61	0.79	0.18	160.00	-990.00	220.00	-0.37	-0.37	0.24
50.00	-1000.00	310.00	0.30	-0.85	1.46	140.00	-910.00	110.00	-0.30	0.06	0.79	-120.00	-1020.00	-80.00	-0.61	0.79	0.18	170.00	-990.00	220.00	-0.43	-0.30	0.30
50.00	-1000.00	310.00	0.30	-0.85	1.46	140.00	-910.00	110.00	-0.37	0.12	0.85	-130.00	-1010.00	-90.00	-0.49	0.79	0.12	170.00	-990.00	220.00	-0.43	-0.30	0.30
50.00	-1010.00	310.00	0.49	-0.91	1.46	140.00	-910.00	110.00	-0.24	0.06	0.79	-120.00	-1020.00	-80.00	-0.49	0.79	0.12	170.00	-990.00	220.00	-0.49	-0.24	0.30
50.00	-1010.00	310.00	0.49	-0.91	1.46	140.00	-910.00	110.00	-0.18	0.00	0.67	-120.00	-1020.00	-80.00	-0.30	0.61	0.37	170.00	-990.00	220.00	-0.43	-0.37	0.30
50.00	-1010.00	300.00	0.55	-0.85	1.46	140.00	-910.00	110.00	-0.30	-0.06	0.61	-120.00	-1020.00	-80.00	0.06	0.49	0.61	170.00	-990.00	220.00	-0.43	-0.37	0.30
50.00	-1010.00	300.00	0.55	-0.85	1.46	140.00	-910.00	110.00	-0.43	0.00	0.55	-120.00	-1020.00	-90.00	0.06	0.49	0.61	160.00	-990.00	220.00	-0.61	-0.30	0.55
50.00	-1010.00	310.00	0.79	-1.10	1.40	140.00	-910.00	110.00	-0.55	0.24	0.43	-120.00	-1020.00	-80.00	0.18	0.49	0.73	160.00	-990.00	220.00	-0.61	-0.30	0.55
50.00	-1010.00	310.00	0.79	-1.04	1.28	140.00	-910.00	110.00	-0.43	0.18	0.37	-120.00	-1020.00	-80.00	0.18	0.49	0.73	160.00	-990.00	220.00	-0.49	-0.30	0.49
40.00	-1010.00	300.00	0.85	-1.04	1.16	140.00	-910.00	100.00	-0.24	0.00	0.55	-120.00	-1010.00	-80.00	0.18	0.37	0.73	160.00	-990.00	220.00	-0.49	-0.30	0.49
40.00	-1010.00	300.00	0.79	-1.10	1.04	140.00	-910.00	110.00	0.00	-0.12	0.73	-120.00	-1020.00	-90.00	0.18	0.37	0.73	160.00	-990.00	220.00	-0.73	-0.18	0.61
40.00	-1010.00	300.00	0.73	-1.10	1.04	140.00	-910.00	100.00	-0.06	-0.24	0.85	-120.00	-1020.00	-90.00	0.00	0.55	0.67	170.00	-990.00	220.00	-0.91	-0.06	0.67
40.00	-1010.00	300.00	0.61	-1.04	0.98	140.00	-910.00	110.00	-0.24	-0.12	0.79	-120.00	-1020.00	-80.00	0.12	0.43	0.73	170.00	-990.00	220.00	-0.91	-0.06	0.67
40.00	-1010.00	300.00	0.85	-1.10	0.79	140.00	-910.00	100.00	-0.30	0.12	0.73	-120.00	-1020.00	-80.00	0.12	0.43	0.73	170.00	-990.00	230.00	-1.28	-0.06	1.10
40.00	-1000.00	310.00	1.10	-1.28	0.91	140.00	-910.00	110.00	-0.12	-0.06	0.85	-120.00	-1020.00	-80.00	0.30	0.30	0.79	170.00	-990.00	230.00	-1.40	-0.06	0.91
40.00	-1000.00	310.00	0.73	-1.04	0.79	140.00	-910.00	110.00	-0.12	-0.06	0.85	-120.00	-1020.00	-80.00	0.30	0.30	0.79	170.00	-990.00	220.00	-1.46	-0.06	0.91
40.00	-1010.00	300.00	0.73	-1.04	0.79	140.00	-910.00	100.00	-0.12	-0.06	0.85	-120.00	-1020.00	-80.00	-0.12	0.43	0.67	170.00	-990.00	220.00	-1.46	-0.06	0.91
40.00	-1010.00	310.00	0.73	-1.04	0.85	140.00	-910.00	110.00	0.00	-0.18	0.85	-120.00	-1020.00	-80.00	-0.06	0.49	0.55	170.00	-990.00	220.00	-1.10	-0.18	0.79
40.00	-1010.00	310.00	0.79	-1.04	0.85	140.00	-910.00	110.00	0.18	-0.24	0.79	-120.00	-1020.00	-80.00	-0.06	0.49	0.55	170.00	-990.00	220.00	-0.91	-0.18	0.55
40.00	-1020.00	310.00	0.79	-1.04	0.85	140.00	-910.00	110.00	0.18	-0.24	0.79	-120.00	-1020.00	-80.00	-0.06	0.37	0.37	170.00	-990.00	220.00	-0.91	-0.18	0.55
50.00	-1010.00	300.00	0.79	-1.10	0.91	140.00	-910.00	110.00	0.18	-0.24	0.79	-120.00	-1020.00	-80.00	-0.06	0.37	0.37	170.00	-990.00	220.00	-0.91	-0.18	0.55
50.00	-1010.00	300.00	0.73	-1.10	0.79	140.00	-910.00	100.00	-0.18	-0.12	0.49	-120.00	-1020.00	-90.00	0.12	0.30	0.37	170.00	-990.00	220.00	-0.85	-0.06	0.43
50.00	-1010.00	310.00	0.55	-0.98	0.85	140.00	-910.00	100.00	-0.18	-0.12	0.49	-120.00	-1020.00	-90.00	0.00	0.43	0.43	160.00	-990.00	220.00	-0.98	-0.18	0.30
50.00	-1010.00	310.00	0.55	-0.98	0.85	140.00	-910.00	100.00	-0.18	-0.12	0.49	-120.00	-1010.00	-80.00	-0.18	0.30	0.24	160.00	-990.00	220.00	-0.98	-0.18	0.30
40.00	-1010.00	300.00	0.43	-0.85	0.91	140.00	-910.00	100.00	-0.37	0.06	0.24	-120.00	-1020.00	-90.00	-0.24	0.37	0.18	160.00	-990.00	220.00	-0.79	-0.12	0.30
40.00	-1010.00	300.00	0.43	-0.79	1.04	140.00	-910.00	100.00	-0.37	0.06	0.24	-120.00	-1020.00	-90.00	-0.24	0.37	0.18	160.00	-990.00	220.00	-0.85	-0.18	0.37
50.00	-1010.00	310.00	0.30	-0.79	1.10	140.00	-910.00	100.00	-0.37	0.06	0.24	-120.00	-1010.00	-80.00	-0.24	0.37	0.18	170.00	-990.00	220.00	-0.79	-0.24	0.43
40.00	-1010.00	310.00	0.30	-0.79	1.10	140.00	-910.00	110.00	-0.37	0.06	0.24	-120.00	-1020.00	-90.00	-0.12	0.43	-0.06	170.00	-990.00	220.00	-0.79	-0.24	0.43
50.00	-1010.00	300.00	0.49	-0.85	1.28	140.00	-910.00	110.00	0.06	-0.12	0.30	-130.00	-1020.00	-90.00	-0.12	0.43	-0.06	170.00	-990.00	220.00	-0.67	-0.12	0.30
40.00	-1010.00	310.00	0.49	-0.85	1.28	140.00	-910.00	110.00	0.06	-0.12	0.30	-120.00	-1020.00	-80.00	0.06	0.43	-0.18	170.00	-990.00	230.00	-0.67	-0.12	0.30
40.00	-1010.00	310.00	0.30	-0.67	1.65	140.00	-910.00	110.00	-0.30	0.12	0.18	-120.00	-1020.00	-90.00	0.12	0.24	-0.18	160.00	-990.00	220.00	-0.85	-0.18	0.30
40.00	-1010.00	310.00	0.37	-0.61	1.71	140.00	-910.00	110.00	-0.37	0.00	0.24	-120.00	-1020.00	-80.00	0.12	0.24	-0.18	170.00	-990.00	220.00	-0.85	-0.18	0.30
40.00	-1010.00	310.00	0.37	-0.61	1.71	140.00	-910.00	110.00	-0.37	0.00	0.24	-120.00	-1020.00	-80.00	0.12	0.24	-0.18	170.00	-990.00	220.00	-1.10	0.00	0.43
40.00	-1010.00	310.00	0.37	-0.61	1.89	140.00	-910.00	110.00	-0.49	0.06	0.24	-120.00	-1020.00	-80.00	0.43	0.00	-0.06	170.00	-990.00	230.00	-1.04	0.00	0.30
50.00	-1010.00	310.00	0.43	-0.61	1.89	140.00	-910.00	100.00	-0.55	0.18	0.37	-120.00	-1020.00	-80.00	0.43	0.00	-0.06	160.00	-990.00	220.00	-1.04	0.00	0.30
50.00	-1010.00	310.00	0.43	-0.61	1.89	140.00	-910.00	100.00	-0.55	0.18	0.37	-120.00	-1020.00	-80.00	0.43	0.00	-0.06	160.00	-990.00	220.00	-1.04	0.00	0.37
40.00	-1000.00	310.00	0.49	-0.67	1.83	140.00	-910.00	100.00	-0.49	0.18	0.43	-120.00	-1020.00	-90.00	0.43	0.12	0.18	170.00	-990.00	220.00	-1.04	0.00	0.37
40.00	-1010.00	310.00	0.37	-0.61	1.83	140.00	-910.00	110.00	-0.24	0.06	0.55	-120.00	-1020.00	-90.00	0.37	0.18	0.06	170.00	-990.00	220.00	-1.04	0.06	0.30
40.00	-1010.00	310.00	0.55	-0.55	1.83	140.00	-910.00	110.00	-0.24	0.06	0.55	-120.00	-1020.00	-90.00	0.37	0.18	0.06	170.00	-1000.00	220.00	-1.04	0.06	0.30
40.00	-1010.00	310.00	0.49	-0.55	1.65	130.00	-910.00	110.00	-0.24	0.06	0.55	-120.00	-1020.00	-80.00	0.43	0.18	0.43	170.00	-1000.00	220.00	-0.98	-0.06	0.43
50.00	-1010.00	310.00	0.61	-0.55	1.71	140.00	-910.00	110.00	-0.24	0.12	0.79	-120.00	-1020.00	-80.00	0.43	0.18	0.43	160.00	-990.00	220.00	-1.04	0.06	0.30
40.00	-1010.00	300.00	0.67	-0.67	1.52	140.00	-910.00	110.00	-0.24	0.12	0.79	-120.00	-1020.00	-80.00	0.43	0.18	0.43	170.00	-990.00	220.00	-0.73	-0.12	0.06
40.00	-1010.00	300.00	0.67	-0.67	1.52	140.00	-910.00	110.00	-0.24	0.12	0.79	-130.00	-1020.00	-80.00	0.67	0.12	0.55	170.00	-990.00	220.00	-0.73	-0.12	0.06
50.00	-1010.00	300.00	0.85	-0.98	1.28	140.00	-900.00	110.00	-0.06	0.12	1.22	-130.00	-1020.00	-80.00	0.30	0.18	0.61	160.00	-990.00	230.00	-0.67	-0.06	0.00
40.00	-1010.00	310.00	0.43	-0.91	1.52	140.00	-900.00	110.00	-0.06	0.12	1.22	-130.00	-1020.00	-80.00	0.30	0.18	0.61	160.00	-990.00	220.00	-0.67	-0.18	-0.24
50.00	-1010.00	310.00	0.43	-0.91	1.52	140.00	-900.00	110.00	-0.06	0.12	1.22	-120.00	-1020.00	-80.00	0.00	0.43	0.61	170.00	-990.00	220.00	-0.49	-0.18	-0.18
50.00	-1010.00	310.00	0.30	-0.61	1.59	140.00	-910.00	100.00	-0.18	0.06	1.22	-120.00	-1020.00	-80.00	0.00	0.43	0.61	170.00	-990.00	220.00	-0.49	-0.18	-0.18
50.00	-1010.00	310.00	0.30	-0.61	1.59	140.00	-910.00	110.00	-0.06	0.00	1.28	-120.00	-1020.00	-80.00	0.12	0.49	0.43	160.00	-990.00	230.00	-0.24	0.06	-0.43
50.00	-1010.00	310.00	0.55	-0.85	1.40	140.00	-910.00	110.00	-0.06	0.06	1.40	-120.00	-1020.00	-80.00	0.00	0.49	-0.06	160.00	-990.00	220.00	-0.06	-0.06	-0.24
40.00	-1010.00	310.00	0.37	-0.55	1.77	140.00	-910.00	110.00	-0.06	0.06	1.22	-120.00	-1020.00	-80.00	0.00	0.49	-0.06	160.00	-990.00	220.00	-0.06	-0.06	-0.24
40.00	-1010.00	310.00	0.37	-0.55	1.77	140.00	-910.00	110.00	-0.06	0.06	1.22	-120.00	-1020.00	-80.00	-0.12	0.43	-0.12	160.00	-990.00	220.00	-0.37	-0.79	0.61
40.00	-1010.00	310.00	0.37	-0.55	1.77	140.00	-910.00	110.00	-0.06	0.06	1.22	-120.00	-1020.00	-80.00	-0.18	0.43	-0.12	170.00	-990.00	220.00	-0.37	-0.79	0.61
40.00	-1010.00	310.00	0.98	-0.73	0.67	140.00	-910.00	110.00	-0.30	0.18	1.16	-120.00	-1010.00	-80.00	-0.18	0.43	-0.12	160.00	-990.00	220.00	-0.37	-0.79	0.61
40.00	-1010.00	310.00	0.98	-0.67	0.61	140.00	-910.00	110.00	-0.24	0.24	0.91	-120.00	-1010.00	-80.00	-0.24	0.43	-0.18	160.00	-990.00	220.00	-0.30	-1.22	0.43
50.00	-1010.00	310.00	0.98	-0.67	0.61	140.00	-910.00	110.00	-0.12	0.12	0.98	-120.00	-1010.00	-80.00	-0.12	0.37	-0.12	160.00	-990.00	220.00	-0.43	-0.98	0.55
50.00	-1010.00	310.00	0.85	-0.67	0.55	140.00	-910.00	100.00	-0.24	0.12	0.98	-120.00	-1020.00	-90.00	-0.12	0.37	-0.12	170.00	-1000.00	220.00	-0.55	-0.61	0.73
50.00	-1010.00	300.00	0.67	-0.55	0.49	140.00	-910.00	110.00	-0.06	0.00	0.79	-130.00	-1020.00	-80.00	0.24	0.24	0.06	170.00	-990.00	220.00	-0.55	-0.61	0.73
40.00	-1010.00	300.00	0.67	-0.55	0.49	140.00	-910.00	110.00	-0.37	0.18	0.43	-130.00	-1020.00	-80.00	0.37	0.18	0.12	160.00	-990.00	220.00	-0.06	0.85	-1.34
40.00	-1010.00	310.00	0.49	-0.55	0.37	140.00	-910.00	110.00	-0.37	0.18	0.43	-130.00	-1020.00	-80.00	0.18	0.30	-0.06	170.00	-990.00	220.00	-0.06	0.85	-1.34
40.00	-1010.00	310.00	0.30	-0.18	0.37	140.00	-910.00	110.00	-0.24	0.18	0.43	-120.00	-1010.00	-80.00	0.24	0.30	-0.18	160.00	-990.00	230.00	0.00	0.67	-1.52
40.00	-1010.00	310.00	0.43	0.00	0.30	140.00	-910.00	110.00	-0.24	0.06	0.61	-120.00	-1020.00	-80.00	0.18	0.37	-0.30	160.00	-990.00	230.00	0.12	0.73	-1.59
40.00	-1010.00	310.00	0.43	0.00	0.30	140.00	-910.00	110.00	-0.43	0.18	0.79	-120.00	-1020.00	-80.00	0.18	0.37	-0.30	170.00	-990.00	220.00	0.12	0.73	-1.65
40.00	-1010.00	300.00	0.55	-0.12	0.24	140.00	-910.00	110.00	-0.43	0.18	0.79	-120.00	-1020.00	-80.00	0.18	0.30	-0.43	160.00	-990.00	220.00	0.12	0.73	-1.65
40.00	-1010.00	310.00	0.67	-0.30	0.18	140.00	-910.00	110.00	-0.30	0.18	1.10	-120.00	-1020.00	-80.00	0.79	0.12	-0.73	170.00	-990.00	220.00	-0.18	0.61	-1.59
50.00	-1010.00	310.00	0.67	-0.30	0.18	140.00	-910.00	110.00	-0.18	0.24	0.98	-120.00	-1020.00	-80.00	0.79	0.12	-0.73	170.00	-990.00	220.00	-0.18	0.55	-1.40
40.00	-1010.00	300.00	0.67	-0.37	0.43	140.00	-910.00	110.00	-0.18	0.24	0.98	-120.00	-1020.00	-80.00	0.79	0.12	-0.73	170.00	-990.00	220.00	-0.18	0.55	-1.40
40.00	-1010.00	300.00	0.79	-0.30	0.49	140.00	-910.00	110.00	-1.04	0.79	-0.67	-130.00	-1020.00	-80.00	1.16	0.06	-0.79	160.00	-990.00	220.00	-0.24	0.43	-1.40
40.00	-1010.00	300.00	0.85	-0.55	0.67	140.00	-910.00	100.00	-0.85	0.73	-0.61	-130.00	-1020.00	-80.00	1.16	0.06	-0.79	170.00	-990.00	220.00	-0.24	0.43	-1.40
40.00	-1020.00	300.00	0.85	-0.55	0.67	140.00	-910.00	100.00	-0.73	0.61	-0.55	-130.00	-1020.00	-80.00	0.85	0.18	-0.73	160.00	-990.00	220.00	-0.30	0.30	-1.22
40.00	-1010.00	300.00	0.98	-0.85	0.79	140.00	-910.00	110.00	-0.67	0.61	-0.37	-130.00	-1020.00	-80.00	0.67	0.12	-0.61	160.00	-990.00	220.00	-0.24	0.30	-0.91
40.00	-1010.00	310.00	1.04	-1.04	0.73	140.00	-920.00	110.00	-0.67	0.61	-0.37	-130.00	-1020.00	-80.00	0.67	0.12	-0.61	170.00	-990.00	230.00	-0.24	0.30	-0.91
40.00	-1010.00	310.00	1.10	-1.59	0.37	140.00	-910.00	110.00	-0.24	0.18	0.00	-130.00	-1020.00	-80.00	0.67	0.18	-0.61	170.00	-990.00	220.00	-0.30	0.30	-0.85
40.00	-1010.00	310.00	1.04	-1.95	-0.37	140.00	-910.00	110.00	-0.06	0.12	0.12	-130.00	-1010.00	-80.00	0.67	0.06	-0.43	170.00	-990.00	220.00	-0.30	0.30	-0.85
40.00	-1010.00	310.00	0.61	-2.32	-0.91	140.00	-910.00	110.00	-0.06	0.12	0.12	-120.00	-1020.00	-80.00	0.49	0.18	-0.43	170.00	-990.00	230.00	0.12	0.24	-0.91
40.00	-1010.00	310.00	0.61	-2.32	-0.91	140.00	-910.00	110.00	0.00	-0.12	0.24	-120.00	-1020.00	-80.00	0.43	0.18	-0.55	170.00	-990.00	230.00	0.24	0.37	-0.85
40.00	-1010.00	310.00	0.43	-2.50	-1.04	130.00	-910.00	110.00	0.18	-0.30	0.12	-130.00	-1020.00	-80.00	0.43	0.18	-0.55	170.00	-990.00	220.00	0.24	0.37	-0.85
40.00	-1010.00	310.00	0.43	-2.50	-1.04	130.00	-910.00	110.00	0.18	-0.43	-0.06	-120.00	-1020.00	-80.00	0.18	0.30	-0.61	170.00	-990.00	220.00	0.67	0.18	-0.91
40.00	-1010.00	310.00	0.37	-2.26	-0.73	140.00	-910.00	110.00	-0.18	-0.49	-0.61	-120.00	-1020.00	-80.00	0.18	0.30	-0.61	170.00	-990.00	220.00	1.16	0.79	-1.65
40.00	-1010.00	310.00	0.37	-2.26	-0.73	140.00	-910.00	110.00	-0.30	-0.73	-1.28	-120.00	-1020.00	-80.00	-0.06	0.30	-0.67	170.00	-990.00	220.00	1.16	0.79	-1.65
40.00	-1010.00	310.00	0.79	-1.46	0.24	140.00	-910.00	100.00	-0.30	-0.73	-1.28	-120.00	-1020.00	-80.00	0.18	0.24	-0.79	170.00	-990.00	220.00	1.16	1.46	-1.16
40.00	-1010.00	310.00	0.55	-1.22	0.12	140.00	-910.00	110.00	-0.18	-0.85	-1.52	-120.00	-1020.00	-80.00	0.18	0.24	-0.79	170.00	-990.00	220.00	0.79	1.46	-0.61
40.00	-1010.00	310.00	0.55	-1.22	0.12	140.00	-910.00	110.00	-0.37	-0.73	-1.59	-120.00	-1020.00	-80.00	0.24	0.12	-0.79	170.00	-990.00	220.00	0.49	1.28	-0.24
40.00	-1010.00	310.00	0.55	-1.04	0.12	140.00	-910.00	100.00	-0.37	-0.73	-1.59	-120.00	-1020.00	-80.00	0.24	0.12	-0.79	180.00	-990.00	230.00	0.49	1.28	-0.24
40.00	-1010.00	310.00	0.55	-1.04	0.12	140.00	-910.00	100.00	-0.43	-0.61	-1.40	-120.00	-1020.00	-80.00	0.49	0.12	-1.10	180.00	-990.00	230.00	-0.24	0.55	0.30
40.00	-1010.00	310.00	-0.06	-0.43	0.06	140.00	-910.00	110.00	-0.49	-0.67	-1.52	-130.00	-1020.00	-70.00	0.24	0.18	-1.34	170.00	-990.00	230.00	-0.67	0.12	0.79
40.00	-1010.00	300.00	-0.18	-0.06	0.06	140.00	-910.00	110.00	-0.55	-0.55	-1.40	-120.00	-1020.00	-80.00	0.24	0.18	-1.34	170.00	-990.00	220.00	-0.67	0.12	0.79
40.00	-1010.00	310.00	-0.12	0.30	0.24	140.00	-910.00	100.00	-0.55	-0.55	-1.40	-120.00	-1020.00	-80.00	0.18	0.18	-1.28	170.00	-990.00	220.00	-0.67	0.12	0.79
40.00	-1010.00	310.00	-0.12	0.30	0.24	140.00	-910.00	100.00	-0.06	-0.98	-0.85	-130.00	-1020.00	-80.00	0.24	0.24	-1.22	170.00	-990.00	220.00	-0.73	-0.18	1.59
40.00	-1010.00	310.00	-0.30	0.55	0.73	140.00	-910.00	110.00	-0.06	-0.98	-0.85	-130.00	-1020.00	-80.00	0.24	0.24	-1.22	180.00	-990.00	230.00	-1.04	-0.06	2.01
40.00	-1010.00	310.00	-0.30	0.55	0.73	140.00	-910.00	110.00	0.06	-0.98	-0.55	-120.00	-1020.00	-80.00	0.24	0.18	-1.10	170.00	-980.00	230.00	-0.91	-0.43	2.32
40.00	-1010.00	310.00	-0.43	0.61	0.73	140.00	-910.00	110.00	0.06	-0.98	-0.55	-120.00	-1020.00	-80.00	0.30	0.18	-0.67	170.00	-980.00	230.00	-0.91	-0.43	2.32
50.00	-1010.00	310.00	-0.55	0.67	0.79	140.00	-910.00	110.00	0.18	-0.91	-0.18	-120.00	-1020.00	-80.00	0.30	0.18	-0.67	170.00	-980.00	230.00	-0.91	-0.43	2.32
50.00	-1010.00	310.00	-0.73	0.85	0.91	140.00	-910.00	110.00	0.18	-0.79	-0.12	-120.00	-1020.00	-80.00	0.18	0.18	-0.49	180.00	-990.00	230.00	-0.61	-1.40	2.68
50.00	-1010.00	310.00	-0.73	0.85	0.91	140.00	-910.00	110.00	0.18	-0.79	-0.12	-120.00	-1020.00	-70.00	0.18	0.18	-0.49	170.00	-990.00	240.00	-0.43	-1.83	2.74
50.00	-1010.00	310.00	-0.91	0.85	0.98	140.00	-910.00	110.00	0.12	-0.79	-0.18	-130.00	-1020.00	-80.00	0.61	-0.12	0.37	170.00	-990.00	240.00	0.06	-2.62	2.99
50.00	-1010.00	310.00	-0.24	0.85	1.52	140.00	-910.00	100.00	0.12	-0.79	-0.18	-130.00	-1020.00	-80.00	0.61	-0.12	0.37	180.00	-980.00	240.00	0.12	-2.80	3.23
50.00	-1010.00	310.00	-0.24	0.85	1.52	140.00	-910.00	100.00	0.12	-0.67	-0.18	-120.00	-1020.00	-80.00	0.06	0.00	0.85	170.00	-990.00	230.00	0.37	-2.80	3.23
50.00	-1010.00	310.00	0.49	0.61	2.07	140.00	-910.00	110.00	0.12	-0.67	-0.18	-120.00	-1020.00	-80.00	-0.24	0.06	0.85	170.00	-990.00	230.00	0.79	-2.87	2.50
50.00	-1010.00	310.00	0.67	0.61	2.20	140.00	-910.00	100.00	-0.30	-0.18	-0.61	-120.00	-1020.00	-80.00	-0.24	0.06	0.85	170.00	-990.00	230.00	0.73	-2.20	2.07
50.00	-1010.00	310.00	0.91	0.67	2.56	140.00	-910.00	110.00	-0.61	-0.06	-0.79	-120.00	-1020.00	-80.00	-0.37	0.06	0.98	170.00	-990.00	230.00	1.10	-2.07	1.65
50.00	-1010.00	310.00	1.28	0.61	2.99	140.00	-910.00	100.00	-0.61	-0.06	-0.79	-120.00	-1020.00	-70.00	-0.49	0.06	1.04	170.00	-990.00	220.00	1.10	-2.07	1.65
50.00	-1010.00	310.00	1.28	0.61	2.99	140.00	-910.00	100.00	-0.98	0.43	-0.91	-120.00	-1020.00	-80.00	-0.49	0.00	0.98	170.00	-990.00	230.00	1.40	-1.95	1.16
50.00	-1010.00	310.00	1.28	0.37	3.23	140.00	-910.00	100.00	-0.98	0.43	-0.91	-120.00	-1020.00	-80.00	-0.67	0.06	0.79	170.00	-990.00	220.00	1.83	-1.40	0.79
50.00	-1010.00	310.00	1.28	0.37	3.23	140.00	-910.00	100.00	-1.52	0.85	-1.16	-120.00	-1020.00	-80.00	-0.67	0.06	0.79	170.00	-990.00	220.00	2.62	-0.43	0.67
50.00	-1010.00	310.00	1.40	0.37	3.17	140.00	-910.00	110.00	-2.44	1.71	-1.40	-120.00	-1020.00	-80.00	-0.43	0.06	0.67	170.00	-990.00	220.00	2.62	-0.43	0.67
50.00	-1010.00	310.00	1.28	0.18	2.99	140.00	-910.00	110.00	-2.44	1.71	-1.40	-120.00	-1020.00	-80.00	-0.30	0.00	0.67	170.00	-990.00	220.00	1.04	1.95	0.00
50.00	-1010.00	310.00	0.12	0.79	2.20	140.00	-910.00	110.00	-2.50	2.20	-0.73	-120.00	-1020.00	-80.00	-0.18	0.12	0.67	160.00	-990.00	240.00	-1.77	3.54	-3.48
50.00	-1010.00	310.00	0.12	0.79	2.20	140.00	-910.00	110.00	-2.50	2.20	-0.73	-120.00	-1020.00	-70.00	-0.18	0.12	0.67	160.00	-990.00	240.00	-1.77	3.54	-3.48
50.00	-1010.00	310.00	0.61	0.73	2.32	140.00	-910.00	110.00	-2.87	2.56	-0.49	-130.00	-1020.00	-70.00	0.00	0.24	0.55	160.00	-990.00	230.00	2.44	-2.44	-8.17
50.00	-1010.00	310.00	1.16	0.12	2.38	140.00	-910.00	110.00	-2.87	2.56	-0.49	-130.00	-1020.00	-70.00	0.18	0.12	0.43	160.00	-990.00	230.00	2.44	-2.44	-8.17
50.00	-1010.00	300.00	1.71	-0.49	2.56	140.00	-910.00	110.00	-3.23	2.99	-0.61	-130.00	-1010.00	-80.00	0.18	0.12	0.43	160.00	-990.00	230.00	4.15	-3.96	-7.50
50.00	-1010.00	300.00	2.20	-0.73	2.62	150.00	-910.00	110.00	-3.23	2.99	-0.61	-130.00	-1010.00	-80.00	0.37	0.18	0.00	180.00	-1000.00	230.00	4.15	-3.96	-7.50
50.00	-1010.00	300.00	2.26	-0.85	2.74	150.00	-910.00	110.00	-3.23	3.05	-0.49	-120.00	-1020.00	-80.00	0.18	0.18	-0.37	180.00	-1000.00	230.00	4.15	-3.96	-7.50
50.00	-1010.00	300.00	2.32	-0.98	2.87	140.00	-910.00	110.00	-3.29	3.11	-0.49	-120.00	-1020.00	-80.00	-0.12	0.30	-0.79	180.00	-990.00	220.00	-6.83	1.10	2.80
50.00	-1010.00	300.00	2.32	-1.10	2.87	140.00	-910.00	110.00	-2.68	2.56	0.18	-120.00	-1020.00	-80.00	-0.61	0.55	-1.22	170.00	-990.00	220.00	-8.48	1.89	2.93
50.00	-1010.00	300.00	2.32	-1.16	2.93	140.00	-910.00	110.00	-2.68	2.56	0.18	-130.00	-1020.00	-70.00	-0.67	0.61	-1.71	170.00	-990.00	220.00	-11.10	2.80	3.72
50.00	-1010.00	310.00	2.20	-1.16	2.99	150.00	-910.00	100.00	0.06	0.67	2.07	-130.00	-1020.00	-70.00	-0.79	0.49	-2.13	160.00	-990.00	220.00	-19.51	5.18	8.41
50.00	-1010.00	310.00	2.20	-1.16	2.99	150.00	-910.00	100.00	0.30	0.61	2.07	-120.00	-1020.00	-80.00	-0.98	0.49	-2.07	160.00	-990.00	220.00	-19.51	5.18	8.41
50.00	-1010.00	310.00	2.13	-1.16	3.11	150.00	-910.00	100.00	-0.06	1.04	1.77	-120.00	-1020.00	-70.00	-0.98	0.67	-2.20	160.00	-990.00	230.00	-19.51	5.18	8.41
50.00	-1010.00	310.00	2.13	-1.22	3.11	140.00	-910.00	110.00	-0.06	1.04	1.77	-120.00	-1020.00	-70.00	-0.98	0.67	-2.20	170.00	-980.00	240.00	-31.46	6.04	21.16
50.00	-1010.00	320.00	2.20	-1.71	3.54	140.00	-910.00	110.00	-1.46	2.07	0.91	-120.00	-1020.00	-80.00	-0.98	0.67	-2.20	180.00	-980.00	250.00	-44.70	11.34	41.22
40.00	-1000.00	310.00	2.20	-1.71	3.54	150.00	-910.00	100.00	-1.46	2.07	0.91	-120.00	-1010.00	-80.00	-1.89	1.10	-2.56	180.00	-980.00	250.00	-41.10	24.57	65.43
40.00	-1010.00	300.00	2.13	3.29	2.20	150.00	-910.00	100.00	-1.59	2.01	0.85	-120.00	-1020.00	-70.00	-1.89	1.16	-2.56	170.00	-990.00	240.00	-41.10	24.57	65.43
40.00	-1010.00	300.00	1.65	8.23	0.79	150.00	-910.00	100.00	-1.59	2.01	0.85	-120.00	-1020.00	-70.00	-1.83	1.04	-2.44	170.00	-980.00	230.00	-47.32	29.70	79.57
40.00	-1020.00	300.00	1.34	9.82	0.67	140.00	-910.00	100.00	-0.73	2.07	1.10	-130.00	-1020.00	-70.00	-1.83	1.04	-2.44	170.00	-990.00	230.00	-55.73	61.10	102.56
40.00	-1010.00	300.00	1.34	9.82	0.67	150.00	-910.00	100.00	0.49	0.85	1.40	-130.00	-1020.00	-80.00	-1.83	1.04	-2.50	170.00	-990.00	220.00	-37.87	71.34	88.72
40.00	-1010.00	300.00	1.40	15.67	-0.61	150.00	-900.00	90.00	0.49	0.85	1.40	-120.00	-1020.00	-70.00	-1.77	1.10	-2.20	180.00	-1000.00	220.00	-37.87	71.34	88.72
40.00	-1010.00	310.00	1.10	15.00	-0.73	150.00	-900.00	90.00	0.85	0.61	1.59	-120.00	-1020.00	-70.00	-1.52	0.98	-2.01	180.00	-1000.00	220.00	-32.07	63.90	55.24
40.00	-1010.00	310.00	1.10	15.00	-0.73	150.00	-910.00	100.00	1.10	0.24	1.65	-120.00	-1020.00	-80.00	-1.40	1.04	-1.83	160.00	-1000.00	220.00	-8.90	47.56	21.59
40.00	-1010.00	310.00	0.98	12.99	-0.55	140.00	-910.00	100.00	1.40	-0.06	1.83	-120.00	-1010.00	-70.00	-1.40	1.04	-1.83	170.00	-1020.00	230.00	-8.90	47.56	21.59
40.00	-1010.00	310.00	0.98	12.99	-0.55	140.00	-910.00	100.00	1.40	-0.06	1.83	-120.00	-1010.00	-70.00	-1.22	0.91	-1.65	220.00	-1050.00	260.00	15.73	6.95	-22.99
40.00	-1010.00	310.00	1.04	10.85	-0.30	150.00	-910.00	100.00	1.65	-0.37	1.89	-120.00	-1020.00	-90.00	-0.79	0.67	-1.46	320.00	-1180.00	230.00	45.67	-9.21	-59.70
40.00	-1010.00	310.00	1.04	10.85	-0.30	140.00	-910.00	100.00	1.59	-0.49	2.01	-120.00	-1010.00	-80.00	-0.79	0.67	-1.46	360.00	-1310.00	220.00	58.29	-19.15	-75.67
40.00	-1010.00	310.00	1.22	11.59	-0.43	140.00	-910.00	100.00	2.56	-1.71	2.50	-110.00	-1020.00	-80.00	-0.61	0.79	-1.59	370.00	-1310.00	220.00	58.29	-19.15	-75.67
40.00	-1010.00	310.00	1.16	13.35	-0.85	150.00	-910.00	90.00	3.48	-2.74	3.35	-120.00	-1020.00	-70.00	-0.49	0.55	-1.71	110.00	-1200.00	310.00	83.90	-17.62	-113.17
40.00	-1010.00	310.00	0.43	13.72	-0.49	150.00	-910.00	90.00	4.27	-3.78	4.57	-110.00	-1020.00	-80.00	-0.49	0.55	-1.71	-170.00	-1060.00	400.00	90.43	-11.89	-127.99
40.00	-1010.00	310.00	0.43	13.72	-0.49	150.00	-910.00	100.00	4.27	-3.78	4.57	-110.00	-1020.00	-80.00	-0.43	0.12	-1.77	-170.00	-1060.00	400.00	90.43	-11.89	-127.99
40.00	-1010.00	310.00	1.89	2.32	-0.30	150.00	-910.00	90.00	4.57	-4.09	4.76	-110.00	-1020.00	-80.00	-1.04	-0.24	-2.26	-120.00	-590.00	330.00	91.22	-8.41	-131.28
40.00	-1010.00	310.00	-2.74	9.39	-0.85	150.00	-910.00	90.00	4.88	-4.51	4.88	-110.00	-1020.00	-80.00	-1.04	-0.24	-2.26	160.00	-440.00	350.00	91.22	-8.41	-131.28
30.00	-1010.00	320.00	-2.74	9.39	-0.85	150.00	-910.00	100.00	4.94	-1.59	1.10	-120.00	-1020.00	-80.00	-1.22	-0.12	-2.68	470.00	-610.00	320.00	90.73	-2.07	-129.63
30.00	-1010.00	320.00	-2.07	7.20	-0.49	150.00	-910.00	100.00	4.94	-1.59	1.10	-110.00	-1020.00	-80.00	-1.52	0.55	-3.41	470.00	-610.00	320.00	90.73	-2.07	-129.63
30.00	-1000.00	330.00	-2.87	5.67	-0.43	150.00	-910.00	100.00	5.43	-1.59	0.00	-110.00	-1020.00	-80.00	-1.52	0.55	-3.41	570.00	-470.00	400.00	87.44	-1.52	-124.94
30.00	-1000.00	330.00	-2.87	5.67	-0.43	150.00	-910.00	100.00	6.10	-0.61	-1.34	-120.00	-1020.00	-80.00	-1.34	1.10	-3.60	540.00	-550.00	350.00	84.02	-2.26	-118.60
30.00	-1010.00	320.00	-3.23	5.55	-0.24	140.00	-910.00	100.00	6.22	0.18	-2.44	-120.00	-1020.00	-80.00	-1.34	1.10	-3.60	480.00	-700.00	270.00	89.45	-8.72	-89.27
30.00	-1010.00	320.00	-3.23	5.55	-0.24	150.00	-910.00	100.00	6.22	0.18	-2.44	-120.00	-1020.00	-80.00	-0.30	1.22	-2.74	480.00	-700.00	270.00	89.45	-8.72	-89.27
30.00	-1010.00	320.00	-4.27	4.76	0.06	150.00	-910.00	100.00	5.61	0.49	-2.74	-120.00	-1020.00	-90.00	-0.30	1.22	-2.74	390.00	-850.00	200.00	98.11	-12.07	-97.56
30.00	-1010.00	330.00	-4.27	4.76	0.06	140.00	-910.00	110.00	4.63	0.79	-2.74	-120.00	-1020.00	-90.00	0.18	1.34	-2.20	350.00	-910.00	180.00	98.35	-19.27	-99.88
30.00	-1010.00	330.00	-4.27	4.76	0.06	140.00	-910.00	110.00	3.48	0.49	-2.20	-120.00	-1020.00	-80.00	0.91	0.55	-1.28	350.00	-910.00	180.00	61.10	-49.09	-67.99
30.00	-1000.00	330.00	-5.73	5.79	-0.30	130.00	-900.00	110.00	-2.44	2.07	-1.59	-110.00	-1020.00	-80.00	0.91	0.55	-1.28	250.00	-990.00	210.00	61.10	-49.09	-67.99
30.00	-1000.00	330.00	-7.07	5.85	2.38	140.00	-910.00	110.00	-2.93	2.01	-1.71	-120.00	-1020.00	-80.00	0.73	0.00	-0.85	250.00	-990.00	210.00	61.10	-49.09	-67.99
30.00	-1010.00	310.00	-7.07	5.85	2.38	140.00	-910.00	130.00	-2.32	0.79	-1.59	-120.00	-1020.00	-80.00	-0.06	0.18	-0.37	180.00	-1070.00	200.00	19.94	-33.60	-2.44
30.00	-1010.00	310.00	-7.44	5.49	2.99	140.00	-910.00	130.00	-4.27	2.80	-1.89	-110.00	-1020.00	-80.00	-0.06	0.18	-0.37	180.00	-1070.00	200.00	16.71	-33.72	28.54
50.00	-1020.00	320.00	-8.23	5.73	3.23	150.00	-910.00	140.00	-4.27	2.80	-1.89	-110.00	-1020.00	-90.00	0.37	0.06	0.30	70.00	-1330.00	140.00	16.71	-33.72	28.54
20.00	-1000.00	320.00	-8.23	5.73	3.23	130.00	-910.00	120.00	-5.12	2.74	-2.13	-110.00	-1020.00	-90.00	0.37	0.06	0.30	-80.00	-1450.00	90.00	4.70	-37.50	56.40
20.00	-1000.00	320.00	-8.84	6.10	3.23	130.00	-910.00	120.00	-5.73	2.56	-1.95	-100.00	-1020.00	-80.00	0.43	0.06	0.73	-80.00	-1450.00	90.00	-11.95	-44.45	67.62
30.00	-1010.00	320.00	-9.51	6.28	3.60	130.00	-910.00	120.00	-7.32	0.73	0.00	-100.00	-1020.00	-80.00	0.43	0.06	0.73	-260.00	-1360.00	80.00	11.71	31.10	32.26
30.00	-1010.00	320.00	-9.63	5.79	3.90	130.00	-910.00	120.00	-7.32	0.73	0.00	-110.00	-1020.00	-80.00	0.67	-0.18	1.77	-240.00	-1200.00	60.00	11.71	31.10	32.26
20.00	-1010.00	330.00	-10.91	5.91	4.88	150.00	-910.00	130.00	-7.87	0.67	0.37	-110.00	-1020.00	-80.00	0.79	-0.06	2.20	-320.00	-1110.00	60.00	11.71	31.10	32.26
20.00	-1010.00	330.00	-11.77	6.46	5.00	140.00	-900.00	90.00	-7.93	0.73	2.68	-100.00	-1020.00	-80.00	0.79	-0.06	2.20	-320.00	-1110.00	60.00	5.98	-4.70	27.20
20.00	-1000.00	330.00	-12.38	6.71	5.30	140.00	-900.00	90.00	-7.93	0.73	2.68	-110.00	-1030.00	-80.00	1.10	-0.06	2.99	-320.00	-1110.00	60.00	3.41	-10.49	24.88
30.00	-1010.00	320.00	-12.56	6.59	5.91	120.00	-910.00	80.00	-7.80	0.67	3.78	-110.00	-1030.00	-80.00	1.10	-0.06	2.99	-180.00	-1650.00	80.00	3.41	-10.49	24.88
30.00	-1000.00	320.00	-12.56	6.59	5.91	130.00	-910.00	110.00	-7.80	0.67	3.78	-110.00	-1020.00	-80.00	1.28	-0.18	3.29	-590.00	-670.00	110.00	-0.06	-6.34	18.66
30.00	-1000.00	320.00	-12.93	7.56	7.38	130.00	-910.00	110.00	-8.23	0.73	4.02	-110.00	-1020.00	-80.00	1.28	-0.18	3.29	-190.00	-1100.00	70.00	3.48	-8.72	17.20
30.00	-1010.00	320.00	-13.78	8.72	9.88	130.00	-900.00	120.00	-8.23	0.73	4.02	-110.00	-1020.00	-80.00	1.95	-0.49	3.66	-190.00	-1100.00	70.00	5.00	-0.91	14.82
30.00	-1010.00	310.00	-12.07	6.89	10.55	140.00	-910.00	120.00	-9.09	0.79	4.15	-110.00	-1020.00	-90.00	2.32	-0.73	3.90	590.00	-640.00	850.00	5.00	-0.91	14.82
20.00	-1010.00	300.00	-8.66	8.48	9.57	140.00	-910.00	120.00	-9.21	1.16	4.51	-110.00	-1020.00	-90.00	2.32	-0.73	3.90	-170.00	-1250.00	300.00	11.52	-8.35	14.88
20.00	-1010.00	300.00	-8.66	8.48	9.57	150.00	-910.00	130.00	-9.21	1.16	4.51	-100.00	-1020.00	-80.00	3.11	-1.16	4.15	-170.00	-1250.00	300.00	11.52	-8.35	14.88
20.00	-1000.00	310.00	-8.66	8.72	6.59	150.00	-910.00	120.00	-8.96	0.06	5.37	-100.00	-1020.00	-80.00	3.11	-1.16	4.15	200.00	-880.00	330.00	12.93	-8.41	15.79
20.00	-1010.00	310.00	-8.66	8.72	6.59	150.00	-910.00	120.00	-7.26	1.34	10.61	-110.00	-1020.00	-80.00	3.35	-1.22	4.33	170.00	-880.00	410.00	12.93	-8.41	15.79
20.00	-1010.00	310.00	-10.00	9.09	5.79	150.00	-910.00	90.00	-7.26	1.34	10.61	-110.00	-1020.00	-80.00	3.35	-1.22	4.33	190.00	-950.00	370.00	8.60	0.24	10.12
20.00	-1010.00	310.00	-10.06	9.82	6.22	140.00	-910.00	90.00	-9.51	2.87	5.85	-110.00	-1020.00	-80.00	3.96	-1.89	4.45	160.00	-930.00	380.00	8.60	0.24	10.12
20.00	-1010.00	310.00	-8.90	8.05	5.79	150.00	-910.00	100.00	-12.38	4.88	2.93	-110.00	-1020.00	-90.00	4.27	-2.01	4.33	230.00	-950.00	390.00	4.88	0.85	10.12
20.00	-1010.00	290.00	-8.90	8.05	5.79	150.00	-910.00	100.00	-12.38	4.88	2.93	-110.00	-1020.00	-90.00	4.27	-2.01	4.33	230.00	-950.00	390.00	2.74	0.91	9.70
20.00	-1010.00	290.00	-7.32	7.38	5.49	150.00	-910.00	100.00	-12.50	4.57	2.44	-110.00	-1020.00	-80.00	4.70	-2.56	3.78	220.00	-950.00	320.00	2.74	0.91	9.70
20.00	-1020.00	270.00	-6.34	7.13	5.79	150.00	-920.00	110.00	-12.50	4.57	2.44	-110.00	-1020.00	-80.00	4.63	-2.50	3.54	200.00	-950.00	330.00	1.16	1.71	9.45
10.00	-1020.00	290.00	-6.34	7.13	5.79	150.00	-920.00	110.00	-10.91	2.01	2.93	-110.00	-1020.00	-90.00	4.63	-2.50	3.54	200.00	-950.00	330.00	-1.83	2.32	8.96
20.00	-1020.00	310.00	-3.90	4.27	6.46	140.00	-910.00	80.00	-7.99	0.49	4.27	-110.00	-1020.00	-90.00	4.63	-2.50	3.54	210.00	-920.00	390.00	-1.83	2.32	8.96
20.00	-1020.00	310.00	-3.90	4.27	6.46	140.00	-910.00	90.00	-7.99	0.49	4.27	-110.00	-1020.00	-80.00	4.51	-2.44	3.17	220.00	-920.00	430.00	-4.57	1.16	8.96
10.00	-1020.00	270.00	-2.68	2.56	6.59	140.00	-910.00	80.00	-5.91	-0.85	4.63	-110.00	-1020.00	-80.00	4.02	-1.83	2.74	190.00	-920.00	430.00	-5.37	0.67	8.35
10.00	-1020.00	280.00	-2.68	2.56	6.59	130.00	-910.00	50.00	-2.44	-2.56	5.73	-110.00	-1020.00	-80.00	4.02	-1.83	2.74	190.00	-920.00	430.00	-5.49	0.98	8.60
-20.00	-1020.00	270.00	-1.10	0.91	6.71	100.00	-910.00	70.00	-2.44	-2.56	5.73	-120.00	-1020.00	-80.00	3.35	-1.46	1.46	170.00	-930.00	410.00	-4.63	0.98	7.68
-20.00	-1020.00	270.00	-1.10	0.91	6.71	100.00	-910.00	70.00	-0.06	-3.29	6.34	-120.00	-1020.00	-80.00	2.68	-1.40	0.85	170.00	-930.00	410.00	-11.22	4.15	18.17
-10.00	-1020.00	270.00	-0.91	1.04	6.95	110.00	-920.00	60.00	-0.06	-3.29	6.34	-120.00	-1020.00	-80.00	2.68	-1.40	0.85	180.00	-940.00	400.00	-11.22	4.15	18.17
-10.00	-1020.00	260.00	-0.98	0.67	7.13	120.00	-920.00	70.00	3.35	-5.12	7.13	-120.00	-1020.00	-80.00	2.68	-1.40	0.85	180.00	-940.00	400.00	-10.73	4.76	18.60
-10.00	-1040.00	240.00	-3.78	0.55	8.90	120.00	-920.00	70.00	3.35	-5.12	7.13	-120.00	-1020.00	-80.00	0.79	-11.59	-2.62	180.00	-950.00	380.00	-9.63	11.65	19.57
-10.00	-1040.00	240.00	-3.78	0.55	8.90	120.00	-930.00	50.00	4.27	-5.06	7.07	-120.00	-1020.00	-80.00	1.22	-12.44	-2.80	180.00	-950.00	380.00	-9.63	11.65	19.57
-10.00	-1040.00	240.00	0.37	-5.12	11.34	120.00	-930.00	50.00	5.12	-4.88	7.13	-120.00	-1020.00	-80.00	1.22	-12.44	-2.80	170.00	-950.00	380.00	-9.63	11.65	19.57
-10.00	-1030.00	250.00	1.65	-5.12	14.63	120.00	-930.00	50.00	11.95	-7.56	10.85	-130.00	-1020.00	-70.00	1.77	-12.80	-3.23	200.00	-950.00	390.00	-23.17	35.61	17.62
-10.00	-1030.00	250.00	1.65	-5.12	14.63	120.00	-930.00	50.00	11.95	-7.56	10.85	-130.00	-1020.00	-70.00	1.65	-10.91	-3.41	170.00	-950.00	370.00	-21.34	23.90	16.40
-10.00	-1030.00	250.00	2.56	-5.73	15.79	120.00	-930.00	50.00	14.82	-9.33	13.05	-130.00	-1020.00	-70.00	1.65	-10.91	-3.41	160.00	-960.00	370.00	-21.34	23.90	16.40
-10.00	-1040.00	240.00	3.11	-3.84	17.74	120.00	-920.00	30.00	14.82	-9.33	13.05	-130.00	-1020.00	-70.00	0.49	-6.71	-4.27	160.00	-960.00	360.00	-17.56	15.37	15.91
-10.00	-1040.00	240.00	3.11	-3.84	17.74	120.00	-920.00	30.00	19.57	-11.83	18.60	-130.00	-1010.00	-70.00	-2.32	-2.20	-4.27	150.00	-960.00	370.00	-17.99	8.60	18.17
-20.00	-1040.00	240.00	3.35	-4.15	18.96	110.00	-920.00	30.00	19.57	-11.83	18.60	-120.00	-1020.00	-70.00	-2.32	-2.20	-4.27	160.00	-970.00	350.00	-25.18	7.68	21.04
-20.00	-1030.00	250.00	3.66	-6.89	20.85	110.00	-920.00	50.00	21.22	-12.32	21.16	-120.00	-1020.00	-70.00	-2.50	-1.71	-2.87	170.00	-970.00	350.00	-25.18	7.68	21.04
-20.00	-1030.00	250.00	3.66	-6.89	20.85	110.00	-920.00	50.00	22.50	-13.60	25.43	-120.00	-1020.00	-60.00	-2.20	-1.77	-1.34	150.00	-960.00	350.00	-34.76	7.01	27.62
-30.00	-1030.00	250.00	3.66	-7.62	21.89	100.00	-920.00	50.00	22.50	-13.60	25.43	-130.00	-1020.00	-70.00	-1.83	-1.77	2.32	150.00	-960.00	350.00	-34.76	7.01	27.62
-30.00	-1030.00	250.00	4.15	-9.27	23.23	100.00	-920.00	50.00	22.50	-13.60	25.43	-130.00	-1020.00	-70.00	-1.83	-1.77	2.32	80.00	-950.00	380.00	-51.83	21.89	41.65
-30.00	-1030.00	250.00	3.84	-10.67	24.27	120.00	-920.00	60.00	22.50	-13.60	25.43	-130.00	-1010.00	-80.00	-1.83	-1.77	2.32	60.00	-950.00	340.00	-51.83	21.89	41.65
-30.00	-1030.00	250.00	3.84	-10.67	24.27	120.00	-930.00	70.00	24.21	-15.00	29.82	-130.00	-1010.00	-80.00	-5.67	3.78	2.44	60.00	-950.00	340.00	-46.89	21.71	46.83
-30.00	-1040.00	210.00	4.82	-14.57	28.29	120.00	-930.00	60.00	24.21	-15.00	29.82	-130.00	-1010.00	-70.00	-5.91	4.39	2.74	90.00	-960.00	340.00	-48.41	19.94	54.70
-30.00	-1040.00	210.00	4.82	-14.57	28.29	110.00	-930.00	40.00	26.77	-15.85	32.07	-130.00	-1010.00	-70.00	-5.91	4.39	2.74	90.00	-970.00	350.00	-60.67	33.17	95.12
-10.00	-1040.00	240.00	5.12	-17.44	29.94	110.00	-930.00	40.00	27.87	-16.59	34.88	-110.00	-1030.00	-60.00	-6.52	5.18	2.62	100.00	-990.00	340.00	-60.67	33.17	95.12
-30.00	-1040.00	230.00	10.43	-23.96	33.23	90.00	-920.00	40.00	27.87	-16.59	34.88	-100.00	-1030.00	-70.00	-7.01	5.73	2.56	100.00	-960.00	410.00	-74.51	48.11	108.78
-30.00	-1040.00	230.00	10.43	-23.96	33.23	90.00	-920.00	40.00	27.87	-16.59	34.88	-100.00	-1030.00	-50.00	-7.32	6.59	2.26	130.00	-980.00	420.00	-80.00	52.32	124.02
-30.00	-1040.00	230.00	6.52	-19.27	36.16	80.00	-920.00	40.00	29.51	-18.35	37.56	-100.00	-1040.00	-50.00	-6.83	10.73	3.90	100.00	-980.00	420.00	-80.00	52.32	124.02
-30.00	-1040.00	230.00	8.17	-22.38	38.60	80.00	-920.00	40.00	30.61	-22.32	41.59	-110.00	-1040.00	-60.00	-6.83	10.73	3.90	100.00	-980.00	420.00	-93.84	53.41	142.68
-30.00	-1040.00	240.00	9.51	-25.67	40.37	80.00	-920.00	40.00	30.61	-22.32	41.59	-110.00	-1030.00	-50.00	-4.94	11.46	6.04	220.00	-1150.00	340.00	-93.84	53.41	142.68
-30.00	-1040.00	240.00	11.40	-28.35	42.50	90.00	-940.00	80.00	30.00	-23.23	43.60	-110.00	-1030.00	-50.00	-3.41	10.91	7.26	100.00	-1100.00	230.00	-100.12	57.44	159.51
-30.00	-1050.00	240.00	11.71	-19.88	56.16	90.00	-940.00	80.00	31.22	-23.96	46.10	-120.00	-1020.00	-70.00	-3.41	10.91	7.26	180.00	-1220.00	180.00	-100.12	57.44	159.51
-20.00	-1050.00	260.00	11.71	-19.88	56.16	90.00	-950.00	90.00	33.96	-26.59	51.52	-130.00	-1020.00	-70.00	-2.68	10.73	8.29	180.00	-1220.00	180.00	-83.17	66.46	186.89
-20.00	-1050.00	260.00	14.15	-17.32	59.94	90.00	-950.00	90.00	33.96	-26.59	51.52	-130.00	-1020.00	-70.00	1.95	7.99	20.37	150.00	-1200.00	260.00	-83.17	66.46	186.89
-40.00	-1050.00	250.00	17.50	-18.90	67.07	80.00	-960.00	100.00	33.66	-27.01	52.13	-130.00	-1020.00	-70.00	1.95	7.99	20.37	100.00	-1290.00	200.00	-75.18	71.71	190.91
-30.00	-1040.00	300.00	17.50	-18.90	67.07	80.00	-960.00	100.00	33.29	-20.18	52.32	-130.00	-1020.00	-70.00	5.73	7.13	28.23	100.00	-1290.00	200.00	-17.74	44.51	87.93
-30.00	-1040.00	300.00	18.48	-19.27	70.37	90.00	-970.00	130.00	33.29	-20.18	52.32	-120.00	-1020.00	-80.00	5.43	5.49	36.83	230.00	-1320.00	230.00	-17.74	44.51	87.93
-60.00	-1050.00	240.00	20.73	-19.33	74.70	90.00	-980.00	140.00	22.50	1.95	42.32	-120.00	-1020.00	-80.00	5.43	5.49	36.83	230.00	-1320.00	230.00	-5.73	33.60	-50.00
-60.00	-1050.00	240.00	23.96	-18.54	79.76	80.00	-960.00	150.00	22.50	1.95	42.32	-120.00	-1030.00	-80.00	0.30	10.24	45.67	320.00	-1340.00	340.00	11.89	23.72	-74.02
-70.00	-1030.00	270.00	23.96	-18.54	79.76	80.00	-960.00	150.00	22.50	1.95	42.32	-120.00	-1030.00	-90.00	-31.28	22.01	56.46	320.00	-1340.00	340.00	26.40	10.43	-96.65
-90.00	-1160.00	180.00	27.44	-15.55	90.55	60.00	-960.00	120.00	16.95	3.35	38.11	-120.00	-1030.00	-90.00	-21.89	-0.18	119.88	350.00	-1500.00	310.00	26.40	10.43	-96.65
-30.00	-1070.00	250.00	30.55	-15.24	97.93	40.00	-950.00	110.00	16.65	1.65	38.78	-120.00	-1030.00	-90.00	-21.89	-0.18	119.88	130.00	-1290.00	370.00	79.76	-2.38	-149.70
-30.00	-1070.00	250.00	30.55	-15.24	97.93	0.00	-950.00	100.00	16.65	1.65	38.78	-120.00	-1030.00	-90.00	-7.07	-41.95	116.16	130.00	-1290.00	370.00	102.44	-6.59	-189.39
-40.00	-1110.00	210.00	39.27	-19.21	112.74	0.00	-950.00	100.00	17.62	0.18	40.79	-140.00	-1020.00	-110.00	-7.68	-2.01	127.87	-280.00	-1380.00	240.00	102.44	-6.59	-189.39
-40.00	-1110.00	210.00	45.67	-21.52	121.46	-10.00	-960.00	70.00	20.91	-1.22	48.35	-140.00	-1020.00	-110.00	3.54	27.68	134.63	-280.00	-1380.00	240.00	102.44	-6.59	-189.39
-50.00	-1110.00	220.00	49.94	-19.33	128.17	-0.00	-1000.00	160.00	20.91	-1.22	48.35	-110.00	-1080.00	-70.00	15.91	44.39	135.85	10.00	-920.00	330.00	128.05	0.49	-198.96
-70.00	-1120.00	260.00	54.82	-14.51	134.82	-0.00	-1000.00	160.00	23.96	-3.11	54.57	-80.00	-1090.00	-90.00	8.17	44.51	120.91	10.00	-920.00	330.00	128.05	0.49	-198.96
-90.00	-1140.00	280.00	57.32	-10.79	141.95	-10.00	-970.00	200.00	26.95	-6.16	61.28	-80.00	-1090.00	-90.00	8.17	44.51	120.91	330.00	-340.00	350.00	128.05	0.49	-198.96
-90.00	-1140.00	280.00	57.32	-10.79	141.95	-10.00	-970.00	200.00	29.88	-8.48	68.48	-50.00	-1130.00	-120.00	-9.45	45.79	104.02	440.00	-360.00	300.00	132.74	-15.00	-173.23
-130.00	-1090.00	300.00	57.80	-9.63	147.93	-30.00	-970.00	210.00	29.88	-8.48	68.48	-50.00	-1130.00	-120.00	-7.99	32.32	67.74	440.00	-360.00	300.00	119.51	-15.18	-154.63
-140.00	-1080.00	330.00	55.37	-10.43	154.33	-40.00	-960.00	260.00	34.94	-13.29	75.67	-70.00	-1240.00	-230.00	-4.39	21.52	23.78	440.00	-360.00	300.00	77.13	-39.09	-95.91
-140.00	-1080.00	330.00	48.96	-8.11	163.66	-40.00	-960.00	260.00	41.04	-15.43	84.39	-50.00	-1330.00	-120.00	-1.52	5.91	-4.21	260.00	-580.00	290.00	11.71	-35.85	-7.50
-140.00	-1050.00	360.00	48.96	-8.11	163.66	-30.00	-980.00	260.00	46.65	-11.28	92.80	-50.00	-1330.00	-120.00	6.40	12.93	-24.57	300.00	-760.00	250.00	-24.33	-52.32	71.22
-140.00	-1070.00	370.00	33.17	-4.76	186.16	-10.00	-1000.00	240.00	46.65	-11.28	92.80	-270.00	-1080.00	60.00	17.56	14.39	-58.60	300.00	-760.00	250.00	-24.33	-52.32	71.22
-140.00	-1080.00	370.00	24.63	8.54	189.33	-0.00	-990.00	230.00	47.32	-7.32	99.51	-260.00	-1020.00	140.00	17.56	14.39	-58.60	120.00	-1030.00	210.00	-55.91	61.34	36.65
-150.00	-1120.00	340.00	24.63	8.54	189.33	-0.00	-990.00	230.00	46.16	-9.70	102.93	-260.00	-1020.00	140.00	26.52	2.32	-85.00	60.00	-1180.00	190.00	-5.30	-9.63	27.32
-110.00	-1090.00	330.00	18.90	19.39	185.73	-0.00	-1000.00	200.00	46.16	-9.70	102.93	-130.00	-1070.00	220.00	36.71	-0.91	-142.07	60.00	-1180.00	190.00	-5.30	-9.63	27.32
-110.00	-1090.00	330.00	22.74	46.22	168.35	-10.00	-1000.00	200.00	35.85	-11.71	109.09	-260.00	-1250.00	200.00	36.71	-0.91	-142.07	-0.00	-1380.00	220.00	4.45	-10.67	22.13
-130.00	-1110.00	370.00	33.41	95.30	151.71	-10.00	-1000.00	200.00	22.01	-10.67	119.33	60.00	-1000.00	130.00	36.71	-0.91	-142.07	-230.00	-1520.00	170.00	4.45	-10.67	22.13
-100.00	-1190.00	390.00	33.41	95.30	151.71	30.00	-1010.00	230.00	8.60	-14.76	134.21	130.00	-660.00	150.00	37.68	10.98	-156.16	-230.00	-1350.00	-150.00	7.68	-10.12	17.13
-100.00	-1190.00	390.00	7.07	59.15	88.78	20.00	-1030.00	180.00	8.60	-14.76	134.21	500.00	-640.00	60.00	37.01	14.82	-155.30	-1000.00	-1480.00	-250.00	11.16	-7.01	17.56
-80.00	-1180.00	300.00	7.07	59.15	88.78	-0.00	-1050.00	100.00	12.26	-16.16	156.52	700.00	-640.00	-30.00	35.91	17.99	-150.98	-1000.00	-1480.00	-250.00	11.16	-7.01	17.56
-180.00	-1220.00	210.00	3.48	46.83	69.70	-0.00	-1050.00	100.00	12.26	-16.16	156.52	700.00	-640.00	-30.00	35.91	17.99	-150.98	-1160.00	-1180.00	-180.00	10.67	-7.38	17.26
-120.00	-1190.00	210.00	3.48	46.83	69.70	-20.00	-1020.00	30.00	23.35	-12.20	155.12	240.00	-550.00	-70.00	33.41	15.30	-134.21	-620.00	-1600.00	-130.00	10.67	-7.38	17.26
-120.00	-1190.00	210.00	-36.83	-6.52	-38.41	-80.00	-1070.00	90.00	29.94	44.82	133.60	670.00	-620.00	60.00	33.41	15.30	-134.21	-620.00	-1600.00	-130.00	13.78	-5.49	14.27
-160.00	-1280.00	350.00	-36.83	-6.52	-38.41	60.00	-1110.00	140.00	27.62	52.87	114.51	670.00	-620.00	60.00	33.23	9.70	-124.88	330.00	-1070.00	220.00	13.78	-5.49	14.27
-110.00	-1280.00	350.00	-36.83	-6.52	-38.41	60.00	-1110.00	140.00	35.18	26.65	83.84	600.00	-680.00	50.00	35.24	2.50	-118.72	180.00	-880.00	380.00	12.26	-2.44	13.96
-110.00	-1280.00	350.00	-21.89	-87.74	-153.48	210.00	-1250.00	110.00	21.28	14.33	84.39	470.00	-650.00	10.00	38.78	-3.54	-117.68	170.00	-960.00	320.00	10.98	-1.59	13.41
0.00	-1290.00	330.00	-35.24	-56.77	-183.54	30.00	-1270.00	150.00	21.28	14.33	84.39	270.00	-820.00	-60.00	41.22	-4.27	-120.73	260.00	-980.00	310.00	13.72	-2.07	13.17
-150.00	-1280.00	340.00	-35.24	-56.77	-183.54	30.00	-1270.00	150.00	21.28	14.33	84.39	270.00	-820.00	-60.00	41.22	-4.27	-120.73	260.00	-980.00	310.00	13.72	-2.07	13.17
-300.00	-1360.00	400.00	-39.09	-40.24	-198.41	-20.00	-1150.00	150.00	-24.39	2.44	39.33	110.00	-940.00	-130.00	39.88	4.57	-131.40	230.00	-960.00	340.00	6.83	3.35	8.11
-300.00	-1360.00	400.00	-45.43	-12.32	-222.01	-140.00	-1290.00	220.00	-13.72	-0.30	24.57	-30.00	-1080.00	-140.00	39.88	4.57	-131.40	230.00	-950.00	360.00	0.06	5.49	10.37
-120.00	-1320.00	500.00	-45.43	-12.32	-222.01	-160.00	-1170.00	240.00	-13.72	-0.30	24.57	-30.00	-1080.00	-140.00	34.45	3.84	-133.17	230.00	-950.00	360.00	0.06	5.49	10.37
-120.00	-1320.00	500.00	-46.71	-5.91	-230.37	-620.00	-1390.00	250.00	-36.34	-2.99	-22.62	-70.00	-1130.00	-120.00	19.51	-12.07	-121.28	200.00	-910.00	420.00	-4.45	7.44	10.55
-610.00	-1250.00	360.00	-46.71	-5.91	-230.37	-680.00	-1230.00	200.00	-36.34	-2.99	-22.62	-100.00	-1190.00	-120.00	19.51	-12.07	-121.28	200.00	-910.00	420.00	-7.32	8.48	9.88
-610.00	-1250.00	360.00	-41.52	-14.57	-236.71	-680.00	-1230.00	200.00	-34.94	-2.74	-41.52	-150.00	-1200.00	-130.00	12.07	-21.16	-108.29	190.00	-940.00	420.00	-8.29	12.93	2.93
-650.00	-1140.00	410.00	-41.52	-14.57	-236.71	-550.00	-1100.00	210.00	-34.94	-2.74	-41.52	-230.00	-1210.00	-140.00	12.07	-21.16	-108.29	190.00	-940.00	420.00	-8.29	12.93	2.93
-680.00	-970.00	430.00	-37.01	-26.77	-233.60	-280.00	-1070.00	230.00	-34.33	-40.55	-86.89	-230.00	-1210.00	-140.00	2.87	-29.21	-72.62	190.00	-920.00	420.00	-6.16	25.98	-2.80
-680.00	-970.00	430.00	-32.68	-40.79	-229.82	-80.00	-720.00	140.00	-35.49	-55.67	-104.39	-440.00	-1220.00	-120.00	2.87	-29.21	-72.62	190.00	-920.00	420.00	-6.52	31.22	-5.49
240.00	-620.00	160.00	-30.55	-68.60	-203.54	-80.00	-720.00	140.00	-35.49	-55.67	-104.39	-440.00	-1220.00	-120.00	1.59	-31.04	-52.68	220.00	-920.00	440.00	-6.52	31.22	-5.49
120.00	-630.00	90.00	-30.55	-68.60	-203.54	-50.00	-570.00	-90.00	-43.72	-72.38	-130.91	-540.00	-1230.00	-80.00	2.07	-31.71	-10.79	190.00	-920.00	450.00	-6.52	31.22	-5.49
120.00	-630.00	90.00	-18.72	-46.34	-178.11	-50.00	-570.00	-90.00	-43.72	-72.38	-130.91	-520.00	-1280.00	-110.00	2.07	-31.71	-10.79	190.00	-920.00	450.00	-10.67	8.72	1.40
70.00	-540.00	360.00	-0.98	93.54	-166.59	260.00	-540.00	110.00	-45.91	-71.28	-141.52	-520.00	-1280.00	-110.00	10.79	-35.37	4.15	160.00	-940.00	410.00	-8.23	5.37	2.74
10.00	-700.00	390.00	-0.98	93.54	-166.59	260.00	-540.00	110.00	-45.91	-71.28	-141.52	-520.00	-1270.00	-160.00	10.79	-35.37	4.15	160.00	-940.00	410.00	-8.23	5.37	2.74
10.00	-700.00	390.00	-0.98	93.54	-166.59	130.00	-410.00	-90.00	-58.05	-51.71	-162.56	-520.00	-1270.00	-160.00	-12.26	-54.82	43.90	190.00	-940.00	410.00	-8.23	5.37	2.74
-10.00	-770.00	380.00	-26.59	130.06	24.63	210.00	-340.00	-60.00	-66.46	-33.29	-171.95	-600.00	-1230.00	-130.00	-12.26	-54.82	43.90	170.00	-930.00	420.00	-5.79	0.49	-0.06
-10.00	-770.00	380.00	-7.32	121.95	12.74	210.00	-340.00	-60.00	-66.46	-33.29	-171.95	-600.00	-1230.00	-130.00	-2.07	-75.61	61.65	170.00	-930.00	420.00	-5.79	0.49	-0.06
-80.00	-950.00	360.00	-7.32	121.95	12.74	250.00	-360.00	50.00	-80.49	0.98	-191.22	-680.00	-1180.00	-90.00	-25.98	-119.57	66.22	170.00	-930.00	420.00	-6.83	-0.73	1.95
-80.00	-950.00	360.00	-17.68	-22.50	33.54	250.00	-360.00	50.00	-80.49	0.98	-191.22	-810.00	-1100.00	-70.00	-25.98	-119.57	66.22	210.00	-940.00	410.00	-10.12	-0.98	14.88
-160.00	-1090.00	310.00	-24.39	9.21	35.85	240.00	-370.00	80.00	-80.49	0.98	-191.22	-810.00	-1100.00	-70.00	-24.39	-117.56	67.56	210.00	-940.00	410.00	-10.12	-0.98	14.88
-340.00	-1290.00	340.00	-24.39	9.21	35.85	240.00	-370.00	80.00	-90.98	33.84	-214.63	-840.00	-1070.00	-60.00	-24.39	-117.56	67.56	160.00	-940.00	400.00	-10.61	-1.95	21.28
-410.00	-1350.00	360.00	-15.61	5.43	38.05	70.00	-440.00	130.00	-90.98	33.84	-214.63	-840.00	-1070.00	-60.00	12.26	-8.11	122.07	160.00	-930.00	390.00	-10.61	-1.95	21.28
-410.00	-1350.00	360.00	-13.23	2.74	36.34	10.00	-490.00	190.00	-80.85	15.61	-226.71	-810.00	-990.00	-70.00	-22.01	90.12	128.60	150.00	-940.00	380.00	-12.74	-0.24	23.66
-490.00	-1450.00	480.00	-13.23	2.74	36.34	10.00	-490.00	190.00	-80.85	15.61	-226.71	-810.00	-990.00	-70.00	20.73	25.91	51.22	150.00	-940.00	380.00	-15.06	1.10	24.45
-490.00	-1450.00	480.00	-10.06	2.50	35.24	-60.00	-620.00	250.00	-78.35	4.70	-225.98	-890.00	-1380.00	-120.00	20.73	25.91	51.22	150.00	-950.00	380.00	-15.06	1.10	24.45
-270.00	-1450.00	700.00	-6.28	3.29	36.16	-60.00	-620.00	250.00	-78.35	4.70	-225.98	-500.00	-1000.00	-90.00	12.99	31.59	44.82	160.00	-950.00	380.00	-15.06	1.10	24.45
-350.00	-1340.00	720.00	-3.90	5.06	37.20	-100.00	-690.00	250.00	-77.20	-14.15	-214.70	-500.00	-1000.00	-90.00	12.99	31.59	44.82	170.00	-940.00	400.00	-15.06	1.10	24.45
-1580.00	-500.00	470.00	-9.63	10.18	30.91	-100.00	-690.00	250.00	-66.71	1.71	-173.17	210.00	-1110.00	-10.00	19.94	24.39	41.59	180.00	-940.00	390.00	-27.13	2.07	33.48
-1580.00	-500.00	470.00	-9.63	10.18	30.91	-100.00	-770.00	220.00	-66.71	1.71	-173.17	210.00	-1110.00	-10.00	19.94	24.39	41.59	160.00	-960.00	380.00	-33.23	2.07	38.17
-1550.00	-1510.00	280.00	-17.38	20.67	30.12	-100.00	-770.00	220.00	-63.66	41.52	-159.70	600.00	-1370.00	410.00	26.22	10.30	41.40	160.00	-950.00	390.00	-33.23	2.07	38.17
-910.00	-820.00	140.00	-7.07	24.27	27.07	-40.00	-940.00	130.00	-53.78	139.88	-119.63	600.00	-1370.00	410.00	20.91	-2.26	36.59	150.00	-950.00	390.00	-46.71	3.66	47.44
960.00	-1270.00	630.00	5.55	5.55	13.11	-40.00	-940.00	130.00	-53.78	139.88	-119.63	1140.00	-1150.00	-370.00	20.91	-2.26	36.59	130.00	-960.00	370.00	-46.71	3.66	47.44
960.00	-1270.00	630.00	5.55	5.55	13.11	-40.00	-940.00	130.00	-34.82	150.00	-81.59	-910.00	-1310.00	-420.00	15.49	0.98	29.63	130.00	-960.00	370.00	-68.60	13.41	56.22
410.00	-1030.00	160.00	8.48	-7.50	15.49	-30.00	-1210.00	130.00	-34.82	150.00	-81.59	-910.00	-1310.00	-420.00	15.49	0.98	29.63	130.00	-960.00	400.00	-68.60	13.41	56.22
90.00	-1040.00	240.00	6.83	-7.50	16.83	-30.00	-1210.00	130.00	-11.28	66.16	27.68	-20.00	-970.00	-290.00	11.10	5.61	23.84	130.00	-960.00	400.00	-71.89	18.05	57.38
40.00	-1030.00	270.00	6.83	-7.50	16.83	-70.00	-1310.00	200.00	-11.28	66.16	27.68	-20.00	-970.00	-290.00	11.10	5.61	23.84	130.00	-960.00	400.00	-70.24	25.67	56.83
60.00	-1030.00	270.00	5.37	-6.89	18.29	-240.00	-1350.00	170.00	11.95	25.98	23.66	-50.00	-1100.00	-60.00	12.68	6.83	22.20	120.00	-980.00	390.00	-70.24	25.67	56.83
90.00	-1030.00	230.00	5.37	-6.89	18.29	-240.00	-1350.00	170.00	129.02	6.59	44.27	-50.00	-1100.00	-60.00	17.56	4.88	23.05	120.00	-980.00	390.00	-66.40	30.43	58.11
90.00	-1030.00	230.00	4.09	-8.17	21.52	-460.00	-1340.00	470.00	17.50	46.52	45.98	30.00	-990.00	-100.00	17.56	4.88	23.05	140.00	-980.00	420.00	-47.68	31.22	57.20
80.00	-1010.00	300.00	4.09	-8.17	21.52	-560.00	-1270.00	550.00	17.50	46.52	45.98	10.00	-1010.00	-80.00	20.18	0.98	24.09	140.00	-980.00	420.00	-47.68	31.22	57.20
50.00	-990.00	310.00	4.82	-10.30	22.44	-560.00	-1270.00	550.00	-14.27	-3.54	33.23	10.00	-1010.00	-80.00	20.18	0.98	24.09	110.00	-1020.00	370.00	-50.85	30.79	62.50
40.00	-1000.00	300.00	5.91	-12.07	23.66	-500.00	-1330.00	270.00	-17.07	2.01	34.27	-70.00	-1030.00	40.00	24.51	-2.74	25.85	80.00	-1050.00	300.00	-50.85	30.79	62.50
40.00	-1000.00	300.00	4.21	-13.05	25.85	-1660.00	-1350.00	290.00	-17.07	2.01	34.27	-70.00	-1030.00	40.00	24.51	-2.74	25.85	80.00	-1050.00	300.00	-52.07	34.51	73.17
40.00	-1030.00	250.00	4.21	-13.05	25.85	-1660.00	-1350.00	290.00	-23.54	9.45	33.54	-80.00	-1030.00	60.00	27.01	-2.20	25.37	130.00	-1050.00	300.00	-52.07	34.51	73.17
30.00	-1030.00	230.00	3.05	-14.51	28.72	-1050.00	-1320.00	100.00	-20.73	9.63	31.77	-80.00	-1030.00	60.00	27.01	-5.30	24.76	280.00	-1180.00	250.00	-54.39	35.98	77.44
-20.00	-1030.00	260.00	5.79	-21.46	33.66	2000.00	-720.00	-200.00	-20.73	9.63	31.77	-110.00	-1030.00	50.00	27.01	-5.30	24.76	280.00	-1180.00	250.00	-57.62	37.80	81.10
-50.00	-1030.00	230.00	7.74	-25.73	39.09	670.00	-1280.00	740.00	-17.80	6.77	30.73	-90.00	-1030.00	-10.00	18.17	-4.27	25.67	340.00	-1340.00	250.00	-65.49	43.29	85.43
-50.00	-1030.00	230.00	7.74	-25.73	39.09	670.00	-1280.00	740.00	-17.80	6.77	30.73	-90.00	-1030.00	-10.00	15.06	-4.57	26.22	340.00	-1340.00	250.00	-84.63	49.88	110.00
-70.00	-1040.00	240.00	7.74	-25.73	39.09	-150.00	-1030.00	-230.00	-18.66	7.07	29.82	-90.00	-1030.00	-10.00	15.06	-4.57	26.22	220.00	-1170.00	240.00	-95.37	51.46	125.24
-50.00	-1060.00	240.00	19.51	-30.24	51.77	-150.00	-1030.00	-230.00	-18.66	7.07	29.82	-90.00	-1030.00	-10.00	13.54	-4.27	25.12	220.00	-1170.00	240.00	-95.37	51.46	125.24
-50.00	-1060.00	240.00	23.54	-31.77	55.67	270.00	-870.00	160.00	-14.70	1.46	21.77	-100.00	-1030.00	-30.00	15.30	-4.94	23.78	170.00	-1150.00	220.00	-95.37	51.46	125.24
-50.00	-1060.00	240.00	23.54	-31.77	55.67	210.00	-870.00	40.00	-12.68	-5.12	20.79	-90.00	-1030.00	-30.00	15.30	-4.94	23.78	80.00	-1090.00	230.00	-100.18	36.71	164.15
-70.00	-1050.00	250.00	25.00	-31.59	59.88	270.00	-880.00	70.00	-12.68	-5.12	20.79	-90.00	-1030.00	-30.00	15.30	-4.94	23.78	80.00	-1090.00	230.00	-83.66	27.74	130.91
-50.00	-1060.00	260.00	25.61	-29.82	64.63	270.00	-880.00	70.00	-6.10	-13.54	22.38	-110.00	-1030.00	-0.00	16.52	-3.84	19.82	40.00	-1080.00	280.00	36.77	16.59	-106.10
-60.00	-1060.00	270.00	27.62	-26.59	70.43	280.00	-890.00	10.00	3.90	-18.48	16.89	-110.00	-1030.00	-0.00	14.70	0.12	18.35	40.00	-1080.00	280.00	44.57	-5.61	-125.24
-60.00	-1060.00	270.00	27.62	-26.59	70.43	200.00	-920.00	50.00	3.90	-18.48	16.89	-130.00	-1030.00	40.00	14.70	0.12	18.35	-0.00	-1110.00	340.00	77.56	-28.66	-155.30
-70.00	-1060.00	260.00	31.10	-20.49	86.34	220.00	-910.00	40.00	7.50	-20.30	15.55	-130.00	-1030.00	40.00	10.73	-0.85	15.91	170.00	-1240.00	320.00	135.55	-18.17	-203.35
-70.00	-1060.00	260.00	31.10	-20.49	86.34	180.00	-890.00	20.00	8.60	-18.90	15.12	-120.00	-1050.00	140.00	9.02	-1.04	16.40	160.00	-1240.00	330.00	135.55	-18.17	-203.35
-80.00	-1050.00	290.00	49.51	-22.93	122.44	180.00	-890.00	20.00	10.55	-17.62	14.94	-150.00	-1040.00	60.00	9.02	-1.04	16.40	290.00	-1270.00	310.00	135.06	-40.85	-180.30
-100.00	-1070.00	250.00	55.00	-24.15	133.78	240.00	-910.00	30.00	17.32	-15.55	21.71	-150.00	-1040.00	40.00	9.02	-1.04	16.40	290.00	-1270.00	310.00	135.06	-40.85	-180.30
-90.00	-1100.00	230.00	55.00	-24.15	133.78	180.00	-900.00	-30.00	17.32	-15.55	21.71	-150.00	-1040.00	40.00	3.72	-1.52	15.79	-290.00	-1280.00	190.00	76.52	-70.91	-56.71
-100.00	-1130.00	280.00	62.44	-20.24	151.16	180.00	-900.00	-30.00	18.66	-14.76	21.22	-150.00	-1040.00	40.00	0.79	-1.22	15.18	-330.00	-1090.00	310.00	76.52	-70.91	-56.71
-100.00	-1130.00	280.00	60.55	-10.06	162.74	190.00	-880.00	-20.00	18.90	-13.90	20.49	-160.00	-1020.00	20.00	0.79	-1.22	15.18	270.00	-320.00	330.00	54.21	-33.29	-34.33
-160.00	-1110.00	300.00	60.55	-10.06	162.74	130.00	-900.00	-30.00	18.96	-12.80	19.94	-160.00	-1030.00	20.00	-2.80	-0.91	13.60	270.00	-320.00	330.00	42.93	-9.51	-20.91
-170.00	-1080.00	310.00	42.56	10.61	189.88	170.00	-900.00	10.00	22.99	-13.60	19.39	-160.00	-1030.00	20.00	-4.21	-0.79	12.80	410.00	-520.00	250.00	42.93	-9.51	-20.91
-140.00	-1070.00	340.00	30.37	102.44	158.66	130.00	-910.00	10.00	22.99	-13.60	19.39	-170.00	-1050.00	90.00	-4.21	-0.79	12.80	420.00	-530.00	270.00	13.48	4.27	4.57
-140.00	-1100.00	360.00	30.37	102.44	158.66	130.00	-910.00	10.00	25.24	-14.33	20.55	-170.00	-1040.00	90.00	-5.30	-0.67	11.83	-70.00	-1450.00	50.00	13.48	4.27	4.57
-110.00	-1120.00	380.00	4.09	40.73	98.17	140.00	-930.00	50.00	27.56	-14.94	23.54	-170.00	-1040.00	90.00	-5.85	-0.73	10.98	-70.00	-1450.00	50.00	-3.48	-30.49	19.57
-90.00	-1120.00	370.00	4.09	40.73	98.17	110.00	-930.00	10.00	27.56	-14.94	23.54	-170.00	-1040.00	90.00	-5.85	-0.73	10.98	-220.00	-1520.00	-20.00	-3.48	-30.49	19.57
-90.00	-1120.00	370.00	-28.72	-31.77	-31.83	110.00	-920.00	20.00	26.83	-14.63	24.45	-150.00	-1050.00	90.00	-5.12	-0.12	11.04	-220.00	-1520.00	-20.00	36.59	-102.01	-29.76
-100.00	-1160.00	350.00	-23.29	-47.50	-61.28	120.00	-910.00	30.00	26.77	-15.00	25.12	-170.00	-1030.00	110.00	-4.21	0.18	10.49	-720.00	-1430.00	-30.00	36.59	-102.01	-29.76
-120.00	-1210.00	370.00	-23.29	-47.50	-61.28	110.00	-910.00	20.00	26.83	-15.67	26.52	-170.00	-1030.00	110.00	-4.21	0.18	10.49	-780.00	-1380.00	-100.00	12.99	0.00	35.91
-60.00	-1270.00	150.00	-20.55	-57.32	-77.13	100.00	-910.00	30.00	27.80	-16.77	29.09	-180.00	-1030.00	90.00	-4.21	0.18	10.49	-780.00	-1380.00	-100.00	-55.91	49.51	37.93
-50.00	-1260.00	180.00	-20.55	-57.32	-77.13	120.00	-910.00	30.00	27.80	-16.77	29.09	-180.00	-1030.00	80.00	-3.66	1.10	6.22	-810.00	-1310.00	-110.00	-8.90	10.00	10.43
-50.00	-1260.00	180.00	-26.77	-64.82	-112.74	110.00	-920.00	30.00	27.80	-16.77	29.09	-180.00	-1030.00	80.00	-3.66	1.10	6.22	-810.00	-1310.00	-110.00	-8.90	10.00	10.43
-10.00	-1230.00	570.00	-26.77	-64.82	-112.74	110.00	-920.00	30.00	34.76	-23.35	41.10	-180.00	-1030.00	80.00	-3.66	1.10	6.22	-1450.00	-1410.00	90.00	-8.90	10.00	10.43
-10.00	-1230.00	570.00	-35.37	-49.63	-159.51	110.00	-930.00	50.00	34.76	-23.35	41.10	-180.00	-1030.00	70.00	-2.93	2.07	4.63	-970.00	-850.00	-130.00	3.11	5.30	2.44
-30.00	-1220.00	580.00	-35.37	-49.63	-159.51	100.00	-920.00	30.00	37.93	-25.06	47.26	-190.00	-1020.00	80.00	-2.93	2.07	4.63	-970.00	-850.00	-130.00	3.48	2.01	-1.71
30.00	-1420.00	370.00	-39.39	-43.72	-174.09	100.00	-920.00	30.00	37.56	-26.34	50.67	-190.00	-1020.00	80.00	-2.93	2.07	4.63	-530.00	-870.00	60.00	5.67	1.95	6.77
30.00	-1420.00	370.00	-41.95	-39.82	-187.44	100.00	-920.00	60.00	35.18	-24.57	50.79	-180.00	-1030.00	70.00	-2.93	2.07	4.63	1520.00	-1210.00	470.00	5.67	1.95	6.77
-220.00	-1500.00	290.00	-44.39	-38.84	-199.39	100.00	-920.00	40.00	32.13	-23.23	50.06	-180.00	-1030.00	70.00	-1.34	4.51	5.91	1520.00	-1210.00	470.00	5.24	1.65	6.28
-980.00	-1100.00	360.00	-44.39	-38.84	-199.39	80.00	-920.00	60.00	32.01	-23.54	50.18	-180.00	-1030.00	70.00	-1.34	4.51	5.91	430.00	-1230.00	30.00	7.20	0.24	5.43
-590.00	-970.00	280.00	-47.87	-65.43	-222.56	90.00	-940.00	70.00	34.33	-20.24	51.65	-210.00	-1010.00	60.00	-1.34	4.51	5.91	-60.00	-880.00	300.00	7.20	0.24	5.43
120.00	-540.00	110.00	-47.87	-65.43	-222.56	90.00	-940.00	70.00	34.15	-18.96	51.22	-210.00	-1010.00	60.00	-1.34	8.11	10.85	170.00	-890.00	350.00	-2.44	2.68	4.15
120.00	-540.00	110.00	-47.74	-72.01	-218.90	100.00	-970.00	100.00	33.48	-16.34	50.61	-210.00	-1010.00	60.00	-1.34	8.11	10.85	170.00	-890.00	350.00	-2.44	2.68	4.15
70.00	-430.00	110.00	-45.43	-85.55	-206.04	100.00	-960.00	110.00	31.40	-10.73	48.78	-210.00	-1020.00	50.00	-1.34	8.11	10.85	270.00	-980.00	330.00	-3.17	0.00	6.40
70.00	-360.00	160.00	-45.43	-85.55	-206.04	100.00	-960.00	130.00	31.40	-10.73	48.78	-210.00	-1020.00	50.00	-1.34	8.11	10.85	150.00	-910.00	360.00	-3.17	0.00	6.40
70.00	-360.00	160.00	-44.33	-86.59	-197.38	60.00	-950.00	160.00	27.20	-1.65	43.41	-210.00	-1020.00	50.00	-1.95	5.79	15.00	210.00	-950.00	340.00	-4.70	0.67	8.29
90.00	-400.00	210.00	-44.33	-86.59	-197.38	30.00	-950.00	140.00	26.40	-1.28	42.32	-210.00	-1020.00	50.00	-1.95	5.79	15.00	200.00	-950.00	380.00	-6.04	1.95	10.12
90.00	-400.00	210.00	-38.78	-87.07	-169.39	0.00	-950.00	120.00	26.40	-1.28	42.32	-200.00	-1020.00	50.00	-0.18	-4.76	19.21	200.00	-950.00	380.00	-6.04	1.95	10.12
90.00	-440.00	240.00	-23.78	-81.34	-155.79	-20.00	-960.00	150.00	26.65	-1.28	42.26	-200.00	-1020.00	50.00	-0.18	-4.76	19.21	230.00	-940.00	370.00	-9.94	7.32	8.41
0.00	-530.00	260.00	-6.59	-33.48	-154.88	-20.00	-960.00	150.00	26.46	-2.07	42.50	-200.00	-1020.00	50.00	-0.18	-4.76	19.21	190.00	-970.00	340.00	-9.94	7.32	8.41
0.00	-530.00	260.00	3.72	162.13	-85.91	-30.00	-960.00	180.00	25.49	-1.77	43.60	-190.00	-1030.00	60.00	-1.40	-19.39	25.67	210.00	-940.00	390.00	-10.00	5.98	10.61
-60.00	-610.00	270.00	3.72	162.13	-85.91	-40.00	-990.00	160.00	25.49	-1.77	43.60	-190.00	-1030.00	60.00	-1.40	-19.39	25.67	210.00	-940.00	390.00	-13.78	-1.59	25.61
-120.00	-780.00	290.00	3.72	162.13	-85.91	-40.00	-990.00	160.00	26.71	-2.50	48.05	-190.00	-1030.00	60.00	-1.40	-19.39	25.67	200.00	-930.00	400.00	-13.78	-1.59	25.61
-120.00	-780.00	290.00	-29.45	-9.02	22.26	-70.00	-970.00	160.00	28.72	-4.27	52.32	-190.00	-1030.00	60.00	-1.40	-19.39	25.67	210.00	-920.00	410.00	-13.78	-1.59	25.61
-240.00	-1130.00	330.00	-28.66	-14.70	32.99	-50.00	-950.00	190.00	28.72	-4.27	52.32	-200.00	-1030.00	70.00	-2.50	-8.35	21.40	210.00	-920.00	410.00	-70.43	15.79	54.39
-330.00	-1290.00	410.00	-14.51	6.28	35.61	-30.00	-990.00	240.00	33.29	-8.96	59.63	-200.00	-1030.00	70.00	-2.50	-8.35	21.40	210.00	-920.00	410.00	-67.13	32.07	62.13
-330.00	-1290.00	410.00	-9.70	2.38	23.60	-30.00	-990.00	240.00	58.48	-18.72	102.13	-200.00	-1030.00	70.00	-2.50	-8.35	21.40	210.00	-950.00	360.00	-64.70	40.61	94.45
-350.00	-1350.00	430.00	-9.70	2.38	23.60	-20.00	-990.00	250.00	57.38	-18.17	108.78	-210.00	-1020.00	40.00	-3.48	1.34	16.95	200.00	-950.00	370.00	-64.70	40.61	94.45
-410.00	-1450.00	480.00	-8.78	6.46	15.98	10.00	-1000.00	270.00	57.38	-18.17	108.78	-210.00	-1020.00	40.00	-3.48	1.34	16.95	200.00	-950.00	370.00	-74.70	41.71	121.71
-410.00	-1450.00	480.00	-8.78	6.46	15.98	10.00	-1000.00	270.00	37.44	-5.43	119.15	-210.00	-1020.00	40.00	-3.48	1.34	16.95	190.00	-950.00	380.00	-72.13	41.16	147.68
-420.00	-1500.00	500.00	-9.39	10.49	17.56	20.00	-1010.00	270.00	37.44	-5.43	119.15	-210.00	-1020.00	30.00	-3.48	1.34	16.95	200.00	-960.00	370.00	-71.22	32.87	159.70
-370.00	-1500.00	540.00	-11.40	12.44	22.87	40.00	-1030.00	230.00	21.77	2.99	130.30	-210.00	-1020.00	30.00	-10.98	10.37	14.63	150.00	-960.00	360.00	-71.22	32.87	159.70
-320.00	-1540.00	530.00	-11.40	12.44	22.87	80.00	-1060.00	210.00	13.72	15.24	133.35	-210.00	-1020.00	30.00	-10.98	10.37	14.63	150.00	-960.00	360.00	-85.61	2.50	108.96
-290.00	-1320.00	730.00	-12.74	13.84	25.98	80.00	-1060.00	210.00	-0.30	34.63	146.52	-260.00	-1000.00	60.00	-10.98	10.37	14.63	100.00	-1080.00	270.00	-51.71	-11.10	73.17
-150.00	-1380.00	790.00	-18.66	15.85	36.77	100.00	-1070.00	200.00	-0.30	34.63	146.52	-260.00	-1000.00	60.00	-10.12	0.85	23.72	120.00	-1080.00	230.00	-51.71	-11.10	73.17
-980.00	-1070.00	100.00	-9.63	12.38	31.10	10.00	-1010.00	110.00	35.85	64.88	126.83	-260.00	-1000.00	60.00	-10.12	0.85	23.72	400.00	-1390.00	160.00	-5.00	-15.49	27.68
-980.00	-1070.00	100.00	-9.63	12.38	31.10	130.00	-1110.00	320.00	36.71	7.99	96.46	-270.00	-1000.00	50.00	-10.12	0.85	23.72	190.00	-1210.00	200.00	17.62	-2.99	1.16
-310.00	-1660.00	590.00	-0.79	13.11	10.61	130.00	-1110.00	320.00	36.71	7.99	96.46	-270.00	-1000.00	50.00	-10.00	0.00	20.49	130.00	-1240.00	190.00	8.11	28.54	-99.15
360.00	-1060.00	90.00	-1.04	8.35	7.07	250.00	-1240.00	300.00	-16.16	6.46	71.04	-270.00	-1000.00	50.00	-7.26	0.49	11.77	200.00	-1270.00	220.00	33.96	-3.23	-146.65
360.00	-1060.00	90.00	-1.04	8.35	7.07	200.00	-1260.00	170.00	-16.16	6.46	71.04	-270.00	-1000.00	50.00	-7.26	0.49	11.77	200.00	-1280.00	220.00	33.96	-3.23	-146.65
130.00	-970.00	350.00	-1.40	7.50	5.91	200.00	-1260.00	170.00	-18.29	-19.09	18.60	-270.00	-1020.00	60.00	-5.61	0.55	9.45	-640.00	-1200.00	190.00	50.49	-18.48	-163.23
40.00	-980.00	280.00	-1.40	7.50	5.91	40.00	-1390.00	50.00	-29.70	-30.06	-30.06	-270.00	-1020.00	60.00	-7.38	2.01	6.77	-640.00	-1200.00	190.00	69.39	-32.56	-175.98
40.00	-980.00	280.00	-2.93	5.00	4.02	50.00	-1310.00	90.00	-29.70	-30.06	-30.06	-270.00	-1020.00	60.00	-15.37	9.09	5.37	-200.00	-900.00	140.00	83.11	-43.96	-184.02
100.00	-1030.00	240.00	-2.93	5.00	4.02	-550.00	-1390.00	180.00	-33.11	-29.70	-44.51	-210.00	-1090.00	90.00	-15.37	9.09	5.37	-20.00	-810.00	230.00	83.11	-43.96	-184.02
90.00	-1030.00	260.00	-3.60	3.35	3.29	-550.00	-1390.00	180.00	-33.11	-29.70	-44.51	-210.00	-1090.00	90.00	-15.30	15.37	14.82	-20.00	-810.00	230.00	118.78	-114.09	-189.45
90.00	-1030.00	260.00	-4.15	1.34	3.17	-170.00	-920.00	160.00	-45.12	-44.51	-102.32	-210.00	-1090.00	90.00	-18.41	11.59	38.05	-250.00	-180.00	350.00	125.49	-148.35	-184.82
110.00	-1010.00	280.00	-5.49	1.16	5.49	-170.00	-920.00	160.00	-45.12	-44.51	-102.32	-230.00	-1060.00	110.00	-18.41	11.59	38.05	-250.00	-180.00	350.00	125.49	-148.35	-184.82
110.00	-1030.00	290.00	2.32	0.12	24.82	260.00	-450.00	-180.00	-64.15	-26.71	-145.49	-300.00	-1030.00	30.00	-15.85	9.63	46.10	210.00	-240.00	290.00	18.66	-3.72	-12.07
110.00	-1030.00	290.00	2.32	0.12	24.82	70.00	-530.00	10.00	-74.63	-11.16	-169.57	-300.00	-1030.00	30.00	-10.37	5.24	66.95	240.00	-520.00	170.00	18.66	-3.72	-12.07
70.00	-1040.00	240.00	2.32	0.12	24.82	70.00	-530.00	10.00	-74.63	-11.16	-169.57	-310.00	-990.00	10.00	-10.37	5.24	66.95	250.00	-570.00	200.00	18.66	-3.72	-12.07
30.00	-1050.00	200.00	7.44	-6.52	26.77	220.00	-370.00	-80.00	-80.00	-5.91	-180.79	-270.00	-1040.00	30.00	-3.84	7.68	89.51	250.00	-570.00	200.00	4.33	-3.05	3.54
30.00	-1050.00	200.00	6.22	-8.41	28.72	210.00	-370.00	-40.00	-80.00	-5.91	-180.79	-270.00	-1040.00	30.00	-3.84	7.68	89.51	220.00	-600.00	170.00	4.33	-3.05	3.54
-40.00	-1020.00	260.00	6.22	-8.41	28.72	210.00	-370.00	-40.00	-89.15	-2.68	-198.84	-270.00	-1050.00	60.00	-11.52	14.94	109.02	220.00	-600.00	170.00	1.65	-3.72	5.73
-40.00	-1020.00	260.00	10.85	-14.70	28.11	180.00	-310.00	50.00	-89.15	-2.68	-198.84	-230.00	-1120.00	70.00	-10.12	24.02	120.49	30.00	-930.00	80.00	3.23	-2.32	2.07
-40.00	-1020.00	260.00	10.85	-14.70	28.11	70.00	-360.00	120.00	-92.50	-7.50	-212.26	-170.00	-1300.00	10.00	-10.12	24.02	120.49	-50.00	-1100.00	100.00	3.23	-2.32	2.07
-40.00	-1020.00	250.00	18.35	-32.56	65.18	-30.00	-470.00	150.00	-92.50	-7.50	-212.26	-170.00	-1300.00	10.00	-10.55	26.34	142.32	-50.00	-1100.00	100.00	-2.74	1.22	1.89
-30.00	-1020.00	260.00	22.44	-30.85	75.67	-30.00	-470.00	150.00	-34.70	177.74	-77.38	-150.00	-1220.00	-120.00	-10.55	26.34	142.32	-300.00	-1200.00	460.00	-3.17	1.52	2.01
-30.00	-1020.00	260.00	22.44	-30.85	75.67	-50.00	-610.00	160.00	-52.38	159.82	-14.76	-200.00	-1170.00	-120.00	-18.29	18.54	153.60	180.00	-970.00	270.00	-3.17	1.52	2.01
-30.00	-1030.00	260.00	28.96	-31.40	88.72	-20.00	-680.00	150.00	-52.38	159.82	-14.76	-200.00	-1170.00	-120.00	-18.29	18.54	153.60	180.00	-970.00	270.00	-2.93	0.79	0.55
-30.00	-1030.00	260.00	33.54	-31.46	96.40	-40.00	-830.00	130.00	-46.28	129.33	10.98	-110.00	-1250.00	-110.00	-8.11	3.35	180.61	260.00	-960.00	340.00	-2.93	0.79	0.55
-20.00	-1040.00	240.00	33.54	-31.46	96.40	-40.00	-830.00	130.00	-40.00	95.37	53.05	-110.00	-1250.00	-110.00	-3.11	-12.93	195.12	220.00	-960.00	320.00	-2.93	0.79	0.55
-10.00	-1040.00	210.00	39.82	-29.39	106.40	-50.00	-990.00	160.00	-40.00	95.37	53.05	-270.00	-1350.00	20.00	-3.11	-12.93	195.12	190.00	-950.00	310.00	-3.48	0.91	0.79
-30.00	-1040.00	240.00	46.65	-27.13	117.01	-50.00	-990.00	160.00	-23.90	99.02	62.62	-230.00	-1250.00	50.00	-2.50	-26.52	204.70	190.00	-950.00	310.00	-3.54	0.67	0.91
-30.00	-1040.00	240.00	50.49	-21.28	127.26	-600.00	-1210.00	210.00	-23.90	99.02	62.62	-230.00	-1250.00	50.00	6.34	-39.51	206.22	210.00	-970.00	310.00	-2.13	-0.67	-0.12
-60.00	-1050.00	200.00	50.49	-21.28	127.26	-510.00	-1120.00	20.00	-12.68	86.89	34.57	-310.00	-1400.00	10.00	6.34	-39.51	206.22	210.00	-970.00	310.00	-2.13	-0.67	-0.12
-60.00	-1050.00	220.00	57.07	-11.22	147.13	-510.00	-1120.00	20.00	-12.68	86.89	34.57	-310.00	-1400.00	10.00	-1.22	-43.84	187.32	200.00	-960.00	310.00	-2.62	-0.67	-0.73
-70.00	-1040.00	230.00	47.68	-0.91	164.51	-240.00	-1220.00	110.00	114.63	-5.37	20.12	-180.00	-1300.00	-280.00	-27.99	-25.30	165.55	190.00	-970.00	310.00	-1.95	-0.24	-0.30
-10.00	-1110.00	290.00	47.68	-0.91	164.51	-240.00	-1220.00	110.00	114.63	-5.37	20.12	-180.00	-1300.00	-280.00	-21.22	6.65	118.17	190.00	-970.00	310.00	-1.77	-0.06	-0.30
-10.00	-1110.00	280.00	13.90	71.77	128.72	-670.00	-510.00	150.00	39.57	23.54	30.73	-120.00	-1480.00	-130.00	-8.78	50.91	72.68	190.00	-970.00	310.00	-1.77	-0.06	-0.30
-140.00	-1100.00	290.00	-6.04	23.78	121.83	-670.00	-510.00	150.00	-55.30	34.88	62.50	-140.00	-1390.00	-110.00	1.22	72.50	47.32	190.00	-970.00	310.00	-1.83	0.43	-0.43
-130.00	-1070.00	300.00	-6.04	23.78	121.83	70.00	-1020.00	20.00	-12.68	0.18	58.41	-140.00	-1390.00	-110.00	5.73	65.43	45.49	190.00	-970.00	310.00	-2.01	0.49	-0.24
-110.00	-1100.00	300.00	-18.90	3.72	100.12	810.00	-880.00	-90.00	42.93	-40.12	39.02	-160.00	-1490.00	-60.00	-4.88	57.13	14.82	190.00	-970.00	310.00	-2.07	0.67	0.00
-110.00	-1100.00	300.00	-17.07	-21.22	51.10	900.00	-550.00	-240.00	42.93	-40.12	39.02	-230.00	-1470.00	30.00	7.07	54.39	-25.73	190.00	-970.00	290.00	-2.01	1.52	1.10
-140.00	-1160.00	370.00	-17.07	-21.22	51.10	900.00	-550.00	-240.00	-13.72	1.10	34.57	-230.00	-1470.00	30.00	-8.41	81.46	-49.51	190.00	-970.00	290.00	-2.38	1.22	0.91
-80.00	-1180.00	480.00	-16.65	-36.52	32.99	-120.00	-1660.00	490.00	-13.72	1.10	34.57	-170.00	-1360.00	80.00	-12.68	63.41	-78.60	200.00	-970.00	300.00	-1.89	0.00	-0.12
-80.00	-1180.00	480.00	-16.65	-36.52	32.99	-120.00	-1660.00	490.00	-13.72	1.10	34.57	-530.00	-1230.00	100.00	-0.98	42.99	-98.60	190.00	-970.00	300.00	-2.07	-0.49	-0.37
20.00	-1280.00	330.00	-34.82	-54.57	-11.65	120.00	-1140.00	-60.00	-15.85	16.10	35.30	-510.00	-1520.00	170.00	6.71	32.01	-115.00	200.00	-970.00	300.00	-2.62	-0.79	-1.16
20.00	-1280.00	330.00	-34.82	-54.57	-11.65	480.00	-880.00	-130.00	-15.85	16.10	35.30	-400.00	-990.00	150.00	14.02	30.37	-132.74	200.00	-960.00	300.00	-2.62	-0.79	-1.16
80.00	-1370.00	190.00	-37.74	-59.45	-33.05	480.00	-880.00	-130.00	-19.94	19.02	36.71	-490.00	-770.00	210.00	23.23	34.82	-154.21	200.00	-960.00	300.00	-2.62	-0.79	-1.16
80.00	-1340.00	150.00	-39.21	-54.27	-60.73	280.00	-1010.00	400.00	-17.56	14.02	34.88	-510.00	-730.00	320.00	31.34	35.00	-176.65	200.00	-960.00	300.00	-2.13	1.10	0.12
20.00	-1330.00	270.00	-39.21	-54.27	-60.73	-10.00	-950.00	380.00	-13.17	7.87	31.52	-360.00	-530.00	230.00	33.29	34.57	-194.70	200.00	-970.00	290.00	-2.13	1.10	0.12
-40.00	-1330.00	310.00	-40.98	-54.33	-77.26	270.00	-880.00	120.00	-18.90	8.29	23.90	70.00	-870.00	120.00	33.60	32.99	-206.59	210.00	-970.00	290.00	-2.07	1.16	0.85
-350.00	-1000.00	350.00	-40.98	-54.33	-77.26	270.00	-880.00	120.00	-18.90	8.29	23.90	340.00	-120.00	350.00	35.49	32.56	-214.21	200.00	-970.00	290.00	-2.01	0.91	1.10
-350.00	-1000.00	350.00	-46.04	-65.61	-108.96	260.00	-860.00	130.00	-17.38	11.95	20.24	400.00	-630.00	120.00	38.11	37.07	-218.23	200.00	-970.00	280.00	-2.01	0.91	1.10
-650.00	-980.00	370.00	-46.04	-65.61	-108.96	260.00	-880.00	140.00	-12.93	9.88	17.62	150.00	-690.00	130.00	41.59	44.27	-219.94	200.00	-970.00	290.00	-1.83	0.79	1.10
-430.00	-860.00	180.00	-47.50	-69.57	-123.66	260.00	-880.00	140.00	-12.93	9.88	17.62	620.00	-430.00	20.00	45.61	49.51	-220.79	200.00	-970.00	300.00	-1.40	-0.24	0.49
-430.00	-860.00	180.00	-48.11	-69.63	-137.07	220.00	-860.00	80.00	-14.45	10.12	19.27	510.00	-390.00	30.00	47.38	48.41	-221.40	200.00	-970.00	280.00	-1.40	-0.24	0.49
150.00	-490.00	170.00	-47.44	-67.13	-148.66	210.00	-880.00	100.00	-17.01	7.20	21.04	450.00	-400.00	40.00	55.98	12.68	-214.33	200.00	-970.00	280.00	-2.01	0.18	-0.18
190.00	-450.00	190.00	-44.57	-62.68	-187.38	200.00	-880.00	90.00	-22.93	-2.32	26.77	280.00	-380.00	20.00	55.98	12.68	-214.33	210.00	-970.00	290.00	-2.01	0.43	-0.30
190.00	-450.00	190.00	-44.57	-62.68	-187.38	160.00	-890.00	110.00	-22.93	-2.32	26.77	270.00	-370.00	40.00	55.98	12.68	-214.33	210.00	-970.00	280.00	-1.89	0.61	-0.37
220.00	-390.00	190.00	-44.57	-62.68	-187.38	160.00	-890.00	60.00	-21.59	-3.90	25.67	230.00	-490.00	70.00	52.74	6.89	-197.50	210.00	-970.00	280.00	-1.89	0.61	-0.37
220.00	-390.00	190.00	-31.04	-66.77	-189.57	160.00	-890.00	60.00	-12.87	-9.70	22.99	220.00	-620.00	60.00	32.38	11.28	-162.68	210.00	-970.00	280.00	-2.07	0.55	0.30
230.00	-530.00	170.00	-26.34	-40.06	-151.16	250.00	-910.00	0.00	-12.87	-9.70	22.99	170.00	-710.00	30.00	-10.43	-38.17	-95.12	200.00	-970.00	280.00	-2.32	0.73	0.67
230.00	-530.00	170.00	-26.34	-40.06	-151.16	200.00	-910.00	30.00	-12.87	-9.70	22.99	110.00	-770.00	20.00	4.45	-58.60	5.06	200.00	-970.00	280.00	-2.32	0.73	0.67
80.00	-470.00	220.00	-21.28	-32.20	-155.37	200.00	-910.00	30.00	15.79	-15.85	4.76	10.00	-810.00	-20.00	2.80	-71.95	43.78	200.00	-970.00	280.00	-2.32	0.73	0.67
80.00	-470.00	220.00	-13.78	-17.50	-158.23	280.00	-900.00	30.00	9.70	-7.44	7.44	-70.00	-860.00	-40.00	2.80	-71.95	43.78	200.00	-970.00	280.00	-1.46	0.61	-0.24
10.00	-420.00	250.00	-9.76	15.06	-159.57	250.00	-920.00	30.00	4.88	-5.18	7.62	-100.00	-950.00	-50.00	-25.24	-106.22	89.94	200.00	-970.00	280.00	-1.04	1.34	-0.12
40.00	-480.00	280.00	-9.76	15.06	-159.57	170.00	-900.00	-10.00	3.29	-4.51	7.07	-100.00	-1060.00	-60.00	-36.59	-110.98	69.45	200.00	-970.00	280.00	-1.04	1.34	-0.12
40.00	-480.00	280.00	-4.94	52.44	-153.60	170.00	-900.00	-10.00	3.29	-4.51	7.07	-110.00	-1130.00	-80.00	-36.59	-110.98	69.45	210.00	-970.00	280.00	-0.98	1.28	-0.18
50.00	-540.00	280.00	-5.91	165.91	-106.77	150.00	-890.00	-30.00	2.01	-1.95	5.06	-130.00	-1190.00	-100.00	-58.54	27.01	92.20	210.00	-970.00	280.00	-0.98	1.28	-0.18
50.00	-540.00	280.00	-5.91	165.91	-106.77	180.00	-900.00	-20.00	1.71	-1.52	2.56	-360.00	-1450.00	-90.00	-58.54	27.01	92.20	210.00	-970.00	280.00	0.00	0.91	-0.24
-20.00	-670.00	320.00	-30.61	-3.66	34.51	180.00	-900.00	-20.00	1.71	-1.52	2.56	-360.00	-1450.00	-90.00	-22.93	72.50	97.44	200.00	-970.00	280.00	0.06	0.79	-0.30
-20.00	-670.00	320.00	-8.29	-24.88	29.63	180.00	-900.00	-20.00	2.07	-2.56	2.32	-360.00	-1450.00	-90.00	-22.93	72.50	97.44	210.00	-970.00	270.00	0.06	0.79	-0.30
-120.00	-1000.00	350.00	1.10	-61.34	51.59	90.00	-900.00	30.00	2.38	-3.54	3.17	-740.00	-1580.00	-90.00	15.61	25.37	87.26	210.00	-970.00	270.00	-0.49	0.61	-0.18
-120.00	-1000.00	350.00	-0.79	-48.23	45.30	100.00	-920.00	40.00	2.38	-3.54	3.17	-1050.00	-1450.00	-80.00	13.35	18.17	65.06	200.00	-970.00	280.00	-1.16	0.61	0.00
-120.00	-1000.00	350.00	-0.79	-48.23	45.30	130.00	-910.00	70.00	2.13	-4.94	6.52	-1360.00	-1160.00	-230.00	13.35	18.17	65.06	200.00	-970.00	270.00	-1.46	0.67	0.12
-290.00	-1380.00	500.00	-4.45	-23.41	39.33	120.00	-910.00	60.00	3.11	-6.10	8.23	-1360.00	-1160.00	-230.00	0.12	23.60	54.76	200.00	-970.00	280.00	-1.46	0.67	0.12
-240.00	-1210.00	570.00	-10.30	-14.45	41.40	140.00	-910.00	40.00	3.11	-6.10	8.23	-1290.00	-1320.00	-180.00	2.93	23.66	47.01	200.00	-970.00	280.00	-1.46	0.67	0.12
-240.00	-1210.00	570.00	-10.30	-14.45	41.40	140.00	-910.00	60.00	5.43	-7.68	10.55	-40.00	-1090.00	80.00	2.93	23.66	47.01	200.00	-970.00	280.00	-2.80	0.85	0.98
-210.00	-1200.00	650.00	-22.80	16.77	51.40	150.00	-920.00	50.00	16.22	-13.11	21.34	-40.00	-1090.00	80.00	2.93	23.66	47.01	200.00	-970.00	280.00	-2.87	1.46	0.79
