LKNE_MOMENT
File	Frame	X 	Y 	Z 
Trial_8.filtered_40.c3d	1			
 - 	2			
 - 	3	0.002626	0.001039	-0.000230
 - 	4	0.002635	0.001045	-0.000230
 - 	5	0.002633	0.001052	-0.000230
 - 	6	0.002646	0.001058	-0.000232
 - 	7	0.002647	0.001065	-0.000233
 - 	8	0.002654	0.001065	-0.000235
 - 	9	0.002646	0.001059	-0.000236
 - 	10	0.002650	0.001048	-0.000239
 - 	11	0.002640	0.001031	-0.000241
 - 	12	0.002649	0.001012	-0.000244
 - 	13	0.002630	0.000990	-0.000245
 - 	14	0.002636	0.000963	-0.000247
 - 	15	0.002620	0.000946	-0.000246
 - 	16	0.002640	0.000922	-0.000245
 - 	17	0.002615	0.000934	-0.000245
 - 	18	0.002614	0.000953	-0.000247
 - 	19	0.002627	0.000959	-0.000242
 - 	20	0.002637	0.000988	-0.000240
 - 	21	0.002621	0.001012	-0.000236
 - 	22	0.002639	0.001034	-0.000235
 - 	23	0.002616	0.001047	-0.000231
 - 	24	0.002620	0.001055	-0.000231
 - 	25	0.002617	0.001065	-0.000230
 - 	26	0.002606	0.001071	-0.000228
 - 	27	0.002607	0.001078	-0.000228
 - 	28	0.002564	0.001069	-0.000223
 - 	29	0.002590	0.001090	-0.000226
 - 	30	0.002623	0.001108	-0.000230
 - 	31	0.002585	0.001078	-0.000227
 - 	32	0.002603	0.001065	-0.000229
 - 	33	0.002622	0.001052	-0.000233
 - 	34	0.002631	0.001045	-0.000233
 - 	35	0.002652	0.001034	-0.000235
 - 	36	0.002644	0.001026	-0.000235
 - 	37	0.002655	0.001018	-0.000237
 - 	38	0.002653	0.001011	-0.000239
 - 	39	0.002665	0.001006	-0.000242
 - 	40	0.002661	0.001009	-0.000243
 - 	41	0.002703	0.001000	-0.000250
 - 	42	0.002704	0.001005	-0.000249
 - 	43	0.002687	0.001021	-0.000242
 - 	44	0.002638	0.001045	-0.000236
 - 	45	0.002671	0.001038	-0.000239
 - 	46	0.002661	0.001050	-0.000238
 - 	47	0.002610	0.001077	-0.000233
 - 	48	0.002688	0.001053	-0.000239
 - 	49	0.002639	0.001078	-0.000235
 - 	50	0.002625	0.001088	-0.000232
 - 	51	0.002620	0.001094	-0.000231
 - 	52	0.002567	0.001116	-0.000226
 - 	53	0.002591	0.001105	-0.000226
 - 	54	0.002590	0.001103	-0.000226
 - 	55	0.002584	0.001099	-0.000226
 - 	56	0.002590	0.001094	-0.000227
 - 	57	0.002590	0.001082	-0.000228
 - 	58	0.002596	0.001070	-0.000232
 - 	59	0.002608	0.001059	-0.000232
 - 	60	0.002610	0.001045	-0.000234
 - 	61	0.002621	0.001035	-0.000236
 - 	62	0.002627	0.001023	-0.000237
 - 	63	0.002637	0.001013	-0.000239
 - 	64	0.002636	0.001005	-0.000237
 - 	65	0.002640	0.001001	-0.000240
 - 	66	0.002643	0.000991	-0.000240
 - 	67	0.002635	0.000987	-0.000239
 - 	68	0.002633	0.000989	-0.000240
 - 	69	0.002636	0.000997	-0.000240
 - 	70	0.002624	0.001010	-0.000238
 - 	71	0.002627	0.001030	-0.000236
 - 	72	0.002622	0.001052	-0.000234
 - 	73	0.002624	0.001073	-0.000233
 - 	74	0.002625	0.001092	-0.000232
 - 	75	0.002624	0.001101	-0.000232
 - 	76	0.002630	0.001103	-0.000232
 - 	77	0.002627	0.001103	-0.000232
 - 	78	0.002604	0.001098	-0.000229
 - 	79	0.002627	0.001098	-0.000232
 - 	80	0.002595	0.001086	-0.000227
 - 	81	0.002565	0.001079	-0.000223
 - 	82	0.002619	0.001089	-0.000234
 - 	83	0.002599	0.001079	-0.000229
 - 	84	0.002607	0.001071	-0.000227
 - 	85	0.002612	0.001082	-0.000232
 - 	86	0.002622	0.001077	-0.000235
 - 	87	0.002626	0.001067	-0.000236
 - 	88	0.002627	0.001073	-0.000239
 - 	89	0.002633	0.001048	-0.000238
 - 	90	0.002654	0.001023	-0.000238
 - 	91	0.002637	0.001024	-0.000238
 - 	92	0.002646	0.001009	-0.000239
 - 	93	0.002638	0.001004	-0.000237
 - 	94	0.002637	0.001001	-0.000238
 - 	95	0.002631	0.001002	-0.000238
 - 	96	0.002632	0.001003	-0.000238
 - 	97	0.002614	0.001007	-0.000236
 - 	98	0.002611	0.001013	-0.000236
 - 	99	0.002604	0.001022	-0.000236
 - 	100	0.002595	0.001036	-0.000235
 - 	101	0.002596	0.001057	-0.000234
 - 	102	0.002592	0.001075	-0.000231
 - 	103	0.002596	0.001098	-0.000231
 - 	104	0.002598	0.001114	-0.000232
 - 	105	0.002575	0.001141	-0.000225
 - 	106	0.002603	0.001132	-0.000230
 - 	107	0.002596	0.001135	-0.000230
 - 	108	0.002609	0.001115	-0.000230
 - 	109	0.002653	0.001076	-0.000236
 - 	110	0.002616	0.001070	-0.000233
 - 	111	0.002629	0.001049	-0.000236
 - 	112	0.002640	0.001029	-0.000238
 - 	113	0.002664	0.001018	-0.000241
 - 	114	0.002672	0.001008	-0.000243
 - 	115	0.002673	0.001002	-0.000243
 - 	116	0.002674	0.001002	-0.000243
 - 	117	0.002650	0.001002	-0.000240
 - 	118	0.002641	0.001004	-0.000239
 - 	119	0.002688	0.001044	-0.000243
 - 	120	0.002606	0.001015	-0.000235
 - 	121	0.002542	0.000985	-0.000230
 - 	122	0.002613	0.001022	-0.000235
 - 	123	0.002609	0.001023	-0.000235
 - 	124	0.002611	0.001024	-0.000236
 - 	125	0.002623	0.001046	-0.000236
 - 	126	0.002612	0.001029	-0.000237
 - 	127	0.002605	0.001035	-0.000234
 - 	128	0.002595	0.001052	-0.000232
 - 	129	0.002604	0.001061	-0.000231
 - 	130	0.002603	0.001068	-0.000229
 - 	131	0.002593	0.001062	-0.000230
 - 	132	0.002605	0.001063	-0.000228
 - 	133	0.002613	0.001054	-0.000229
 - 	134	0.002606	0.001072	-0.000228
 - 	135	0.002612	0.001075	-0.000230
 - 	136	0.002618	0.001067	-0.000233
 - 	137	0.002623	0.001059	-0.000236
 - 	138	0.002637	0.001049	-0.000239
 - 	139	0.002633	0.001042	-0.000240
 - 	140	0.002643	0.001029	-0.000242
 - 	141	0.002634	0.001014	-0.000242
 - 	142	0.002630	0.000997	-0.000243
 - 	143	0.002626	0.000976	-0.000244
 - 	144	0.002587	0.000963	-0.000242
 - 	145	0.002612	0.000943	-0.000245
 - 	146	0.002625	0.000933	-0.000245
 - 	147	0.002602	0.000938	-0.000241
 - 	148	0.002598	0.000946	-0.000239
 - 	149	0.002587	0.000955	-0.000236
 - 	150	0.002593	0.000977	-0.000235
 - 	151	0.002593	0.000995	-0.000233
 - 	152	0.002622	0.001018	-0.000235
 - 	153	0.002628	0.001035	-0.000234
 - 	154	0.002625	0.001049	-0.000233
 - 	155	0.002608	0.001063	-0.000231
 - 	156	0.002612	0.001069	-0.000230
 - 	157	0.002609	0.001079	-0.000229
 - 	158	0.002615	0.001089	-0.000229
 - 	159	0.002618	0.001099	-0.000230
 - 	160	0.002637	0.001097	-0.000233
 - 	161	0.002651	0.001088	-0.000235
 - 	162	0.002649	0.001071	-0.000236
 - 	163	0.002661	0.001059	-0.000237
 - 	164	0.002664	0.001044	-0.000238
 - 	165	0.002674	0.001033	-0.000239
 - 	166	0.002678	0.001026	-0.000239
 - 	167	0.002684	0.001019	-0.000241
 - 	168	0.002701	0.001010	-0.000244
 - 	169	0.002686	0.001006	-0.000244
 - 	170	0.002691	0.000999	-0.000250
 - 	171	0.002684	0.001003	-0.000245
 - 	172	0.002686	0.001011	-0.000240
 - 	173	0.002658	0.001013	-0.000240
 - 	174	0.002631	0.001020	-0.000235
 - 	175	0.002654	0.001032	-0.000234
 - 	176	0.002623	0.001044	-0.000231
 - 	177	0.002635	0.001055	-0.000232
 - 	178	0.002637	0.001060	-0.000231
 - 	179	0.002601	0.001067	-0.000227
 - 	180	0.002634	0.001063	-0.000231
 - 	181	0.002625	0.001061	-0.000229
 - 	182	0.002608	0.001052	-0.000228
 - 	183	0.002653	0.001041	-0.000236
 - 	184	0.002661	0.001037	-0.000239
 - 	185	0.002654	0.001036	-0.000240
 - 	186	0.002657	0.001032	-0.000242
 - 	187	0.002641	0.001029	-0.000240
 - 	188	0.002633	0.001023	-0.000237
 - 	189	0.002613	0.001019	-0.000234
 - 	190	0.002619	0.001011	-0.000233
 - 	191	0.002602	0.001006	-0.000230
 - 	192	0.002620	0.001004	-0.000232
 - 	193	0.002609	0.001006	-0.000231
 - 	194	0.002633	0.001010	-0.000234
 - 	195	0.002637	0.001013	-0.000235
 - 	196	0.002636	0.001018	-0.000235
 - 	197	0.002647	0.001021	-0.000238
 - 	198	0.002653	0.001018	-0.000240
 - 	199	0.002676	0.001017	-0.000243
 - 	200	0.002668	0.001019	-0.000243
 - 	201	0.002679	0.001023	-0.000245
 - 	202	0.002638	0.001033	-0.000241
 - 	203	0.002621	0.001041	-0.000239
 - 	204	0.002608	0.001043	-0.000236
 - 	205	0.002628	0.001041	-0.000238
 - 	206	0.002637	0.001035	-0.000238
 - 	207	0.002642	0.001028	-0.000239
 - 	208	0.002650	0.001021	-0.000240
 - 	209	0.002635	0.001018	-0.000239
 - 	210	0.002634	0.001022	-0.000238
 - 	211	0.002616	0.001035	-0.000235
 - 	212	0.002628	0.001048	-0.000235
 - 	213	0.002639	0.001063	-0.000235
 - 	214	0.002657	0.001082	-0.000235
 - 	215	0.002667	0.001102	-0.000235
 - 	216	0.002676	0.001116	-0.000235
 - 	217	0.002689	0.001115	-0.000237
 - 	218	0.002678	0.001094	-0.000234
 - 	219	0.002658	0.001078	-0.000235
 - 	220	0.002628	0.001061	-0.000236
 - 	221	0.002633	0.001030	-0.000236
 - 	222	0.002622	0.001012	-0.000236
 - 	223	0.002627	0.000998	-0.000238
 - 	224	0.002626	0.000992	-0.000238
 - 	225	0.002618	0.000998	-0.000237
 - 	226	0.002638	0.001003	-0.000238
 - 	227	0.002620	0.001010	-0.000236
 - 	228	0.002635	0.001020	-0.000237
 - 	229	0.002620	0.001028	-0.000236
 - 	230	0.002629	0.001031	-0.000237
 - 	231	0.002615	0.001031	-0.000236
 - 	232	0.002613	0.001027	-0.000237
 - 	233	0.002615	0.001022	-0.000238
 - 	234	0.002614	0.001023	-0.000237
 - 	235	0.002651	0.001026	-0.000241
 - 	236	0.002655	0.001034	-0.000240
 - 	237	0.002671	0.001044	-0.000241
 - 	238	0.002665	0.001056	-0.000240
 - 	239	0.002662	0.001071	-0.000238
 - 	240	0.002655	0.001078	-0.000236
 - 	241	0.002647	0.001083	-0.000235
 - 	242	0.002660	0.001084	-0.000235
 - 	243	0.002656	0.001089	-0.000235
 - 	244	0.002670	0.001092	-0.000237
 - 	245	0.002676	0.001090	-0.000238
 - 	246	0.002669	0.001090	-0.000238
 - 	247	0.002697	0.001083	-0.000244
 - 	248	0.002678	0.001076	-0.000241
 - 	249	0.002667	0.001067	-0.000238
 - 	250	0.002659	0.001051	-0.000239
 - 	251	0.002620	0.001041	-0.000235
 - 	252	0.002648	0.001036	-0.000237
 - 	253	0.002636	0.001029	-0.000236
 - 	254	0.002637	0.001023	-0.000236
 - 	255	0.002645	0.001016	-0.000237
 - 	256	0.002646	0.001012	-0.000237
 - 	257	0.002631	0.001002	-0.000235
 - 	258	0.002629	0.000988	-0.000231
 - 	259	0.002620	0.000988	-0.000230
 - 	260	0.002619	0.001006	-0.000239
 - 	261	0.002625	0.001005	-0.000240
 - 	262	0.002644	0.000994	-0.000239
 - 	263	0.002644	0.000997	-0.000239
 - 	264	0.002656	0.001002	-0.000240
 - 	265	0.002672	0.001011	-0.000241
 - 	266	0.002666	0.001023	-0.000235
 - 	267	0.002646	0.001042	-0.000237
 - 	268	0.002639	0.001053	-0.000236
 - 	269	0.002626	0.001062	-0.000233
 - 	270	0.002615	0.001063	-0.000234
 - 	271	0.002626	0.001052	-0.000232
 - 	272	0.002636	0.001044	-0.000234
 - 	273	0.002644	0.001032	-0.000236
 - 	274	0.002655	0.001026	-0.000237
 - 	275	0.002668	0.001024	-0.000239
 - 	276	0.002655	0.001023	-0.000237
 - 	277	0.002660	0.001024	-0.000237
 - 	278	0.002642	0.001024	-0.000236
 - 	279	0.002629	0.001022	-0.000236
 - 	280	0.002626	0.001018	-0.000236
 - 	281	0.002614	0.001017	-0.000236
 - 	282	0.002632	0.001017	-0.000238
 - 	283	0.002642	0.001012	-0.000240
 - 	284	0.002656	0.001009	-0.000241
 - 	285	0.002650	0.000999	-0.000241
 - 	286	0.002635	0.000997	-0.000238
 - 	287	0.002632	0.000996	-0.000237
 - 	288	0.002626	0.000995	-0.000236
 - 	289	0.002635	0.000998	-0.000236
 - 	290	0.002637	0.000997	-0.000237
 - 	291	0.002667	0.000999	-0.000241
 - 	292	0.002675	0.001005	-0.000242
 - 	293	0.002698	0.001012	-0.000244
 - 	294	0.002700	0.001018	-0.000243
 - 	295	0.002716	0.001030	-0.000244
 - 	296	0.002721	0.001042	-0.000243
 - 	297	0.002720	0.001054	-0.000241
 - 	298	0.002718	0.001057	-0.000240
 - 	299	0.002726	0.001051	-0.000240
 - 	300	0.002718	0.001042	-0.000240
 - 	301	0.002716	0.001030	-0.000240
 - 	302	0.002711	0.001025	-0.000241
 - 	303	0.002702	0.001016	-0.000241
 - 	304	0.002691	0.001010	-0.000241
 - 	305	0.002682	0.000997	-0.000241
 - 	306	0.002658	0.000987	-0.000238
 - 	307	0.002649	0.000980	-0.000238
 - 	308	0.002632	0.000978	-0.000237
 - 	309	0.002620	0.000980	-0.000236
 - 	310	0.002628	0.000978	-0.000239
 - 	311	0.002630	0.000978	-0.000241
 - 	312	0.002638	0.000980	-0.000244
 - 	313	0.002655	0.000981	-0.000247
 - 	314	0.002652	0.000987	-0.000249
 - 	315	0.002671	0.000993	-0.000251
 - 	316	0.002683	0.001004	-0.000252
 - 	317	0.002686	0.001018	-0.000250
 - 	318	0.002683	0.001035	-0.000248
 - 	319	0.002672	0.001050	-0.000244
 - 	320	0.002646	0.001067	-0.000239
 - 	321	0.002634	0.001078	-0.000236
 - 	322	0.002635	0.001080	-0.000236
 - 	323	0.002639	0.001069	-0.000238
 - 	324	0.002664	0.001051	-0.000242
 - 	325	0.002676	0.001028	-0.000246
 - 	326	0.002658	0.001008	-0.000245
 - 	327	0.002640	0.000993	-0.000244
 - 	328	0.002622	0.000992	-0.000243
 - 	329	0.002610	0.000994	-0.000242
 - 	330	0.002605	0.001005	-0.000242
 - 	331	0.002621	0.001018	-0.000244
 - 	332	0.002622	0.001033	-0.000246
 - 	333	0.002631	0.001047	-0.000247
 - 	334	0.002645	0.001054	-0.000249
 - 	335	0.002659	0.001063	-0.000251
 - 	336	0.002676	0.001070	-0.000253
 - 	337	0.002706	0.001073	-0.000257
 - 	338	0.002718	0.001080	-0.000257
 - 	339	0.002729	0.001084	-0.000257
 - 	340	0.002733	0.001084	-0.000257
 - 	341	0.002708	0.001088	-0.000254
 - 	342	0.002692	0.001092	-0.000252
 - 	343	0.002665	0.001096	-0.000251
 - 	344	0.002616	0.001114	-0.000248
 - 	345	0.002605	0.001126	-0.000249
 - 	346	0.002588	0.001144	-0.000250
 - 	347	0.002587	0.001153	-0.000253
 - 	348	0.002591	0.001163	-0.000256
 - 	349	0.002579	0.001168	-0.000256
 - 	350	0.002580	0.001170	-0.000257
 - 	351	0.002566	0.001169	-0.000255
 - 	352	0.002556	0.001162	-0.000255
 - 	353	0.002533	0.001155	-0.000253
 - 	354	0.002518	0.001145	-0.000252
 - 	355	0.002515	0.001132	-0.000252
 - 	356	0.002495	0.001127	-0.000252
 - 	357	0.002496	0.001116	-0.000254
 - 	358	0.002464	0.001118	-0.000252
 - 	359	0.002454	0.001120	-0.000253
 - 	360	0.002443	0.001126	-0.000253
 - 	361	0.002453	0.001138	-0.000255
 - 	362	0.002485	0.001156	-0.000258
 - 	363	0.002534	0.001176	-0.000262
 - 	364	0.002576	0.001199	-0.000264
 - 	365	0.002617	0.001212	-0.000267
 - 	366	0.002634	0.001220	-0.000268
 - 	367	0.002631	0.001221	-0.000266
 - 	368	0.002620	0.001221	-0.000264
 - 	369	0.002614	0.001211	-0.000263
 - 	370	0.002616	0.001194	-0.000264
 - 	371	0.002634	0.001176	-0.000267
 - 	372	0.002620	0.001164	-0.000268
 - 	373	0.002599	0.001164	-0.000269
 - 	374	0.002558	0.001164	-0.000269
 - 	375	0.002535	0.001172	-0.000270
 - 	376	0.002496	0.001179	-0.000269
 - 	377	0.002479	0.001187	-0.000270
 - 	378	0.002470	0.001192	-0.000272
 - 	379	0.002457	0.001196	-0.000273
 - 	380	0.002471	0.001193	-0.000276
 - 	381	0.002470	0.001183	-0.000277
 - 	382	0.002459	0.001167	-0.000276
 - 	383	0.002441	0.001148	-0.000275
 - 	384	0.002425	0.001125	-0.000273
 - 	385	0.002405	0.001106	-0.000272
 - 	386	0.002392	0.001101	-0.000271
 - 	387	0.002377	0.001109	-0.000270
 - 	388	0.002374	0.001134	-0.000272
 - 	389	0.002369	0.001164	-0.000273
 - 	390	0.002401	0.001197	-0.000279
 - 	391	0.002408	0.001221	-0.000283
 - 	392	0.002406	0.001245	-0.000286
 - 	393	0.002401	0.001254	-0.000289
 - 	394	0.002385	0.001251	-0.000291
 - 	395	0.002383	0.001231	-0.000293
 - 	396	0.002368	0.001196	-0.000292
 - 	397	0.002338	0.001157	-0.000289
 - 	398	0.002300	0.001128	-0.000285
 - 	399	0.002250	0.001115	-0.000279
 - 	400	0.002216	0.001114	-0.000275
 - 	401	0.002177	0.001117	-0.000270
 - 	402	0.002156	0.001135	-0.000268
 - 	403	0.002138	0.001160	-0.000268
 - 	404	0.002104	0.001192	-0.000269
 - 	405	0.002070	0.001212	-0.000271
 - 	406	0.002040	0.001232	-0.000274
 - 	407	0.002024	0.001253	-0.000279
 - 	408	0.002028	0.001276	-0.000286
 - 	409	0.002005	0.001302	-0.000290
 - 	410	0.001986	0.001327	-0.000296
 - 	411	0.001941	0.001352	-0.000299
 - 	412	0.001901	0.001372	-0.000302
 - 	413	0.001826	0.001397	-0.000302
 - 	414	0.001773	0.001419	-0.000303
 - 	415	0.001690	0.001451	-0.000299
 - 	416	0.001627	0.001471	-0.000297
 - 	417	0.001562	0.001482	-0.000293
 - 	418	0.001529	0.001474	-0.000290
 - 	419	0.001525	0.001452	-0.000288
 - 	420	0.001531	0.001416	-0.000286
 - 	421	0.001510	0.001372	-0.000281
 - 	422	0.001469	0.001333	-0.000275
 - 	423	0.001419	0.001309	-0.000270
 - 	424	0.001378	0.001300	-0.000264
 - 	425	0.001351	0.001277	-0.000259
 - 	426	0.001316	0.001240	-0.000252
 - 	427	0.001303	0.001192	-0.000249
 - 	428	0.001294	0.001143	-0.000246
 - 	429	0.001284	0.001090	-0.000242
 - 	430	0.001288	0.001047	-0.000240
 - 	431	0.001290	0.001011	-0.000236
 - 	432	0.001305	0.000996	-0.000234
 - 	433	0.001329	0.000989	-0.000234
 - 	434	0.001342	0.000996	-0.000234
 - 	435	0.001338	0.001015	-0.000235
 - 	436	0.001304	0.001038	-0.000234
 - 	437	0.001279	0.001063	-0.000233
 - 	438	0.001246	0.001081	-0.000231
 - 	439	0.001238	0.001102	-0.000231
 - 	440	0.001230	0.001116	-0.000232
 - 	441	0.001234	0.001127	-0.000234
 - 	442	0.001270	0.001134	-0.000238
 - 	443	0.001280	0.001143	-0.000239
 - 	444	0.001314	0.001150	-0.000244
 - 	445	0.001338	0.001158	-0.000248
 - 	446	0.001342	0.001163	-0.000250
 - 	447	0.001341	0.001156	-0.000252
 - 	448	0.001320	0.001145	-0.000252
 - 	449	0.001295	0.001151	-0.000253
 - 	450	0.001262	0.001156	-0.000252
 - 	451	0.001241	0.001151	-0.000250
 - 	452	0.001227	0.001136	-0.000246
 - 	453	0.001210	0.001116	-0.000242
 - 	454	0.001221	0.001088	-0.000240
 - 	455	0.001204	0.001061	-0.000235
 - 	456	0.001203	0.001036	-0.000231
 - 	457	0.001205	0.001015	-0.000229
 - 	458	0.001184	0.001000	-0.000225
 - 	459	0.001159	0.001002	-0.000222
 - 	460	0.001122	0.001012	-0.000220
 - 	461	0.001089	0.001036	-0.000219
 - 	462	0.001082	0.001065	-0.000222
 - 	463	0.001077	0.001098	-0.000226
 - 	464	0.001087	0.001127	-0.000232
 - 	465	0.001101	0.001152	-0.000237
 - 	466	0.001133	0.001178	-0.000243
 - 	467	0.001178	0.001189	-0.000248
 - 	468	0.001227	0.001196	-0.000251
 - 	469	0.001275	0.001191	-0.000252
 - 	470	0.001357	0.001177	-0.000256
 - 	471	0.001380	0.001160	-0.000253
 - 	472	0.001399	0.001138	-0.000251
 - 	473	0.001411	0.001108	-0.000249
 - 	474	0.001394	0.001069	-0.000244
 - 	475	0.001387	0.001025	-0.000238
 - 	476	0.001376	0.000985	-0.000233
 - 	477	0.001362	0.000950	-0.000228
 - 	478	0.001364	0.000916	-0.000226
 - 	479	0.001359	0.000879	-0.000225
 - 	480	0.001362	0.000843	-0.000225
 - 	481	0.001363	0.000814	-0.000224
 - 	482	0.001358	0.000794	-0.000223
 - 	483	0.001368	0.000791	-0.000223
 - 	484	0.001366	0.000800	-0.000222
 - 	485	0.001386	0.000824	-0.000226
 - 	486	0.001387	0.000855	-0.000228
 - 	487	0.001408	0.000886	-0.000233
 - 	488	0.001414	0.000921	-0.000236
 - 	489	0.001418	0.000955	-0.000236
 - 	490	0.001418	0.000997	-0.000237
 - 	491	0.001447	0.001042	-0.000241
 - 	492	0.001485	0.001089	-0.000248
 - 	493	0.001507	0.001135	-0.000254
 - 	494	0.001533	0.001174	-0.000262
 - 	495	0.001564	0.001205	-0.000270
 - 	496	0.001615	0.001240	-0.000281
 - 	497	0.001661	0.001270	-0.000291
 - 	498	0.001719	0.001295	-0.000300
 - 	499	0.001785	0.001320	-0.000308
 - 	500	0.001862	0.001346	-0.000316
 - 	501	0.001943	0.001368	-0.000322
 - 	502	0.002019	0.001373	-0.000326
 - 	503	0.002061	0.001361	-0.000323
 - 	504	0.002083	0.001332	-0.000318
 - 	505	0.002076	0.001291	-0.000311
 - 	506	0.002053	0.001237	-0.000302
 - 	507	0.002052	0.001178	-0.000296
 - 	508	0.002047	0.001118	-0.000289
 - 	509	0.002068	0.001053	-0.000286
 - 	510	0.002081	0.000982	-0.000281
 - 	511	0.002098	0.000915	-0.000278
 - 	512	0.002123	0.000864	-0.000276
 - 	513	0.002130	0.000836	-0.000274
 - 	514	0.002131	0.000826	-0.000272
 - 	515	0.002123	0.000826	-0.000270
 - 	516	0.002125	0.000836	-0.000271
 - 	517	0.002112	0.000854	-0.000272
 - 	518	0.002111	0.000880	-0.000275
 - 	519	0.002112	0.000905	-0.000278
 - 	520	0.002117	0.000934	-0.000282
 - 	521	0.002147	0.000950	-0.000286
 - 	522	0.002159	0.000964	-0.000288
 - 	523	0.002206	0.000974	-0.000291
 - 	524	0.002222	0.000982	-0.000291
 - 	525	0.002268	0.000986	-0.000294
 - 	526	0.002292	0.000984	-0.000295
 - 	527	0.002334	0.000980	-0.000298
 - 	528	0.002348	0.000982	-0.000298
 - 	529	0.002372	0.000978	-0.000300
 - 	530	0.002380	0.000971	-0.000299
 - 	531	0.002381	0.000963	-0.000298
 - 	532	0.002373	0.000960	-0.000297
 - 	533	0.002381	0.000955	-0.000298
 - 	534	0.002397	0.000963	-0.000301
 - 	535	0.002427	0.000964	-0.000306
 - 	536	0.002470	0.000950	-0.000311
 - 	537	0.002469	0.000921	-0.000310
 - 	538	0.002475	0.000889	-0.000309
 - 	539	0.002492	0.000871	-0.000310
 - 	540	0.002505	0.000864	-0.000311
 - 	541	0.002530	0.000868	-0.000314
 - 	542	0.002549	0.000866	-0.000314
 - 	543	0.002562	0.000868	-0.000312
 - 	544	0.002589	0.000868	-0.000311
 - 	545	0.002612	0.000874	-0.000309
 - 	546	0.002644	0.000890	-0.000309
 - 	547	0.002652	0.000908	-0.000306
 - 	548	0.002671	0.000918	-0.000307
 - 	549	0.002640	0.000930	-0.000303
 - 	550	0.002638	0.000942	-0.000305
 - 	551	0.002627	0.000945	-0.000307
 - 	552	0.002605	0.000947	-0.000308
 - 	553	0.002593	0.000949	-0.000310
 - 	554	0.002584	0.000955	-0.000312
 - 	555	0.002574	0.000967	-0.000312
 - 	556	0.002581	0.000975	-0.000312
 - 	557	0.002590	0.000978	-0.000311
 - 	558	0.002628	0.000984	-0.000314
 - 	559	0.002641	0.001001	-0.000313
 - 	560	0.002663	0.001012	-0.000313
 - 	561	0.002674	0.001012	-0.000312
 - 	562	0.002694	0.001009	-0.000310
 - 	563	0.002746	0.001002	-0.000311
 - 	564	0.002787	0.000987	-0.000311
 - 	565	0.002840	0.000968	-0.000313
 - 	566	0.002858	0.000952	-0.000313
 - 	567	0.002872	0.000944	-0.000315
 - 	568	0.002852	0.000943	-0.000315
 - 	569	0.002838	0.000943	-0.000317
 - 	570	0.002806	0.000943	-0.000317
 - 	571	0.002790	0.000940	-0.000318
 - 	572	0.002772	0.000937	-0.000318
 - 	573	0.002747	0.000936	-0.000317
 - 	574	0.002735	0.000934	-0.000315
 - 	575	0.002716	0.000933	-0.000311
 - 	576	0.002690	0.000923	-0.000307
 - 	577	0.002663	0.000915	-0.000302
 - 	578	0.002639	0.000909	-0.000297
 - 	579	0.002629	0.000914	-0.000293
 - 	580	0.002647	0.000916	-0.000291
 - 	581	0.002693	0.000918	-0.000293
 - 	582	0.002783	0.000918	-0.000301
 - 	583	0.002911	0.000923	-0.000314
 - 	584	0.003108	0.000927	-0.000337
 - 	585	0.003274	0.000933	-0.000358
 - 	586	0.003365	0.000924	-0.000370
 - 	587	0.003328	0.000914	-0.000367
 - 	588	0.003204	0.000900	-0.000353
 - 	589	0.003029	0.000884	-0.000333
 - 	590	0.002851	0.000881	-0.000311
 - 	591	0.002746	0.000880	-0.000299
 - 	592	0.002663	0.000890	-0.000289
 - 	593	0.002615	0.000892	-0.000284
 - 	594	0.002608	0.000895	-0.000284
 - 	595	0.002610	0.000903	-0.000286
 - 	596	0.002634	0.000919	-0.000290
 - 	597	0.002647	0.000946	-0.000293
 - 	598	0.002688	0.000972	-0.000299
 - 	599	0.002711	0.001002	-0.000302
 - 	600	0.002738	0.001027	-0.000305
 - 	601	0.002781	0.001040	-0.000309
 - 	602	0.002798	0.001046	-0.000309
 - 	603	0.002820	0.001039	-0.000310
 - 	604	0.002838	0.001014	-0.000312
 - 	605	0.002839	0.000982	-0.000312
 - 	606	0.002847	0.000954	-0.000314
 - 	607	0.002848	0.000930	-0.000315
 - 	608	0.002862	0.000917	-0.000318
 - 	609	0.002850	0.000918	-0.000317
 - 	610	0.002862	0.000928	-0.000320
 - 	611	0.002848	0.000951	-0.000319
 - 	612	0.002858	0.000965	-0.000321
 - 	613	0.002850	0.000975	-0.000321
 - 	614	0.002856	0.000971	-0.000322
 - 	615	0.002840	0.000964	-0.000321
 - 	616	0.002842	0.000956	-0.000321
 - 	617	0.002831	0.000955	-0.000320
 - 	618	0.002839	0.000954	-0.000320
 - 	619	0.002814	0.000961	-0.000317
 - 	620	0.002819	0.000958	-0.000317
 - 	621	0.002807	0.000956	-0.000316
 - 	622	0.002806	0.000955	-0.000315
 - 	623	0.002790	0.000952	-0.000314
 - 	624	0.002795	0.000949	-0.000314
 - 	625	0.002789	0.000939	-0.000313
 - 	626	0.002787	0.000931	-0.000313
 - 	627	0.002795	0.000925	-0.000314
 - 	628	0.002807	0.000924	-0.000314
 - 	629	0.002829	0.000923	-0.000315
 - 	630	0.002848	0.000930	-0.000316
 - 	631	0.002882	0.000932	-0.000319
 - 	632	0.002905	0.000940	-0.000320
 - 	633	0.002911	0.000945	-0.000322
 - 	634	0.002913	0.000947	-0.000324
 - 	635	0.002919	0.000941	-0.000327
 - 	636	0.002897	0.000944	-0.000326
 - 	637	0.002896	0.000953	-0.000329
 - 	638	0.002901	0.000962	-0.000332
 - 	639	0.002892	0.000972	-0.000334
 - 	640	0.002896	0.000978	-0.000338
 - 	641	0.002907	0.000983	-0.000344
 - 	642	0.002911	0.000993	-0.000348
 - 	643	0.002931	0.000994	-0.000354
 - 	644	0.002933	0.000987	-0.000357
 - 	645	0.002952	0.000972	-0.000363
 - 	646	0.002961	0.000939	-0.000366
 - 	647	0.002985	0.000902	-0.000370
 - 	648	0.002993	0.000856	-0.000372
 - 	649	0.003007	0.000811	-0.000375
 - 	650	0.003002	0.000763	-0.000377
 - 	651	0.002996	0.000717	-0.000378
 - 	652	0.002963	0.000685	-0.000377
 - 	653	0.002942	0.000661	-0.000377
 - 	654	0.002899	0.000652	-0.000377
 - 	655	0.002860	0.000656	-0.000378
 - 	656	0.002830	0.000662	-0.000380
 - 	657	0.002775	0.000680	-0.000379
 - 	658	0.002750	0.000686	-0.000380
 - 	659	0.002712	0.000696	-0.000380
 - 	660	0.002697	0.000704	-0.000382
 - 	661	0.002663	0.000726	-0.000383
 - 	662	0.002641	0.000751	-0.000386
 - 	663	0.002630	0.000777	-0.000390
 - 	664	0.002643	0.000803	-0.000395
 - 	665	0.002637	0.000830	-0.000399
 - 	666	0.002663	0.000853	-0.000407
 - 	667	0.002640	0.000876	-0.000413
 - 	668	0.002606	0.000908	-0.000422
 - 	669	0.002539	0.000943	-0.000430
 - 	670	0.002469	0.000974	-0.000439
 - 	671	0.002410	0.000989	-0.000446
 - 	672	0.002343	0.000993	-0.000450
 - 	673	0.002314	0.000982	-0.000454
 - 	674	0.002265	0.000972	-0.000455
 - 	675	0.002225	0.000961	-0.000455
 - 	676	0.002178	0.000944	-0.000453
 - 	677	0.002124	0.000936	-0.000450
 - 	678	0.002081	0.000926	-0.000449
 - 	679	0.002016	0.000926	-0.000446
 - 	680	0.001987	0.000931	-0.000451
 - 	681	0.001953	0.000945	-0.000458
 - 	682	0.001948	0.000958	-0.000469
 - 	683	0.001972	0.000974	-0.000488
 - 	684	0.002006	0.000989	-0.000507
 - 	685	0.002059	0.000991	-0.000527
 - 	686	0.002048	0.000979	-0.000533
 - 	687	0.002001	0.000959	-0.000531
 - 	688	0.001918	0.000942	-0.000522
 - 	689	0.001861	0.000927	-0.000517
 - 	690	0.001798	0.000916	-0.000513
 - 	691	0.001745	0.000904	-0.000509
 - 	692	0.001683	0.000893	-0.000504
 - 	693	0.001619	0.000881	-0.000499
 - 	694	0.001570	0.000875	-0.000496
 - 	695	0.001522	0.000870	-0.000495
 - 	696	0.001436	0.000872	-0.000491
 - 	697	0.001339	0.000870	-0.000486
 - 	698	0.001200	0.000860	-0.000473
 - 	699	0.001068	0.000846	-0.000463
 - 	700	0.000970	0.000837	-0.000459
 - 	701	0.000880	0.000838	-0.000460
 - 	702	0.000839	0.000851	-0.000471
 - 	703	0.000798	0.000866	-0.000481
 - 	704	0.000769	0.000884	-0.000492
 - 	705	0.000707	0.000897	-0.000496
 - 	706	0.000633	0.000906	-0.000495
 - 	707	0.000493	0.000907	-0.000480
 - 	708	0.000299	0.000894	-0.000447
 - 	709	0.000034	0.000867	-0.000393
 - 	710	-0.000223	0.000820	-0.000330
 - 	711	-0.000454	0.000767	-0.000269
 - 	712	-0.000616	0.000721	-0.000224
 - 	713	-0.000722	0.000683	-0.000192
 - 	714	-0.000794	0.000657	-0.000172
 - 	715	-0.000815	0.000641	-0.000166
 - 	716	-0.000823	0.000633	-0.000165
 - 	717	-0.000801	0.000631	-0.000173
 - 	718	-0.000783	0.000649	-0.000192
 - 	719	-0.000757	0.000684	-0.000221
 - 	720	-0.000744	0.000744	-0.000261
 - 	721	-0.000734	0.000807	-0.000299
 - 	722	-0.000760	0.000862	-0.000326
 - 	723	-0.000767	0.000923	-0.000358
 - 	724	-0.000774	0.000987	-0.000392
 - 	725	-0.000791	0.001055	-0.000428
 - 	726	-0.000820	0.001115	-0.000457
 - 	727	-0.000880	0.001158	-0.000471
 - 	728	-0.000956	0.001180	-0.000471
 - 	729	-0.001047	0.001184	-0.000458
 - 	730	-0.001122	0.001174	-0.000438
 - 	731	-0.001217	0.001150	-0.000408
 - 	732	-0.001305	0.001120	-0.000374
 - 	733	-0.001352	0.001084	-0.000344
 - 	734	-0.001411	0.001050	-0.000313
 - 	735	-0.001446	0.001015	-0.000283
 - 	736	-0.001463	0.000972	-0.000252
 - 	737	-0.001475	0.000928	-0.000219
 - 	738	-0.001469	0.000872	-0.000183
 - 	739	-0.001492	0.000808	-0.000139
 - 	740	-0.001493	0.000730	-0.000091
 - 	741	-0.001517	0.000640	-0.000035
 - 	742	-0.001516	0.000552	0.000014
 - 	743	-0.001514	0.000468	0.000057
 - 	744	-0.001480	0.000396	0.000085
 - 	745	-0.001434	0.000348	0.000099
 - 	746	-0.001368	0.000321	0.000096
 - 	747	-0.001324	0.000316	0.000087
 - 	748	-0.001297	0.000326	0.000073
 - 	749	-0.001262	0.000345	0.000056
 - 	750	-0.001245	0.000362	0.000045
 - 	751	-0.001229	0.000375	0.000038
 - 	752	-0.001208	0.000385	0.000033
 - 	753	-0.001194	0.000392	0.000031
 - 	754	-0.001153	0.000389	0.000029
 - 	755	-0.001092	0.000374	0.000029
 - 	756	-0.001006	0.000345	0.000031
 - 	757	-0.000895	0.000304	0.000033
 - 	758	-0.000796	0.000254	0.000038
 - 	759	-0.000739	0.000212	0.000046
 - 	760	-0.000703	0.000181	0.000052
 - 	761	-0.000689	0.000167	0.000056
 - 	762	-0.000664	0.000165	0.000056
 - 	763	-0.000645	0.000161	0.000058
 - 	764	-0.000619	0.000159	0.000059
 - 	765	-0.000620	0.000154	0.000065
 - 	766	-0.000620	0.000157	0.000067
 - 	767	-0.000638	0.000154	0.000073
 - 	768	-0.000653	0.000146	0.000078
 - 	769	-0.000675	0.000141	0.000083
 - 	770	-0.000697	0.000128	0.000088
 - 	771	-0.000706	0.000110	0.000094
 - 	772	-0.000715	0.000083	0.000102
 - 	773	-0.000700	0.000048	0.000110
 - 	774	-0.000687	0.000013	0.000117
 - 	775	-0.000683	-0.000016	0.000123
 - 	776	-0.000723	-0.000047	0.000137
 - 	777	-0.000753	-0.000072	0.000147
 - 	778	-0.000827	-0.000101	0.000165
 - 	779	-0.000864	-0.000131	0.000177
 - 	780	-0.000925	-0.000156	0.000192
 - 	781	-0.000990	-0.000178	0.000208
 - 	782	-0.001057	-0.000205	0.000225
 - 	783	-0.001119	-0.000242	0.000243
 - 	784	-0.001174	-0.000288	0.000261
 - 	785	-0.001216	-0.000328	0.000275
 - 	786	-0.001234	-0.000351	0.000280
 - 	787	-0.001263	-0.000354	0.000280
 - 	788	-0.001248	-0.000338	0.000270
 - 	789	-0.001248	-0.000308	0.000259
 - 	790	-0.001235	-0.000277	0.000247
 - 	791	-0.001232	-0.000247	0.000238
 - 	792	-0.001207	-0.000219	0.000227
 - 	793	-0.001194	-0.000198	0.000220
 - 	794	-0.001175	-0.000174	0.000211
 - 	795	-0.001155	-0.000158	0.000203
 - 	796	-0.001148	-0.000146	0.000198
 - 	797	-0.001128	-0.000132	0.000190
 - 	798	-0.001130	-0.000128	0.000186
 - 	799	-0.001115	-0.000136	0.000182
 - 	800	-0.001109	-0.000155	0.000183
 - 	801	-0.001081	-0.000185	0.000184
 - 	802	-0.001052	-0.000217	0.000188
 - 	803	-0.001022	-0.000261	0.000196
 - 	804	-0.000995	-0.000301	0.000202
 - 	805	-0.000994	-0.000336	0.000209
 - 	806	-0.001020	-0.000366	0.000217
 - 	807	-0.001041	-0.000390	0.000222
 - 	808	-0.001070	-0.000406	0.000227
 - 	809	-0.001113	-0.000413	0.000234
 - 	810	-0.001132	-0.000419	0.000238
 - 	811	-0.001179	-0.000412	0.000244
 - 	812	-0.001232	-0.000401	0.000250
 - 	813	-0.001282	-0.000380	0.000254
 - 	814	-0.001337	-0.000354	0.000256
 - 	815	-0.001413	-0.000327	0.000259
 - 	816	-0.001452	-0.000300	0.000257
 - 	817	-0.001514	-0.000277	0.000259
 - 	818	-0.001569	-0.000249	0.000258
 - 	819	-0.001618	-0.000222	0.000256
 - 	820	-0.001668	-0.000194	0.000255
 - 	821	-0.001709	-0.000172	0.000253
 - 	822	-0.001730	-0.000157	0.000250
 - 	823	-0.001749	-0.000146	0.000248
 - 	824	-0.001772	-0.000132	0.000246
 - 	825	-0.001793	-0.000122	0.000247
 - 	826	-0.001809	-0.000113	0.000246
 - 	827	-0.001820	-0.000116	0.000247
 - 	828	-0.001840	-0.000128	0.000250
 - 	829	-0.001841	-0.000144	0.000253
 - 	830	-0.001840	-0.000172	0.000259
 - 	831	-0.001860	-0.000204	0.000268
 - 	832	-0.001874	-0.000243	0.000278
 - 	833	-0.001879	-0.000284	0.000288
 - 	834	-0.001898	-0.000325	0.000300
 - 	835	-0.001907	-0.000367	0.000311
 - 	836	-0.001933	-0.000404	0.000324
 - 	837	-0.001951	-0.000436	0.000334
 - 	838	-0.001972	-0.000465	0.000343
 - 	839	-0.001988	-0.000491	0.000351
 - 	840	-0.002021	-0.000502	0.000359
 - 	841	-0.002033	-0.000501	0.000361
 - 	842	-0.002064	-0.000490	0.000366
 - 	843	-0.002066	-0.000477	0.000369
 - 	844	-0.002095	-0.000462	0.000374
 - 	845	-0.002110	-0.000441	0.000376
 - 	846	-0.002134	-0.000430	0.000379
 - 	847	-0.002170	-0.000416	0.000382
 - 	848	-0.002194	-0.000400	0.000383
 - 	849	-0.002206	-0.000380	0.000382
 - 	850	-0.002203	-0.000364	0.000382
 - 	851	-0.002187	-0.000354	0.000382
 - 	852	-0.002136	-0.000351	0.000379
 - 	853	-0.002094	-0.000356	0.000378
 - 	854	-0.002057	-0.000359	0.000377
 - 	855	-0.002006	-0.000359	0.000374
 - 	856	-0.001997	-0.000354	0.000374
 - 	857	-0.002009	-0.000346	0.000379
 - 	858	-0.002005	-0.000337	0.000381
 - 	859	-0.002001	-0.000315	0.000382
 - 	860	-0.002025	-0.000286	0.000384
 - 	861	-0.002030	-0.000247	0.000382
 - 	862	-0.002075	-0.000194	0.000381
 - 	863	-0.002122	-0.000126	0.000377
 - 	864	-0.002182	-0.000037	0.000368
 - 	865	-0.002253	0.000079	0.000353
 - 	866	-0.002320	0.000208	0.000331
 - 	867	-0.002359	0.000356	0.000297
 - 	868	-0.002393	0.000512	0.000260
 - 	869	-0.002426	0.000676	0.000219
 - 	870	-0.002403	0.000821	0.000169
 - 	871	-0.002394	0.000938	0.000123
 - 	872	-0.002348	0.001014	0.000077
 - 	873	-0.002319	0.001062	0.000039
 - 	874	-0.002303	0.001082	0.000010
 - 	875	-0.002259	0.001078	-0.000017
 - 	876	-0.002252	0.001062	-0.000032
 - 	877	-0.002223	0.001036	-0.000044
 - 	878	-0.002176	0.000985	-0.000043
 - 	879	-0.002103	0.000922	-0.000034
 - 	880	-0.002017	0.000852	-0.000016
 - 	881	-0.001906	0.000768	0.000009
 - 	882	-0.001771	0.000684	0.000033
 - 	883	-0.001693	0.000601	0.000067
 - 	884	-0.001607	0.000515	0.000098
 - 	885	-0.001578	0.000424	0.000141
 - 	886	-0.001556	0.000329	0.000185
 - 	887	-0.001591	0.000246	0.000234
 - 	888	-0.001655	0.000178	0.000281
 - 	889	-0.001791	0.000122	0.000336
 - 	890	-0.001971	0.000074	0.000395
 - 	891	-0.002193	0.000025	0.000465
 - 	892	-0.002435	-0.000018	0.000541
 - 	893	-0.002676	-0.000051	0.000620
 - 	894	-0.002923	-0.000072	0.000704
 - 	895	-0.003119	-0.000086	0.000783
 - 	896	-0.003296	-0.000080	0.000856
 - 	897	-0.003418	-0.000056	0.000912
 - 	898	-0.003492	-0.000006	0.000937
 - 	899	-0.003468	0.000056	0.000930
 - 	900	-0.003344	0.000121	0.000888
 - 	901	-0.003081	0.000177	0.000807
 - 	902	-0.002731	0.000211	0.000706
 - 	903	-0.002305	0.000223	0.000585
 - 	904	-0.001853	0.000205	0.000462
 - 	905	-0.001421	0.000165	0.000346
 - 	906	-0.001026	0.000106	0.000242
 - 	907	-0.000714	0.000046	0.000148
 - 	908	-0.000486	-0.000007	0.000061
 - 	909	-0.000298	-0.000060	-0.000020
 - 	910	-0.000121	-0.000118	-0.000094
 - 	911	0.000045	-0.000184	-0.000152
 - 	912	0.000189	-0.000255	-0.000184
 - 	913	0.000284	-0.000312	-0.000201
 - 	914	0.000330	-0.000352	-0.000202
 - 	915	0.000309	-0.000367	-0.000194
 - 	916	0.000230	-0.000364	-0.000171
 - 	917	0.000107	-0.000345	-0.000140
 - 	918	-0.000028	-0.000313	-0.000108
 - 	919	-0.000167	-0.000271	-0.000078
 - 	920	-0.000296	-0.000221	-0.000054
 - 	921	-0.000406	-0.000165	-0.000040
 - 	922	-0.000495	-0.000106	-0.000035
 - 	923	-0.000580	-0.000054	-0.000017
 - 	924	-0.000672	-0.000014	0.000023
 - 	925	-0.000767	0.000022	0.000068
 - 	926	-0.000852	0.000059	0.000108
 - 	927	-0.000905	0.000099	0.000133
 - 	928	-0.000934	0.000133	0.000153
 - 	929	-0.000956	0.000156	0.000178
 - 	930	-0.000981	0.000169	0.000206
 - 	931	-0.001023	0.000170	0.000241
 - 	932	-0.001114	0.000167	0.000276
 - 	933	-0.001246	0.000162	0.000304
 - 	934	-0.001406	0.000163	0.000321
 - 	935	-0.001539	0.000163	0.000331
 - 	936	-0.001658	0.000172	0.000326
 - 	937	-0.001792	0.000191	0.000309
 - 	938	-0.001914	0.000205	0.000293
 - 	939	-0.002022	0.000210	0.000293
 - 	940	-0.002099	0.000206	0.000304
 - 	941	-0.002162	0.000199	0.000321
 - 	942	-0.002197	0.000191	0.000336
 - 	943	-0.002226	0.000182	0.000354
 - 	944	-0.002258	0.000173	0.000375
 - 	945	-0.002308	0.000167	0.000394
 - 	946	-0.002378	0.000166	0.000409
 - 	947	-0.002458	0.000166	0.000423
 - 	948	-0.002553	0.000173	0.000428
 - 	949	-0.002644	0.000192	0.000418
 - 	950	-0.002744	0.000219	0.000403
 - 	951	-0.002844	0.000246	0.000395
 - 	952	-0.002942	0.000266	0.000401
 - 	953	-0.002996	0.000288	0.000406
 - 	954	-0.003012	0.000311	0.000409
 - 	955	-0.002995	0.000344	0.000397
 - 	956	-0.002995	0.000384	0.000381
 - 	957	-0.003008	0.000433	0.000356
 - 	958	-0.003030	0.000488	0.000327
 - 	959	-0.003064	0.000555	0.000290
 - 	960	-0.003133	0.000629	0.000256
 - 	961	-0.003228	0.000706	0.000227
 - 	962	-0.003335	0.000771	0.000212
 - 	963	-0.003440	0.000815	0.000213
 - 	964	-0.003562	0.000846	0.000224
 - 	965	-0.003697	0.000865	0.000243
 - 	966	-0.003864	0.000885	0.000261
 - 	967	-0.004054	0.000888	0.000289
 - 	968	-0.004261	0.000893	0.000316
 - 	969	-0.004492	0.000894	0.000348
 - 	970	-0.004728	0.000891	0.000381
 - 	971	-0.004977	0.000887	0.000414
 - 	972	-0.005215	0.000870	0.000450
 - 	973	-0.005446	0.000853	0.000481
 - 	974	-0.005647	0.000833	0.000507
 - 	975	-0.005831	0.000800	0.000533
 - 	976	-0.005967	0.000752	0.000558
 - 	977	-0.006088	0.000690	0.000587
 - 	978	-0.006197	0.000622	0.000617
 - 	979	-0.006307	0.000549	0.000650
 - 	980	-0.006419	0.000493	0.000679
 - 	981	-0.006523	0.000464	0.000700
 - 	982	-0.006631	0.000464	0.000713
 - 	983	-0.006754	0.000494	0.000721
 - 	984	-0.006890	0.000534	0.000733
 - 	985	-0.007035	0.000571	0.000755
 - 	986	-0.007178	0.000600	0.000786
 - 	987	-0.007351	0.000618	0.000828
 - 	988	-0.007515	0.000621	0.000875
 - 	989	-0.007676	0.000599	0.000927
 - 	990	-0.007792	0.000550	0.000978
 - 	991	-0.007828	0.000474	0.001022
 - 	992	-0.007757	0.000372	0.001056
 - 	993	-0.007563	0.000262	0.001073
 - 	994	-0.007235	0.000140	0.001072
 - 	995	-0.006758	0.000032	0.001046
 - 	996	-0.006120	-0.000053	0.000991
 - 	997	-0.005321	-0.000116	0.000906
 - 	998	-0.004376	-0.000155	0.000790
 - 	999	-0.003303	-0.000176	0.000644
 - 	1000	-0.002148	-0.000174	0.000472
 - 	1001	-0.000968	-0.000147	0.000281
 - 	1002	0.000151	-0.000098	0.000086
 - 	1003	0.001136	-0.000033	-0.000097
 - 	1004	0.001905	0.000043	-0.000252
 - 	1005	0.002404	0.000144	-0.000368
 - 	1006	0.002605	0.000268	-0.000439
 - 	1007	0.002533	0.000416	-0.000468
 - 	1008	-0.006769	0.000686	0.001919
 - 	1009	-0.004711	0.000141	0.001784
 - 	1010	-0.001873	-0.000548	0.001535
 - 	1011	0.000985	-0.000939	0.001099
 - 	1012	0.003570	-0.001218	0.000650
 - 	1013	0.005541	-0.001255	0.000262
 - 	1014	0.006959	-0.001202	-0.000029
 - 	1015	0.008064	-0.000932	-0.000205
 - 	1016	0.008261	-0.000417	-0.000228
 - 	1017	0.008651	-0.000099	-0.000431
 - 	1018	0.009520	0.000144	-0.000775
 - 	1019	0.010838	0.000509	-0.001129
 - 	1020	0.012282	0.000976	-0.001637
 - 	1021	0.013963	0.001025	-0.002250
 - 	1022	0.016176	0.000870	-0.002878
 - 	1023	0.018638	0.000828	-0.003445
 - 	1024	0.020756	0.001195	-0.004012
 - 	1025	0.021887	0.001959	-0.004547
 - 	1026	0.022688	0.002838	-0.005103
 - 	1027	0.023608	0.003530	-0.005650
 - 	1028	0.024616	0.003830	-0.006224
 - 	1029	0.025255	0.004198	-0.006672
 - 	1030	0.025644	0.004697	-0.007013
 - 	1031	0.026153	0.005367	-0.007425
 - 	1032	0.026488	0.005975	-0.007785
 - 	1033	0.026813	0.006442	-0.008066
 - 	1034	0.026775	0.006822	-0.008196
 - 	1035	0.026954	0.006958	-0.008252
 - 	1036	0.027060	0.007032	-0.008324
 - 	1037	0.026744	0.007261	-0.008375
 - 	1038	0.026297	0.007636	-0.008431
 - 	1039	0.026132	0.007964	-0.008610
 - 	1040	0.025918	0.008515	-0.008766
 - 	1041	0.025666	0.008942	-0.008829
 - 	1042	0.025815	0.009459	-0.008938
 - 	1043	0.025622	0.010092	-0.009038
 - 	1044	0.025269	0.010700	-0.009119
 - 	1045	0.025281	0.011243	-0.009115
 - 	1046	0.025692	0.011593	-0.009162
 - 	1047	0.025947	0.012080	-0.009266
 - 	1048	0.026052	0.012575	-0.009365
 - 	1049	0.026075	0.013190	-0.009404
 - 	1050	0.025803	0.014069	-0.009384
 - 	1051	0.025723	0.014664	-0.009440
 - 	1052	0.025821	0.014892	-0.009512
 - 	1053	0.025861	0.014936	-0.009510
 - 	1054	0.025692	0.014978	-0.009390
 - 	1055	0.025897	0.015093	-0.009281
 - 	1056	0.026206	0.015374	-0.009224
 - 	1057	0.026108	0.015570	-0.009086
 - 	1058	0.026194	0.015412	-0.008968
 - 	1059	0.026229	0.015251	-0.008834
 - 	1060	0.025840	0.015214	-0.008639
 - 	1061	0.025516	0.015304	-0.008466
 - 	1062	0.025712	0.015160	-0.008364
 - 	1063	0.026007	0.014899	-0.008249
 - 	1064	0.026015	0.014890	-0.008093
 - 	1065	0.025798	0.014931	-0.007887
 - 	1066	0.025478	0.014893	-0.007649
 - 	1067	0.025131	0.014929	-0.007523
 - 	1068	0.024910	0.014964	-0.007405
 - 	1069	0.024571	0.015129	-0.007255
 - 	1070	0.024477	0.015265	-0.007111
 - 	1071	0.024259	0.015191	-0.006907
 - 	1072	0.023608	0.015233	-0.006677
 - 	1073	0.023020	0.015401	-0.006499
 - 	1074	0.022698	0.015520	-0.006324
 - 	1075	0.022376	0.015549	-0.006058
 - 	1076	0.022006	0.015436	-0.005854
 - 	1077	0.021642	0.015415	-0.005637
 - 	1078	0.021181	0.015263	-0.005374
 - 	1079	0.020622	0.015159	-0.005116
 - 	1080	0.020009	0.015045	-0.004859
 - 	1081	0.019537	0.015142	-0.004581
 - 	1082	0.019230	0.015331	-0.004331
 - 	1083	0.019003	0.015275	-0.004187
 - 	1084	0.018307	0.015119	-0.004031
 - 	1085	0.017297	0.014851	-0.003827
 - 	1086	0.016691	0.014886	-0.003620
 - 	1087	0.016392	0.015384	-0.003400
 - 	1088	0.015990	0.015819	-0.003203
 - 	1089	0.015664	0.015780	-0.003059
 - 	1090	0.015608	0.015643	-0.002965
 - 	1091	0.015353	0.015836	-0.002843
 - 	1092	0.015042	0.015891	-0.002716
 - 	1093	0.014743	0.015814	-0.002603
 - 	1094	0.014322	0.015896	-0.002395
 - 	1095	0.014166	0.015976	-0.002161
 - 	1096	0.013929	0.015845	-0.002036
 - 	1097	0.013753	0.015586	-0.001937
 - 	1098	0.013621	0.015782	-0.001780
 - 	1099	0.013366	0.016051	-0.001615
 - 	1100	0.013064	0.016008	-0.001577
 - 	1101	0.012983	0.015745	-0.001521
 - 	1102	0.012853	0.015596	-0.001375
 - 	1103	0.012617	0.015699	-0.001233
 - 	1104	0.012353	0.015790	-0.001159
 - 	1105	0.012001	0.015985	-0.001020
 - 	1106	0.011915	0.016141	-0.000915
 - 	1107	0.012123	0.016238	-0.000874
 - 	1108	0.012049	0.016308	-0.000765
 - 	1109	0.011800	0.016439	-0.000698
 - 	1110	0.011566	0.016775	-0.000595
 - 	1111	0.011207	0.017034	-0.000387
 - 	1112	0.010856	0.017036	-0.000233
 - 	1113	0.010339	0.017151	-0.000092
 - 	1114	0.009927	0.017416	0.000070
 - 	1115	0.009427	0.017533	0.000247
 - 	1116	0.008808	0.017568	0.000431
 - 	1117	0.008424	0.017514	0.000632
 - 	1118	0.008308	0.017569	0.000768
 - 	1119	0.008000	0.017697	0.000938
 - 	1120	0.007654	0.017638	0.001096
 - 	1121	0.007508	0.017524	0.001222
 - 	1122	0.007126	0.017565	0.001385
 - 	1123	0.006686	0.017616	0.001620
 - 	1124	0.006518	0.017791	0.001800
 - 	1125	0.006225	0.017836	0.001940
 - 	1126	0.005815	0.017891	0.002083
 - 	1127	0.005460	0.017901	0.002239
 - 	1128	0.005191	0.017929	0.002352
 - 	1129	0.005027	0.018140	0.002468
 - 	1130	0.005108	0.018207	0.002585
 - 	1131	0.005102	0.018282	0.002675
 - 	1132	0.004993	0.018438	0.002780
 - 	1133	0.005138	0.018580	0.002865
 - 	1134	0.005216	0.018556	0.002942
 - 	1135	0.005237	0.018382	0.002930
 - 	1136	0.005339	0.018353	0.002930
 - 	1137	0.005520	0.018448	0.003003
 - 	1138	0.005761	0.018406	0.003025
 - 	1139	0.005971	0.018197	0.003042
 - 	1140	0.006063	0.018117	0.003087
 - 	1141	0.006016	0.018148	0.003147
 - 	1142	0.006151	0.018012	0.003122
 - 	1143	0.006043	0.017815	0.003074
 - 	1144	0.005800	0.017732	0.003044
 - 	1145	0.005942	0.017701	0.003000
 - 	1146	0.006300	0.017653	0.002928
 - 	1147	0.006550	0.017635	0.002792
 - 	1148	0.006531	0.017694	0.002752
 - 	1149	0.006540	0.017835	0.002830
 - 	1150	0.006824	0.017915	0.002844
 - 	1151	0.007311	0.017852	0.002758
 - 	1152	0.007541	0.018051	0.002670
 - 	1153	0.007452	0.018245	0.002670
 - 	1154	0.007489	0.018348	0.002671
 - 	1155	0.007655	0.018379	0.002718
 - 	1156	0.007768	0.018309	0.002745
 - 	1157	0.007758	0.018323	0.002771
 - 	1158	0.007784	0.018325	0.002805
 - 	1159	0.007914	0.018229	0.002757
 - 	1160	0.007825	0.018016	0.002739
 - 	1161	0.007939	0.017889	0.002705
 - 	1162	0.008068	0.017859	0.002670
 - 	1163	0.008163	0.017835	0.002701
 - 	1164	0.008210	0.017770	0.002769
 - 	1165	0.008473	0.017591	0.002752
 - 	1166	0.008791	0.017416	0.002683
 - 	1167	0.009079	0.017131	0.002623
 - 	1168	0.009358	0.016894	0.002523
 - 	1169	0.009730	0.016834	0.002420
 - 	1170	0.010069	0.016604	0.002321
 - 	1171	0.010015	0.016448	0.002297
 - 	1172	0.010308	0.016080	0.002231
 - 	1173	0.010509	0.015441	0.002099
 - 	1174	0.010483	0.014805	0.002024
 - 	1175	0.010926	0.014328	0.001963
 - 	1176	0.011413	0.013752	0.001780
 - 	1177	0.011938	0.013323	0.001589
 - 	1178	0.012325	0.013002	0.001401
 - 	1179	0.012553	0.012726	0.001205
 - 	1180	0.012839	0.012445	0.000995
 - 	1181	0.013271	0.011889	0.000740
 - 	1182	0.013651	0.011316	0.000523
 - 	1183	0.013945	0.010747	0.000356
 - 	1184	0.014188	0.010208	0.000133
 - 	1185	0.014528	0.009550	-0.000171
 - 	1186	0.015129	0.008788	-0.000483
 - 	1187	0.015261	0.007954	-0.000709
 - 	1188	0.015153	0.007043	-0.000833
 - 	1189	0.015079	0.006434	-0.000908
 - 	1190	0.015038	0.005902	-0.000926
 - 	1191	0.015005	0.005284	-0.001019
 - 	1192	0.014708	0.004738	-0.001162
 - 	1193	0.014665	0.004229	-0.001177
 - 	1194	0.014497	0.003699	-0.001019
 - 	1195	0.013923	0.002977	-0.000810
 - 	1196	0.013384	0.002316	-0.000646
 - 	1197	0.012944	0.001862	-0.000481
 - 	1198	0.012580	0.001642	-0.000412
 - 	1199	0.012013	0.001420	-0.000381
 - 	1200	0.010988	0.000997	-0.000271
 - 	1201	0.010047	0.000661	-0.000142
 - 	1202	0.009315	0.000425	0.000075
 - 	1203	0.008354	0.000356	0.000280
 - 	1204	0.006937	0.000483	0.000381
 - 	1205	0.005758	0.000497	0.000394
 - 	1206	0.005002	0.000572	0.000355
 - 	1207	0.004116	0.000692	0.000346
 - 	1208	-0.004728	-0.000297	0.001327
 - 	1209	-0.004893	-0.000175	0.001315
 - 	1210	-0.004978	-0.000046	0.001271
 - 	1211	-0.004948	0.000070	0.001199
 - 	1212	-0.004804	0.000164	0.001108
 - 	1213	-0.004564	0.000231	0.001006
 - 	1214	-0.004242	0.000277	0.000892
 - 	1215	-0.003871	0.000301	0.000770
 - 	1216	-0.003476	0.000303	0.000650
 - 	1217	-0.003086	0.000288	0.000533
 - 	1218	-0.002738	0.000283	0.000404
 - 	1219	-0.002457	0.000288	0.000262
 - 	1220	-0.002230	0.000294	0.000119
 - 	1221	-0.002040	0.000293	-0.000015
 - 	1222	-0.001878	0.000290	-0.000143
 - 	1223	-0.001736	0.000283	-0.000260
 - 	1224	-0.001623	0.000273	-0.000360
 - 	1225	-0.001560	0.000277	-0.000457
 - 	1226	-0.001549	0.000292	-0.000544
 - 	1227	-0.001590	0.000328	-0.000635
 - 	1228	-0.001671	0.000368	-0.000703
 - 	1229	-0.001800	0.000410	-0.000743
 - 	1230	-0.001967	0.000452	-0.000758
 - 	1231	-0.002172	0.000497	-0.000755
 - 	1232	-0.002395	0.000545	-0.000747
 - 	1233	-0.002628	0.000591	-0.000726
 - 	1234	-0.002863	0.000633	-0.000697
 - 	1235	-0.003089	0.000674	-0.000672
 - 	1236	-0.003303	0.000710	-0.000642
 - 	1237	-0.003494	0.000743	-0.000607
 - 	1238	-0.003660	0.000771	-0.000566
 - 	1239	-0.003824	0.000794	-0.000511
 - 	1240	-0.003976	0.000818	-0.000462
 - 	1241	-0.004141	0.000844	-0.000412
 - 	1242	-0.004311	0.000872	-0.000364
 - 	1243	-0.004499	0.000904	-0.000319
 - 	1244	-0.004700	0.000938	-0.000276
 - 	1245	-0.004899	0.000973	-0.000236
 - 	1246	-0.005097	0.001006	-0.000203
 - 	1247	-0.005288	0.001039	-0.000179
 - 	1248	-0.005471	0.001069	-0.000157
 - 	1249	-0.005636	0.001097	-0.000136
 - 	1250	-0.005782	0.001128	-0.000119
 - 	1251	-0.005913	0.001161	-0.000104
 - 	1252	-0.006038	0.001203	-0.000097
 - 	1253	-0.006155	0.001245	-0.000089
 - 	1254	-0.006259	0.001282	-0.000073
 - 	1255	-0.006343	0.001314	-0.000061
 - 	1256	-0.006416	0.001338	-0.000049
 - 	1257	-0.006481	0.001348	-0.000033
 - 	1258	-0.006530	0.001341	-0.000011
 - 	1259	-0.006583	0.001312	0.000027
 - 	1260	-0.006646	0.001275	0.000066
 - 	1261	-0.006732	0.001241	0.000100
 - 	1262	-0.006856	0.001214	0.000133
 - 	1263	-0.007028	0.001198	0.000165
 - 	1264	-0.007225	0.001178	0.000214
 - 	1265	-0.007431	0.001154	0.000274
 - 	1266	-0.007618	0.001121	0.000346
 - 	1267	-0.007776	0.001081	0.000425
 - 	1268	-0.007899	0.001032	0.000514
 - 	1269	-0.007974	0.000978	0.000608
 - 	1270	-0.007999	0.000913	0.000710
 - 	1271	-0.007987	0.000838	0.000815
 - 	1272	-0.007985	0.000748	0.000929
 - 	1273	-0.008024	0.000638	0.001057
 - 	1274	-0.008069	0.000530	0.001169
 - 	1275	-0.008080	0.000443	0.001240
 - 	1276	-0.008033	0.000380	0.001272
 - 	1277	-0.007916	0.000328	0.001283
 - 	1278	-0.007722	0.000283	0.001280
 - 	1279	-0.007466	0.000234	0.001278
 - 	1280	-0.007199	0.000195	0.001269
 - 	1281	-0.006995	0.000180	0.001243
 - 	1282	-0.006920	0.000195	0.001197
 - 	1283	-0.006981	0.000231	0.001142
 - 	1284	-0.007143	0.000266	0.001094
 - 	1285	-0.007356	0.000286	0.001068
 - 	1286	-0.007557	0.000297	0.001055
 - 	1287	-0.007687	0.000313	0.001044
 - 	1288	-0.007718	0.000343	0.001027
 - 	1289	-0.007707	0.000373	0.001017
 - 	1290	-0.007721	0.000409	0.001019
 - 	1291	-0.007814	0.000451	0.001040
 - 	1292	-0.008011	0.000516	0.001071
 - 	1293	-0.008286	0.000594	0.001123
 - 	1294	-0.008583	0.000660	0.001202
 - 	1295	-0.008880	0.000697	0.001313
 - 	1296	-0.009186	0.000724	0.001433
 - 	1297	-0.009504	0.000751	0.001544
 - 	1298	-0.009817	0.000810	0.001611
 - 	1299	-0.010103	0.000910	0.001612
 - 	1300	-0.010297	0.001066	0.001528
 - 	1301	-0.010277	0.001228	0.001374
 - 	1302	-0.009917	0.001374	0.001160
 - 	1303	-0.009167	0.001487	0.000902
 - 	1304	-0.008097	0.001573	0.000619
 - 	1305	-0.006861	0.001630	0.000342
 - 	1306	-0.005626	0.001655	0.000097
 - 	1307	-0.004532	0.001636	-0.000091
 - 	1308	-0.003657	0.001571	-0.000208
 - 	1309	-0.003005	0.001451	-0.000254
 - 	1310	-0.002549	0.001291	-0.000242
 - 	1311	-0.002260	0.001116	-0.000191
 - 	1312	-0.002088	0.000939	-0.000117
 - 	1313	-0.001991	0.000777	-0.000037
 - 	1314	-0.001928	0.000630	0.000039
 - 	1315	-0.001881	0.000508	0.000104
 - 	1316	-0.001846	0.000407	0.000154
 - 	1317	-0.001812	0.000336	0.000188
 - 	1318	-0.001786	0.000292	0.000206
 - 	1319	-0.001766	0.000273	0.000213
 - 	1320	-0.001754	0.000285	0.000207
 - 	1321	-0.001752	0.000329	0.000190
 - 	1322	-0.001749	0.000395	0.000167
 - 	1323	-0.001735	0.000478	0.000137
 - 	1324	-0.001693	0.000551	0.000109
 - 	1325	-0.001631	0.000614	0.000083
 - 	1326	-0.001555	0.000676	0.000056
 - 	1327	-0.001474	0.000736	0.000030
 - 	1328	-0.001394	0.000791	0.000007
 - 	1329	-0.001302	0.000830	-0.000013
 - 	1330	-0.001196	0.000838	-0.000027
 - 	1331	-0.001073	0.000821	-0.000037
 - 	1332	-0.000948	0.000789	-0.000042
 - 	1333	-0.000842	0.000740	-0.000038
 - 	1334	-0.000767	0.000674	-0.000027
 - 	1335	-0.000726	0.000590	-0.000009
 - 	1336	-0.000715	0.000496	0.000011
 - 	1337	-0.000724	0.000381	0.000032
 - 	1338	-0.000747	0.000255	0.000051
 - 	1339	-0.000775	0.000120	0.000069
 - 	1340	-0.000798	-0.000019	0.000085
 - 	1341	-0.000797	-0.000161	0.000095
 - 	1342	-0.000770	-0.000300	0.000099
 - 	1343	-0.000701	-0.000436	0.000098
 - 	1344	-0.000591	-0.000553	0.000089
 - 	1345	-0.000448	-0.000651	0.000076
 - 	1346	-0.000268	-0.000724	0.000060
 - 	1347	-0.000049	-0.000788	0.000040
 - 	1348	0.000215	-0.000835	0.000018
 - 	1349	0.000506	-0.000866	-0.000008
 - 	1350	0.000806	-0.000870	-0.000038
 - 	1351	0.001096	-0.000856	-0.000069
 - 	1352	0.001361	-0.000822	-0.000099
 - 	1353	0.001593	-0.000773	-0.000126
 - 	1354	0.001766	-0.000711	-0.000148
 - 	1355	0.001873	-0.000648	-0.000163
 - 	1356	0.001911	-0.000582	-0.000171
 - 	1357	0.001882	-0.000511	-0.000172
 - 	1358	0.001781	-0.000441	-0.000165
 - 	1359	0.001614	-0.000369	-0.000150
 - 	1360	0.001391	-0.000300	-0.000130
 - 	1361	0.001127	-0.000232	-0.000105
 - 	1362	0.000841	-0.000170	-0.000078
 - 	1363	0.000541	-0.000116	-0.000049
 - 	1364	0.000234	-0.000071	-0.000020
 - 	1365	-0.000079	-0.000027	0.000010
 - 	1366	-0.000379	0.000010	0.000037
 - 	1367	-0.000652	0.000050	0.000062
 - 	1368	-0.000886	0.000083	0.000083
 - 	1369	-0.001081	0.000119	0.000101
 - 	1370	-0.001228	0.000130	0.000114
 - 	1371	-0.001326	0.000120	0.000124
 - 	1372	-0.001371	0.000093	0.000128
 - 	1373	-0.001372	0.000064	0.000127
 - 	1374	-0.001340	0.000039	0.000122
 - 	1375	-0.001279	0.000012	0.000114
 - 	1376	-0.001194	-0.000024	0.000104
 - 	1377	-0.001096	-0.000058	0.000092
 - 	1378	-0.000992	-0.000088	0.000079
 - 	1379	-0.000885	-0.000113	0.000066
 - 	1380	-0.000775	-0.000138	0.000054
 - 	1381	-0.000663	-0.000167	0.000043
 - 	1382	-0.000560	-0.000200	0.000034
 - 	1383	-0.000461	-0.000235	0.000027
 - 	1384	-0.000372	-0.000271	0.000022
 - 	1385	-0.000287	-0.000302	0.000019
 - 	1386	-0.000213	-0.000318	0.000018
 - 	1387	-0.000157	-0.000320	0.000018
 - 	1388	-0.000116	-0.000308	0.000019
 - 	1389	-0.000091	-0.000294	0.000020
 - 	1390	-0.000073	-0.000284	0.000020
 - 	1391	-0.000072	-0.000272	0.000019
 - 	1392	-0.000080	-0.000259	0.000018
 - 	1393	-0.000104	-0.000245	0.000016
 - 	1394	-0.000140	-0.000225	0.000016
 - 	1395	-0.000175	-0.000213	0.000016
 - 	1396	-0.000208	-0.000199	0.000017
 - 	1397	-0.000236	-0.000183	0.000018
 - 	1398	-0.000264	-0.000155	0.000020
 - 	1399	-0.000299	-0.000130	0.000023
 - 	1400	-0.000342	-0.000097	0.000027
 - 	1401	-0.000391	-0.000076	0.000032
 - 	1402	-0.000444	-0.000064	0.000036
 - 	1403	-0.000494	-0.000053	0.000041
 - 	1404	-0.000536	-0.000057	0.000044
 - 	1405	-0.000569	-0.000066	0.000047
 - 	1406	-0.000595	-0.000081	0.000049
 - 	1407	-0.000620	-0.000100	0.000050
 - 	1408	-0.000639	-0.000110	0.000051
 - 	1409	-0.000647	-0.000104	0.000052
 - 	1410	-0.000649	-0.000097	0.000054
 - 	1411	-0.000641	-0.000096	0.000054
 - 	1412	-0.000614	-0.000110	0.000054
 - 	1413	-0.000574	-0.000132	0.000052
 - 	1414	-0.000530	-0.000161	0.000049
 - 	1415	-0.000497	-0.000185	0.000047
 - 	1416	-0.000471	-0.000205	0.000044
 - 	1417	-0.000454	-0.000224	0.000042
 - 	1418	-0.000445	-0.000235	0.000041
 - 	1419	-0.000449	-0.000247	0.000040
 - 	1420	-0.000449	-0.000258	0.000040
 - 	1421	-0.000443	-0.000269	0.000039
 - 	1422	-0.000429	-0.000271	0.000038
 - 	1423	-0.000420	-0.000262	0.000037
 - 	1424	-0.000427	-0.000243	0.000037
 - 	1425	-0.000452	-0.000225	0.000039
 - 	1426	-0.000493	-0.000204	0.000041
 - 	1427	-0.000539	-0.000183	0.000043
 - 	1428	-0.000581	-0.000151	0.000046
 - 	1429	-0.000610	-0.000123	0.000048
 - 	1430	-0.000631	-0.000098	0.000049
 - 	1431	-0.000647	-0.000082	0.000049
 - 	1432	-0.000654	-0.000070	0.000048
 - 	1433	-0.000646	-0.000055	0.000048
 - 	1434	-0.000624	-0.000051	0.000046
 - 	1435	-0.000604	-0.000062	0.000046
 - 	1436	-0.000585	-0.000086	0.000047
 - 	1437	-0.000570	-0.000122	0.000048
 - 	1438	-0.000543	-0.000155	0.000049
 - 	1439	-0.000501	-0.000185	0.000047
 - 	1440	-0.000458	-0.000196	0.000045
 - 	1441	-0.000419	-0.000193	0.000042
 - 	1442	-0.000398	-0.000184	0.000040
 - 	1443	-0.000400	-0.000179	0.000038
 - 	1444	-0.000420	-0.000188	0.000037
 - 	1445	-0.000444	-0.000192	0.000037
 - 	1446	-0.000471	-0.000195	0.000037
 - 	1447	-0.000505	-0.000198	0.000039
 - 	1448	-0.000550	-0.000204	0.000041
 - 	1449	-0.000600	-0.000216	0.000043
 - 	1450	-0.000651	-0.000241	0.000046
 - 	1451	-0.000700	-0.000258	0.000050
 - 	1452	-0.000739	-0.000265	0.000054
 - 	1453	-0.000747	-0.000263	0.000056
 - 	1454	-0.000732	-0.000253	0.000058
 - 	1455	-0.000712	-0.000232	0.000060
 - 	1456	-0.000694	-0.000194	0.000061
 - 	1457	-0.000673	-0.000152	0.000063
 - 	1458	-0.000650	-0.000106	0.000064
 - 	1459	-0.000633	-0.000070	0.000065
 - 	1460	-0.000630	-0.000042	0.000066
 - 	1461	-0.000635	-0.000028	0.000067
 - 	1462	-0.000650	-0.000016	0.000067
 - 	1463	-0.000666	-0.000012	0.000066
 - 	1464	-0.000680	-0.000017	0.000065
 - 	1465	-0.000689	-0.000030	0.000065
 - 	1466	-0.000693	-0.000054	0.000065
 - 	1467	-0.000694	-0.000085	0.000063
 - 	1468	-0.000702	-0.000116	0.000061
 - 	1469	-0.000719	-0.000154	0.000060
 - 	1470	-0.000732	-0.000188	0.000058
 - 	1471	-0.000730	-0.000226	0.000055
 - 	1472	-0.000720	-0.000259	0.000054
 - 	1473	-0.000705	-0.000285	0.000053
 - 	1474	-0.000693	-0.000295	0.000053
 - 	1475	-0.000683	-0.000297	0.000053
 - 	1476	-0.000678	-0.000285	0.000055
 - 	1477	-0.000667	-0.000267	0.000055
 - 	1478	-0.000650	-0.000244	0.000056
 - 	1479	-0.000639	-0.000216	0.000057
 - 	1480	-0.000635	-0.000184	0.000059
 - 	1481	-0.000637	-0.000147	0.000060
 - 	1482	-0.000639	-0.000110	0.000061
 - 	1483	-0.000649	-0.000081	0.000061
 - 	1484	-0.000664	-0.000073	0.000061
 - 	1485	-0.000682	-0.000079	0.000060
 - 	1486	-0.000693	-0.000106	0.000060
 - 	1487	-0.000693	-0.000136	0.000060
 - 	1488	-0.000687	-0.000162	0.000061
 - 	1489	-0.000680	-0.000181	0.000061
 - 	1490	-0.000670	-0.000198	0.000062
 - 	1491	-0.000661	-0.000207	0.000062
 - 	1492	-0.000661	-0.000216	0.000060
 - 	1493	-0.000679	-0.000220	0.000059
 - 	1494	-0.000709	-0.000228	0.000056
 - 	1495	-0.000743	-0.000226	0.000055
 - 	1496	-0.000769	-0.000233	0.000054
 - 	1497	-0.000776	-0.000243	0.000054
 - 	1498	-0.000763	-0.000246	0.000055
 - 	1499	-0.000739	-0.000246	0.000057
 - 	1500	-0.000721	-0.000230	0.000059
 - 	1501	-0.000710	-0.000203	0.000061
 - 	1502	-0.000713	-0.000177	0.000064
 - 	1503	-0.000719	-0.000158	0.000066
 - 	1504	-0.000731	-0.000145	0.000067
 - 	1505	-0.000740	-0.000137	0.000068
 - 	1506	-0.000742	-0.000130	0.000069
 - 	1507	-0.000739	-0.000114	0.000069
 - 	1508	-0.000733	-0.000094	0.000070
 - 	1509	-0.000727	-0.000077	0.000070
 - 	1510	-0.000716	-0.000060	0.000070
 - 	1511	-0.000701	-0.000051	0.000069
 - 	1512	-0.000685	-0.000050	0.000069
 - 	1513	-0.000676	-0.000049	0.000067
 - 	1514	-0.000684	-0.000061	0.000068
 - 	1515	-0.000701	-0.000076	0.000069
 - 	1516	-0.000727	-0.000093	0.000065
 - 	1517	-0.000765	-0.000119	0.000062
 - 	1518	-0.000815	-0.000153	0.000059
 - 	1519	-0.000863	-0.000190	0.000055
 - 	1520	-0.000881	-0.000240	0.000053
 - 	1521	-0.000856	-0.000299	0.000052
 - 	1522	-0.000810	-0.000358	0.000052
 - 	1523	-0.000771	-0.000397	0.000054
 - 	1524	-0.000749	-0.000410	0.000057
 - 	1525	-0.000737	-0.000397	0.000060
 - 	1526	-0.000736	-0.000375	0.000063
 - 	1527	-0.000733	-0.000337	0.000064
 - 	1528	-0.000726	-0.000291	0.000066
 - 	1529	-0.000712	-0.000246	0.000067
 - 	1530	-0.000701	-0.000197	0.000068
 - 	1531	-0.000704	-0.000144	0.000069
 - 	1532	-0.000725	-0.000095	0.000070
 - 	1533	-0.000750	-0.000061	0.000071
 - 	1534	-0.000767	-0.000038	0.000072
 - 	1535	-0.000768	-0.000035	0.000072
 - 	1536	-0.000761	-0.000050	0.000072
 - 	1537	-0.000757	-0.000073	0.000072
 - 	1538	-0.000769	-0.000100	0.000072
 - 	1539	-0.000797	-0.000128	0.000073
 - 	1540	-0.000837	-0.000153	0.000074
 - 	1541	-0.000874	-0.000183	0.000074
 - 	1542	-0.000896	-0.000219	0.000074
 - 	1543	-0.000913	-0.000245	0.000073
 - 	1544	-0.000910	-0.000246	0.000072
 - 	1545			
 - 	1546			
